180
1192
1623
2134
3025
3827
4368
4999
6332
7243
7944
9017
9588
10088
10740
11291
12764
14086
14918
15819
16790
17412
18333
19225
19897
20538
21158
21850
22692
22952
23663
24545
26348
27811
28893
30065
31057
18023
16541
17542
20077
17973
18454
18935
19345
19696
20227
20527
20949
21389
21680
22031
22461
30025
23193
23453
23804
24224
24575
24956
25196
25707
42818
27811
27581
32269
37720
43940
30055
30807
31097
31959
32360
33101
33472
34052
34614
71982
80087
93512
82612
83614
112026
134396
130960
139225
134276
59709
52607
41096
41356
41637
42167
42668
42899
43319
43891
44271
44582
44953
45534
45724
46025
46405
46826
47367
55602
48018
48348
48770
49090
49191
49761
50132
50573
50943
51194
51605
51995
52296
52506
53087
53338
53959
64137
54610
54780
55351
56594
57515
58317
59008
59519
60541
61052
61853
62615
62825
63848
71280
65330
65740
66301
67354
67804
68245
68866
69107
69758
70449
70700
71501
72724
93421
73335
73735
74046
74807
75038
75499
76119
76590
77051
77552
85497
78424
79005
79185
79836
80457
80838
81229
81750
82240
82612
82902
98901
84094
84626
84905
85106
85867
86298
86719
87530
87811
93952
88933
88983
89554
90065
90466
90887
91437
91668
91968
102688
93912
93461
93842
94252
94664
94884
95525
95996
96156
112406
97099
97229
97740
97880
98480
98942
99221
99622
115272
100725
100885
101406
101456
101967
102227
102568
103039
111564
104060
104432
104762
105203
105664
105794
106275
106666
110813
107317
108008
108219
108509
108879
109531
109711
111133
110613
110843
111154
111595
111915
112275
112807
113097
117776
114009
114420
114680
115392
115522
117616
121683
123747
120381
120962
121863
122755
123446
123998
128917
125911
126091
127183
127934
128385
129127
130299
130419
131260
131641
132703
133064
133514
134647
135198
135678
136049
136851
137151
138033
156026
189778
190109
154894
141119
142030
146619
143012
143594
144224
144635
145426
149043
146649
147180
147761
148261
148632
149414
153351
150235
151077
151849
152118
152670
156367
153902
154494
155314
155475
156206
160034
157058
157188
157980
158741
158971
163450
160364
160704
161215
161566
162307
165613
163330
163530
164361
164642
168209
165393
166065
166806
167427
168028
172938
168960
169491
169832
169962
174570
171334
171394
171995
172657
172817
177014
174150
174329
174851
175301
180260
176334
176794
177265
177575
182234
178658
179499
179590
180090
180240
184398
181453
182024
182144
182855
187253
184308
184618
184699
185400
189087
186622
186612
187013
187274
192222
189036
189267
189618
189747
194547
191171
191431
191802
192082
196260
193054
193605
194577
197852
194687
194707
195739
196039
200377
196911
197382
197773
197802
202451
198955
199165
199275
200267
204264
201039
201350
201750
205557
202311
202882
203112
203292
207751
204515
204746
205086
209244
205948
206228
206609
207320
211828
208312
208542
208783
213782
209784
210596
210255
219222
221185
211978
211809
212419
216828
213171
213371
213582
214113
219262
215184
215976
215926
220114
216878
217258
217639
221456
218761
219051
219323
219702
219783
220514
220825
221166
225634
222448
222878
223390
226575
223840
224391
224141
228489
225353
226005
226184
230843
227186
227678
227707
232226
228519
229080
229411
233198
230312
230803
231274
234790
231995
232386
232416
234140
233448
233768
234480
234850
235181
235431
235763
240180
236464
237255
237426
241773
238077
239008
239018
243356
239249
240431
240501
252533
245250
244388
245410
251751
247494
248034
249257
253825
251661
252133
257081
253846
255068
255168
260337
257231
257702
258744
263633
263182
262281
266909
262641
263834
264415
269013
266168
266479
271738
268072
269174
269424
275666
270947
271488
275876
272780
273732
273972
277809
276657
275716
281056
277329
278010
278541
282518
279993
280795
285694
281837
282778
287227
284041
284652
285633
285875
286606
287097
291965
288349
288730
293588
290593
291244
295021
292265
292927
297595
294290
294921
295612
300120
296563
297726
303156
298567
299920
303516
300130
301032
305460
302515
302514
307504
304007
304408
309127
306031
306492
311020
307273
307784
312092
308937
309518
314226
310560
310930
318775
312262
313335
318234
314807
340454
320658
315879
316320
321649
317903
318634
323574
319656
320508
325457
321079
321509
326408
322592
324114
328863
324545
325276
328993
325997
326077
331418
328142
328562
332460
329424
333572
330566
330966
335846
332239
332910
337528
333852
334533
338981
335515
336968
340684
337008
337439
337659
338531
343169
339112
339883
344912
341756
340885
354370
342538
343569
347588
344402
348730
345764
345724
350462
346816
347357
352195
348148
352667
349360
349842
353508
350853
351063
355491
352055
356453
353779
353618
358066
354991
355582
359018
355452
359830
356824
357816
361523
357645
358448
363296
359369
365310
361242
361183
366021
362284
367303
363267
363837
368496
364859
364999
370299
365661
370880
367133
368476
372343
369487
373545
369998
370299
378153
371572
376541
372093
372333
377021
373975
378294
375088
376010
379586
376570
381590
377532
377763
382421
379516
383974
382171
380237
386398
382371
386468
382121
382943
386479
384365
387670
385637
386148
389624
386288
390425
387110
390075
389033
389053
392861
390256
393702
391438
391468
396828
392960
396007
393551
393611
394513
395185
398250
395084
400153
395996
396486
401196
397478
401516
398871
401877
399312
400755
403991
400504
404993
402217
406225
402829
403269
407327
404612
407608
404802
409701
405944
405904
410713
407177
411965
408599
412316
409120
409231
414049
409611
414429
410913
415000
411725
411745
413007
413328
417756
413859
418236
415081
418807
416033
415823
420050
416433
420902
417565
421963
418418
422565
419068
419700
423686
420571
425290
421102
426772
422815
426652
423066
423526
424128
424137
428706
426461
428565
425490
430419
426582
431171
427173
427133
432493
428776
434226
429227
433474
429998
434998
431081
436340
432213
438414
432664
433785
438734
434687
439215
435729
439546
435579
440999
437352
441529
437202
443363
438895
438534
442421
439696
443734
440638
444174
441490
445427
442762
446839
442572
449965
443743
447300
443603
448042
445357
445757
448562
446138
450917
447040
451578
448182
452690
449514
453050
449815
454954
450986
455725
451929
456056
452860
457208
453742
457599
454904
458200
455425
456396
455886
456698
460334
457880
461746
458521
462047
458811
463981
460404
464040
460445
465493
461125
466556
462598
466365
463169
467227
463961
469440
465043
469841
466044
471565
466755
469882
466786
471384
467988
473078
469611
474179
469641
473999
470903
474180
471274
475953
471595
475723
472897
477325
473699
478577
476163
479780
476273
480011
476785
481002
478277
482695
478077
482425
479149
484237
481162
484639
481032
486322
481522
486362
482184
486452
483527
483647
488857
484879
488906
485170
489688
486382
491180
487413
491962
487895
491802
488787
493235
489698
494045
490890
495308
491321
495498
492353
496490
493204
497262
494326
493756
498574
495077
499276
495509
500638
496991
500979
498153
502050
498734
501950
499476
503644
500538
515095
510125
505216
510016
507391
522137
509514
515004
512109
517769
514052
518560
517118
518020
521246
518712
523300
520695
525434
522388
527437
524582
525403
529812
526445
532387
528850
532867
530452
535091
535822
532726
537486
534961
538647
535952
541553
541602
537746
544068
540470
545520
541092
545691
547854
543597
548505
545861
549468
547634
551111
551742
549638
553996
551151
558294
555289
551852
564444
554367
558915
556009
559866
560448
557782
562632
559395
564776
564866
562351
565697
563113
567651
572179
565877
569124
566429
570106
571608
569163
574383
574033
570025
574814
571047
577709
577910
573602
579252
575125
579302
581195
576707
580704
581716
578911
584221
580735
585314
587918
582257
587237
584221
587788
589762
586215
590232
590813
587858
591805
589701
594129
594339
591434
595381
595672
592176
597876
594771
598628
599970
595982
600371
602244
598398
603386
603847
600511
605230
601904
606953
606593
603627
608656
611371
605740
609718
611021
607865
612412
608806
609508
614587
611541
616040
616470
612904
616440
617973
614397
619797
619746
616230
620568
622691
618374
622762
625808
620147
625247
625718
622531
627150
627751
623614
628342
629123
626178
634554
627851
628222
633051
629314
629394
634944
631217
631808
637098
636096
633121
638741
638501
635195
639673
640614
636848
640645
642788
638922
643379
644311
640194
645113
646025
641506
647447
647177
644050
648329
649872
645604
650102
652005
647547
648539
652697
652226
649571
655753
655852
651645
656424
657386
654179
657585
659128
654920
659109
659369
660881
657606
662395
665811
659549
663827
664448
661222
665280
666662
665319
663426
668506
668646
665290
670008
670259
667113
667664
671471
672222
669077
674096
675479
671591
674867
676410
676080
673835
678725
678684
674377
691638
680858
681269
677823
682101
682391
679927
682822
683874
685166
681279
685146
687721
687270
683122
688823
688342
685006
688943
690225
690837
687781
692911
691027
692059
689054
694283
694033
691197
695475
698140
696678
694012
697629
697750
698781
694944
699793
700925
700685
697048
702118
703089
698751
700114
703229
704902
701567
706245
705653
706365
703831
708459
709501
708890
705373
710502
711084
710813
709501
714079
712637
713327
710373
715081
714380
714149
712627
716544
717395
717405
713828
718908
720591
720661
716293
716684
721523
722284
722504
719319
723637
726522
725240
720191
726352
727304
726993
724649
728276
729858
728475
725881
730239
730930
730689
739776
727644
733174
733245
732663
729167
739556
735198
736109
732734
732233
736550
738354
738193
734216
739235
739967
739887
736851
737102
742351
741329
741299
737322
742622
744024
744545
743092
740899
745367
745046
745827
742732
746869
747050
747481
749104
744705
750115
749985
753171
751729
748713
752119
753080
753071
755245
750927
755515
757108
757890
757749
753241
764411
760966
759743
760244
757489
761276
762318
761937
762097
760003
763039
765183
765404
766335
761666
767307
766676
767557
767617
765092
768419
769471
769621
768840
766194
770673
772286
773018
772587
774990
769521
774850
774611
777125
776273
772457
776644
779550
778687
778297
779589
776063
778748
780100
780501
780872
778087
781783
783577
783427
783747
783697
781303
785320
785610
787614
786853
786683
783186
791681
788115
790669
789878
790840
787404
792062
792773
792303
793445
793365
789768
796150
797302
798854
796270
797202
793956
798153
798685
798534
799997
800067
796871
797162
801740
802311
802441
803333
803544
800348
806569
811588
812830
814884
806559
807180
803733
810887
809434
808603
809464
810346
806730
807370
811317
812570
811938
812219
815375
810396
811338
814734
816346
816407
816487
817058
815265
813732
818260
819653
819502
819833
820745
819552
816978
820004
821286
822839
823440
829571
834611
820554
820685
832086
825463
828880
830262
832857
827657
824682
824993
838207
834590
830001
838858
839379
841773
832206
829401
833649
838528
833949
834170
835332
836253
838407
833518
837305
837866
837456
837585
838207
839109
839218
836694
836454
840471
840982
841633
842895
843316
844348
845680
842164
840391
851861
846292
846923
846502
847244
847393
847083
849087
845009
848505
850138
850168
851411
851251
851481
851952
853856
849648
849888
853946
854006
855048
855047
855388
857602
857452
856370
859566
853905
859637
858565
858033
859034
859606
865627
859917
862772
861709
859276
858905
862952
863944
864555
864415
864204
865066
871949
866619
867200
865818
863554
867781
866619
868142
868963
868934
869585
870085
875095
871098
871207
872269
868162
870246
872570
873251
873572
874032
875515
875816
876286
875345
875906
877769
877699
874082
878771
879182
879853
882237
880314
881025
882378
879753
883119
882348
883289
882177
881917
879733
886055
884892
885553
885283
886496
886214
887317
886255
888249
887657
889541
892417
895061
890122
887207
887758
890984
891044
892947
894410
892626
915088
893568
894189
894520
895542
896374
896554
898267
897115
898437
898046
897275
894520
898688
900161
902364
900111
901773
902244
904659
902024
904669
903446
904248
905290
907935
904719
905831
906362
906672
1065253
911702
910159
908055
923453
909708
912012
962946
917362
909448
907684
957506
916039
911442
913465
913144
912422
943119
978975
914827
914517
916650
929715
979706
918915
917642
919125
918905
928923
920027
922792
920788
920537
920848
1045297
922461
921910
923994
922512
922993
923152
973305
929384
924565
944010
975529
932069
925967
926869
926709
928012
927701
976801
935585
928723
929494
930637
994403
930677
931728
933602
936096
933201
992149
943209
936296
935785
935646
985487
937179
939422
937278
937549
942028
993552
941336
940805
940514
942899
1015241
941797
942558
942157
942588
942788
1016423
944622
944241
944833
945784
984145
946946
946836
947878
947958
948259
1002588
950823
949301
950203
950333
949922
952096
951644
951654
951946
953869
967895
954069
956404
956914
955993
960521
961914
956664
958458
959950
959520
973384
959469
959419
962174
963256
967213
960771
960902
961363
968305
967083
1160929
965721
965610
965771
966422
966812
967695
968065
968035
968676
968837
982611
968135
969397
969277
969618
969848
971101
975699
972653
972042
972823
987661
972634
973415
973966
974476
975378
975208
976220
975568
976351
978314
992650
977372
977582
975829
978294
979996
984685
981069
981870
982291
1000304
982141
983353
985146
984224
998821
983964
1041980
995275
986569
986038
1040367
987049
988722
986038
989424
988343
988903
988282
989334
991468
991347
1005082
991648
993762
994213
992890
995145
995546
995545
996186
995094
1294333
998130
998931
1002098
998420
998141
998832
1000885
1001085
1002708
1001386
1015672
1002969
1001847
1002929
1071925
1003009
1012215
1004773
1004943
1005213
1059553
1006636
1005243
1006315
1006575
1008368
1012546
1009410
1008149
1008409
1116898
1009180
1010482
1009641
1010863
1011775
1011765
1011855
1012957
1013939
1017045
1029949
1014851
1015692
1015692
1016915
1016674
1017266
1016714
1017124
1017576
1033365
1019278
1020051
1021873
1020241
1022024
1024308
1022104
1054744
1023216
1038404
1024619
1036190
1028045
1026633
1025360
1101590
1027253
1058140
1026582
1361797
1028456
1027494
1028175
1032994
1107521
1033485
1031561
1031541
1033204
1116647
1032493
1032644
1031821
1052229
1036110
1035388
1036050
1037091
1037883
1050947
1039105
1035769
1037081
1039546
1042631
1040458
1041399
1045126
1042722
1055435
1043293
1066786
1064492
1054002
1049334
1053652
1060474
1062999
1058431
1351998
1059082
1061226
1069341
1061296
1060043
1063149
1064341
1064732
1069931
1086372
1072887
1070763
1074229
1071936
1072827
1075883
1072627
1076554
1077776
1096761
1078868
1079990
1080821
1082545
1082084
1087013
1085110
1084528
1086001
1109565
1091912
1094647
1094767
1095618
1092323
1093475
1091692
1094467
1286419
1097983
1096661
1097593
1103433
1102782
1103072
1100388
1103523
1102692
1120945
1105106
1106378
1200811
1108071
1109945
1108453
1110977
1115205
1167391
1112730
1112690
1115295
1118861
1115996
1115465
1116897
1120315
1118381
1123109
1120204
1122388
1123049
1124402
1129341
1124211
1124632
1126125
1139429
1133468
1128058
1129120
1130573
1131534
1132045
1135622
1132206
1148055
1133779
1134881
1139049
1137195
1136514
1138898
1139670
1142855
1163533
1144268
1142665
1144117
1145901
1154366
1145761
1146532
1146332
1148465
1208065
1150600
1150740
1154437
1151661
1152884
1152934
1153655
1154447
1170346
1155689
1157442
1160518
1158394
1160998
1160057
1160046
1164935
1177819
1164565
1164104
1168021
1165948
1165677
1167461
1171538
1169123
1501483
1173061
1171427
1171357
1173282
1173131
1173331
1174574
1175685
1234042
1176437
1176838
1183690
1179392
1178741
1181086
1180514
1180985
1199238
1182047
1183590
1188830
1185013
1185063
1186485
1187767
1199819
1189431
1187988
1190362
1191074
1190824
1191234
1224085
1192487
1527451
1197746
1195472
1271822
1198438
1197927
1224906
1197736
1205350
1213835
1199770
1201052
1203907
1203016
1203046
1202655
1207294
1205290
1219856
1218134
1206933
1206252
1209297
1213024
1209327
1213465
1228182
1212603
1212083
1213625
1218944
1216470
1215428
1215920
1219366
1515890
1221410
1219546
1219646
1220277
1225407
1222531
1222642
1241055
1225176
1223222
1223293
1225427
1226509
1227391
1230987
1228352
1242057
1235916
1230527
1231388
1232651
1235926
1231738
1234042
1237128
1255041
1236177
1240745
1236718
1238812
1238841
1242868
1239653
1435622
1240674
1241326
1242358
1244141
1244071
1244191
1248409
1259339
1247467
1261553
1248639
1249812
1254279
1251053
1250262
1254991
1277472
1253117
1255943
1254510
1268716
1260221
1256083
1320652
1601266
1258557
1275880
1259759
1273636
1268686
1260140
1267604
1287911
1264278
1277773
1269277
1277513
1269517
1270149
1279025
1272423
1287200
1293481
1269608
1279085
1271281
1272664
1274336
1273565
1288743
1278665
1276480
1276239
1280538
1276671
1280057
1279025
1296968
1284295
1280938
1280948
1285998
1282903
1283653
1291257
1298300
1285036
1293562
1286168
1287601
1290105
1287922
1289755
1288823
1310313
1294443
1291949
1291969
1296277
1346589
1294403
1299773
1313759
1299572
1296878
1296447
1330730
1298471
1299322
1303379
1315752
1304602
1302328
1302899
1305613
1302879
1306575
1311354
1320692
1310383
1306164
1308759
1311204
1309761
1310773
1313107
1326031
1313979
1314250
1311654
1319459
1324128
1314781
1315232
1398133
1321864
1316874
1315923
1317035
1318277
1321704
1317866
1407872
1320201
1320802
1325400
1321162
1323526
1322164
1323456
1342141
1325360
1325501
1324328
1327023
1331160
1327825
1328596
1345116
1330540
1334938
1330319
1331752
1332243
1332503
1337913
1604612
1341980
1347681
1433067
1337262
1337162
1337342
1398443
1344405
1340929
1345416
1341449
1365553
1345807
1358721
1374480
1344185
1350326
1346449
1346369
1377836
1346909
1351969
1598311
1353772
1350416
1355104
1351538
1352359
1351729
1353211
1376384
1353943
1358010
1355054
1357990
1357429
1356748
1364912
1359052
1362318
1360424
1365133
1363310
1362027
1364201
1377766
1369792
1381843
1454346
1366034
1394707
1379219
1367777
1801674
1371835
1367788
1374651
1382996
1374420
1435983
1409664
1372527
1373178
1377957
1372536
1381633
1379289
1379850
1398213
1380000
1379229
1377455
1391492
1378678
1384137
1381022
1401019
1382305
1385520
1382525
1399766
1381743
1388215
1488649
1387854
1385761
1387845
1387995
1387544
1393285
1390199
1421225
1390199
1396360
1391531
1403975
1394587
1397793
1407520
1397903
1397182
1395700
1399075
1396601
1399155
1398504
1732817
1404195
1400468
1409714
1401720
1410747
1402502
1428900
1403072
1403302
1406518
1405847
1405157
1406369
1412640
1425463
1410847
1407691
1415986
1410336
1416046
1412219
1431295
1411838
1416096
1412801
1416908
1414603
1419382
1415615
1468463
1416417
1422448
1419874
1423680
1421446
1422969
1509557
1428629
1420334
1425514
1420875
1426475
1423039
1440962
1424451
1430283
1426536
1430933
1428520
1431835
1430071
1448396
1426856
1431445
1431705
1440291
1433088
1437306
1448045
1439279
1434180
1438026
1436664
1442765
1436784
1436805
1451671
1437415
1437225
1439289
1443717
1440190
1446162
1458584
1446012
1442064
1446993
1444348
1448265
1445200
1467070
1459696
1449898
1448796
1450830
1448306
1456680
1449487
1449888
1455168
1451271
1455909
1454056
1456891
1456180
1474985
1456230
1461078
1456290
1456981
1458694
1456831
1475405
1457963
1463924
1460798
1464726
1461579
1465176
1799109
1463002
1467330
1463383
1468332
1464876
1468462
1557326
1467651
1470415
1468112
1472289
1469213
1472480
1482358
1473982
1473351
1471218
1476948
1472320
1476877
1487938
1477960
1474914
1480224
1476247
1493609
1480755
1477369
1616374
1477489
1477248
1482177
1478661
1483560
1479673
1506723
1480925
1486455
1486475
1485003
1487097
1493638
1508656
1485674
1490513
1516801
1487226
1492667
1487968
1508275
1489070
1494660
1513264
1492517
1496705
1491495
1509578
1493158
1498176
1497305
1496043
1500020
1495952
1515940
1496654
1496924
1501613
1498347
1508766
1500311
1517492
1499358
1502024
1507484
1503417
1509017
1506412
1521139
1510089
1504849
1509748
1507113
1509949
1510559
1596877
1512883
1508616
1512854
1513245
1510911
1515208
1525928
1515489
1514547
1512563
1515548
1514918
1521320
1853558
1518735
1518895
1519536
1515950
1524445
1518484
1536978
1523573
1521389
1525517
1521780
1525306
1525507
1538681
1529094
1526379
1525097
1528672
1535225
1531598
1560601
1526068
1530826
1527832
1532239
1532500
1892370
1530256
1533682
1531207
1534744
1534473
1530746
1735482
1536888
1532219
1537559
1533441
1536767
1539132
1553328
1545804
1539763
1538461
1539763
1538461
1542518
1555271
1539583
1546075
1543289
1541366
1549822
1543389
1564539
1549811
1622034
1556483
1548109
1545994
1609410
1552155
1549651
1556133
1549862
1550823
1554339
1569818
1553809
1555332
1552357
1557816
1557295
1554230
1581440
1557255
1613378
1561243
1558728
1557996
1561413
1613358
1558087
1562084
1559429
1566782
1566282
1579015
1580898
1566051
1562895
1566392
1570770
1563717
1583323
1568466
1566112
1570970
1568937
1569778
1574316
1597088
1570509
1574066
1571982
1575929
1576480
1571391
1617355
1577312
1575118
1580107
1579867
1578955
1596327
1581720
1577082
1581289
1583353
1580277
1588042
1600123
1581370
1583724
1585917
1581950
1586729
1585186
1597359
1587932
1590386
1585848
1588613
1588292
1673959
1587571
1591037
1589524
1588202
1606034
1589525
1605494
1592600
1594072
1593852
1596076
1609922
1593421
1614620
1597549
1595546
1600935
1607417
1595625
1904191
1608810
1602749
1599843
1601717
1605504
1601045
1614661
1604532
1606275
1603410
1607828
1608869
1645697
1608429
1608549
1607447
1611936
1689708
1625160
1623567
1614891
1613057
1610202
1613228
1614350
1813265
1611875
1615623
1617276
1612166
1614219
1617105
1631161
1614100
1623978
1621243
1616845
1619680
1634266
1617125
1618588
1624829
1622885
1619720
1623848
1636330
1624027
1621353
1627334
1628616
1623476
1719312
1629587
1627183
1626071
1632834
1632193
1628356
1648622
1646889
1636320
1630549
1638705
1636441
1645347
1632533
1635939
1637913
1632904
1636821
1637442
1659663
1633765
1640729
1640137
1636991
1640227
1662989
1642963
1640558
1642802
1723840
1646348
1663851
1647180
1648823
1647210
1664141
1649524
1649484
1992864
1650897
1645737
1654604
1650756
1648172
1844492
1651578
1656317
1657349
1652991
1659382
1677245
1660234
1655455
1661516
1657830
1658481
1656697
1683556
1661947
1661496
1657068
1675021
1664071
2082809
1665894
1664612
1661196
1680221
1665564
1841076
1664101
1665383
1671564
1669241
1676164
1778761
1672005
1670242
1673068
1670903
1673508
1692082
1693995
1670883
1668970
1673879
1675392
1674941
1981744
1674570
1680962
1676754
1678227
1675372
1701199
1680280
1680511
1677576
1679288
1687404
1702922
1682435
1677726
1682275
1687253
1685070
1681684
1712029
1688196
1686442
1688065
1684148
1688987
1886819
1688185
1690219
1685942
1689348
1690970
1712980
1690931
1689398
1692934
1694497
1693194
1711378
1696560
1694717
1697322
1697963
1692173
1696551
1698434
1697211
1696540
1703794
1697562
1707651
1730833
1705527
1832240
1701299
1705647
1783059
1775125
1720465
1720985
1700969
1706158
1705246
1739921
1727277
1703373
1709293
1706419
1708352
2011177
1711398
1704585
1706849
1711037
1711377
1733739
1708383
1708553
1714744
1713622
1714334
1733128
1790793
1717399
1717559
1716607
1718310
2080284
1719573
1719382
1800311
1724933
1722278
1919009
1801943
1724161
1743276
1720865
1723329
1745620
1725143
1724562
1721366
1730403
1727818
1749678
1727888
1733879
1725885
1727337
1730503
2071247
1733358
1733118
1732086
1730012
1738227
1823183
1731926
1734470
1733098
1730954
1733929
1764144
1745350
1845434
1737265
1734230
1734140
1803788
1740011
1738347
1739149
1735292
1736594
2046271
1738588
1745851
1744018
1746222
1746923
1762832
1741633
1744579
1745110
1745150
1750649
1770095
1745250
1750449
1752212
1750810
1751481
2092647
1752152
1753775
1749207
1749498
1752684
1953702
1756571
1755419
1793198
1756120
1752033
1776146
1758343
1784571
1796905
1757723
1760417
1777579
1756500
1766048
1761139
1761780
1763674
2101713
1764154
1765127
1760147
1760598
1767440
1855381
1765857
1765978
1765878
1768543
1762581
1785394
1771307
1768793
1851294
1770136
1772189
1791715
1768071
1766909
1797285
1772500
1773562
2075415
1775265
1775615
1774253
1774965
1771638
1794149
1777819
1776858
1854090
1778771
1778431
1777448
1777669
1775385
1776257
1780444
2120829
1783790
1787357
1781196
1783951
1782197
1987494
1783069
1786495
1782077
1783660
1786255
1808686
1790332
1785944
1787567
1788990
1788589
1807544
1785304
1790983
1789882
1808736
1793388
2132129
1793829
1795081
1795031
1793919
1794580
1790473
1792396
1797686
1795962
1796794
1816150
1802144
1886429
1797786
1798738
1793980
1816029
1801393
1820498
1808055
1811482
1804018
2105621
1802545
1803476
1802495
1801733
1802014
1824996
1800030
1806061
1806903
1804900
1805790
1829514
1808926
1808475
1808216
1813365
1828072
1808977
1812403
1810359
1811842
1826940
2015936
1811732
1828132
1814006
1814236
1825407
1844051
1811772
1812022
1817873
1815889
1818313
1838581
1817702
1819325
1819456
1817983
1820097
1845854
1818444
1818544
1822131
1823173
1840875
1824445
1823303
1823433
1825517
1827300
1847558
1827761
1946208
1830686
1823684
1824305
1882531
1828192
1833742
1829915
1830266
1830065
1849531
1831799
1830576
1831408
1831257
1851505
1834052
1841036
1829674
1835665
1837729
1854099
1842688
1850142
1836707
1838822
1838160
2174026
1839152
1848819
1838310
1841436
2043447
1843149
1845404
1842578
1850422
1854630
1860171
1842899
1853328
1853047
1849952
1847066
1859079
1851014
1852927
1851515
1850322
1848439
1851766
1857685
1855973
1850242
1852296
1957980
1857435
1854701
1852977
1856924
1860140
1880738
1860641
1861713
1861152
1856564
1858207
1870289
1860761
1858778
1858788
1860902
2171091
1857635
1859269
1858378
1861603
1870400
1879385
1867564
1870650
1867023
1867213
1886038
1867575
1866492
1866192
1862615
1866923
1885147
1866151
1868897
1867274
1867915
1867954
2072079
1868275
1867845
1871572
1873665
1892670
1871601
1871031
1872633
1873575
1872583
1896026
1878595
1873765
1874877
1871952
1871071
1894744
1873575
1872563
1876951
1876972
1898931
1897248
1878334
1875218
1878294
1880698
1949163
1878254
1882041
1882221
1883242
1910613
1889314
1886829
1894874
1885818
1885968
2193783
1885857
1888262
1884355
1882321
1904001
1885337
1884806
1925671
1900044
1885757
1908078
1888012
1887491
1891728
1908619
2234296
1890587
1893411
1893813
1932904
1912797
2096674
1897078
1897819
1898280
1912506
1922094
1898881
1899403
1900995
1899453
1900524
1922314
1902538
1902869
1902128
1901766
2241520
1898851
1912907
1900504
1899523
1900134
1921533
1901166
1901917
1904172
1903409
1926742
1914531
1908068
1910022
1907928
1909441
1932043
1911254
1911725
1912326
1912567
2217025
1913829
1912447
1913869
1913708
1914811
1934557
1913979
1915623
1915732
1914160
1937322
1917325
1917175
1918508
1919600
1917956
2265544
1919259
1919630
1920591
1921143
2124655
1924027
1925029
1922875
1924509
1923697
1946950
1926823
1926642
1928235
1928095
1950035
1927654
1934467
1928506
1931932
1930921
1929228
1930169
1933585
1937012
1933024
1952199
1935228
1933655
1952239
1935609
1956868
1934346
1934658
1936751
1940027
1940007
1961105
2054557
1948322
1936661
1937382
2288937
1941350
1940788
1940899
1942532
1970633
1943022
1948032
1945647
1946799
1945637
1968790
1944124
1947781
1948663
1946859
2046462
1948382
1965313
1944996
1951267
1978207
1973528
1950937
1950196
1954824
1951007
1973698
1950245
1953191
1956668
1956257
1976624
1958150
1970022
1958741
1958250
1958721
2298684
1958972
1966075
1968098
1963210
2056931
1964802
1960805
1963500
1962808
1986582
1978698
1970352
1965093
1963070
1964692
1990069
1968148
1968930
1968629
1967217
2277916
1972116
1966745
1970623
1970433
1996951
1969952
1973789
1972657
1973759
1973889
1996170
1974601
1973458
1976033
1975011
2316828
1979630
1998794
1976363
1992674
2014093
1981432
2011047
1979970
2062652
2017048
1979810
1995238
1985110
1986372
1987714
2006338
1984378
1985540
1985350
1985851
2327127
1985340
1985249
1991842
1988977
2083641
1989998
1989328
1990309
1992353
1989898
1988847
1991802
1991661
1992022
2072740
2028689
1995199
1994958
2014013
1994497
2301660
1995259
1995439
1997502
1998164
2023280
2002221
2000227
2007771
2011608
2029902
2005207
2007050
2009294
2001640
2002883
2026656
2005527
2024712
2007211
2003824
2267708
2006739
2004205
2008152
2008833
2029390
2010757
2009334
2010015
2008302
2030923
2011789
2010145
2011558
2010276
2012881
2117803
2015495
2015746
2014303
2014323
2149080
2016588
2018832
2015636
2020515
2044839
2019573
2028098
2062211
2020425
2046272
2021867
2021436
2052764
2022258
2308823
2025253
2022789
2024723
2023009
2052283
2025063
2025243
2024472
2025354
2026445
2047514
2029130
2026646
2037706
2029781
2052853
2031094
2029381
2075144
2036244
2054076
2029220
2044879
2075706
2046121
2055409
2032607
2033287
2033889
2049938
2056710
2035361
2034420
2037946
2036674
2039099
2058784
2039058
2039409
2040461
2039319
2139292
2040611
2043006
2040150
2041343
2065126
2044208
2042304
2043697
2044579
2062641
2045570
2048786
2057081
2052473
2072069
2169557
2049688
2049478
2049167
2124996
2064475
2052613
2053705
2054768
2073602
2052252
2052403
2055669
2053695
2053485
2053836
2054166
2054587
2055078
2057452
2151524
2057212
2059797
2057181
2058034
2077078
2072310
2062422
2064505
2092267
2081757
2063503
2076768
2064405
2076246
2139954
2066660
2065337
2065667
2066568
2164489
2068121
2066999
2068342
2074092
2086415
2070285
2071247
2070426
2070436
2409518
2072029
2071398
2074594
2072039
2398277
2075666
2073271
2088429
2075415
2095622
2077058
2081737
2076968
2077640
2092647
2079343
2085995
2081456
2083229
2417613
2080384
2079573
2082789
2081557
2292594
2086095
2085654
2083821
2085533
2105931
2087858
2088449
2086776
2085604
2108606
2087808
2085664
2089431
2089361
2430727
2091154
2173234
2091435
2118484
2191067
2172092
2093278
2093157
2093238
2112002
2094219
2095512
2093118
2096473
2435365
2104097
2098908
2098348
2097396
2407093
2100461
2100601
2099679
2100151
2125447
2100261
2102746
2102455
2104519
2123764
2103075
2108015
2103176
2105400
2450262
2106673
2107243
2108696
2108175
2128563
2106302
2108515
2111321
2113825
2130667
2109077
2112143
2109938
2110810
2133351
2116090
2116720
2113515
2114657
2138892
2113695
2123623
2115809
2115568
2141316
2125177
2117412
2119035
2124615
2141186
2120157
2121820
2120889
2122061
2147036
2122742
2122953
2123714
2127501
2127842
2124706
2122221
2127600
2127040
2129064
2126830
2129865
2127882
2148990
2129815
2145203
2128382
2128472
2150853
2133762
2130426
2130426
2132590
2339369
2132720
2133602
2132701
2133943
2155762
2132430
2135575
2134865
2136357
2161182
2141076
2147568
2137710
2137569
2270823
2139693
2140274
2142257
2152667
2289418
2141797
2142678
2145213
2157045
2173505
2143349
2145815
2145062
2149571
2169238
2144782
2145854
2150373
2146205
2173655
2148258
2149582
2152055
2152778
2250817
2149030
2152957
2151384
2217436
2151895
2152867
2159480
2150463
2493682
2154490
2154450
2156394
2155863
2362702
2158487
2162685
2197098
2176250
2208790
2184926
2176060
2173154
2178725
2201707
2188913
2193853
2189303
2533274
2188863
2194413
2194213
2191158
2295138
2197489
2195535
2223888
2197268
2217585
2199292
2198230
2221092
2205053
2223497
2205443
2205814
2205824
2517776
2206004
2214560
2209010
2211234
2240407
2215272
2218087
2223357
2220952
2240297
2221182
2218217
2217966
2306008
2251468
2238444
2224569
2241780
2270923
2228346
2239917
2233044
2230610
2274761
2272656
2233815
2235659
2237201
2258481
2236781
2235149
2238895
2584638
2240187
2247611
2243233
2245376
2273959
2247220
2250596
2246980
2249915
2277225
2252590
2254022
2264902
2276854
2254022
2254835
2256497
2261497
2565013
2266746
2261205
2262028
2265554
2284438
2266696
2264282
2264982
2291612
2268419
2271245
2269571
2269571
2616548
2273758
2276464
2361540
2496407
2293566
2283016
2288676
2305597
2303193
2381706
2284008
2303484
2287894
2286562
2291051
2286562
2305978
2633258
2293755
2292443
2293896
2297252
2354067
2297492
2294326
2297943
2401913
2300377
2300398
2313272
2320194
2342475
2307510
2317779
2304144
2615516
2312179
2333689
2313772
2308673
2331795
2310607
2310857
2318090
2333989
2321075
2316578
2314764
2316948
2660969
2317499
2323209
2319743
2561306
2323670
2325163
2322809
2323510
2346443
2326806
2328870
2328940
2355098
2331464
2335512
2331926
2337185
2674193
2354567
2334541
2336634
2432370
2337946
2336965
2341764
2340431
2366109
2358394
2343106
2341593
2369986
2356210
2344478
2348676
2423944
2369574
2346943
2351040
2372069
2380244
2351562
2357733
2358194
2357021
2502147
2361379
2354486
2369545
2420448
2362953
2360217
2363654
2567146
2360267
2361499
2364465
2430947
2431378
2367210
2364174
2365336
2428682
2371108
2370156
2370967
2392116
2395392
2373231
2377419
2373823
2478484
2373121
2377549
2377018
2377469
2397275
2397847
2377609
2383661
2398778
2387788
2382288
2386386
2696904
2385975
2387316
2386565
2979011
2409427
2386776
2391144
2386946
2393339
2409578
2396925
2390042
2394500
2737469
2394550
2398638
2393368
2399950
2503760
2404799
2396334
2403526
2423303
2397476
2404950
2402896
2425697
2407143
2410700
2407534
2410289
2750914
2408095
2414256
2408035
2588045
2411702
2414507
2411241
2428763
2417182
2412794
2430566
2418103
2438742
2418935
2421910
2418144
2766041
2426499
2423414
2429765
2490105
2423854
2429554
2424385
2432290
2446275
2485056
2440745
2436387
2786078
2444783
2432079
2436277
2734875
2432180
2437990
2437289
2490627
2437369
2440564
2436437
2438170
2466692
2442308
2451535
2440053
2466843
2442668
2446355
2451335
2616587
2463086
2447798
2448490
2452456
2471111
2454961
2447577
2455602
2477403
2452006
2460051
2456534
2480327
2455382
2454461
2460972
2460441
2463236
2459900
2458808
2463597
2484385
2467334
2464749
2468436
2491958
2464699
2477512
2468996
2494604
2472342
2471972
2473054
2469157
2496257
2474688
2472183
2475780
2494534
2481289
2481149
2478585
2819530
2482191
2476060
2485167
2520071
2480679
2485877
2484215
2484415
2510703
2484475
2490546
2486359
2512596
2492650
2493713
2492149
2832403
2494754
2491297
2495565
2664425
2496878
2498772
2493201
2676257
2516453
2506656
2501045
2532614
2528175
2500274
2583066
2502559
2527294
2506065
2529989
2508209
2532363
2504482
2509311
2509341
2527755
2514009
2508379
2519539
2858932
2518628
2509961
2516053
2693879
2514610
2513589
2520111
2515853
2537623
2540728
2518608
2516624
2544515
2520872
2527544
2524388
2866806
2522555
2529478
2528475
2589988
2530881
2534828
2527193
2700551
2531271
2530239
2559853
2571304
2531962
2532583
2562027
2821814
2534718
2533685
2539376
2536561
2559943
2554022
2539616
2540598
2577936
2542030
2541229
2547922
2569921
2546650
2549594
2551668
2569010
2634029
2550737
2546729
2575202
2566075
2575833
2548512
2577776
2554684
2581092
2557930
2897131
2559273
2555556
2561166
2630152
2558361
2557309
2563971
2562739
2562328
2563219
2565814
2564152
2591962
2566506
2565063
2566315
2851729
2576053
2575853
2568439
2677059
2570793
2571114
2573498
2639219
2574270
2573338
2578508
2920574
2579339
2578007
2575422
2753959
2579330
2659576
2577335
2609134
2688449
2660598
2581173
2610205
2612810
2584107
2605867
2609164
2590700
2587945
2622919
2613703
2594317
2590039
2593184
2620895
2594397
2595218
2596701
2959326
2614794
2595028
2595750
2639459
2615125
2596270
2598715
2624272
2616507
2601931
2601349
2625715
2607160
2604545
2610266
2629301
2610436
2605938
2619833
2785327
2610597
2607641
2609083
2637215
2613992
2612299
2611959
2616277
2619162
2613081
2616227
2619954
2648486
2618231
2618511
2621166
2645831
2622238
2646623
2756504
2694259
2627738
2624943
2623110
2660819
2628850
2628359
2626455
2652813
2635552
2642444
2631695
2657031
2635261
2651572
2675605
2662161
2643316
2672340
2642315
2656430
2639469
2642665
2639079
2664385
2640231
2659005
2650289
2668362
2647855
2667230
2648596
2671979
2666168
2643858
2657853
2686695
2651211
2650690
2647765
2677869
2657071
2654848
2655619
2672489
2653074
2661279
2663764
2675455
2657863
2668803
2659696
2660508
2663784
2658324
2677398
2665497
2662662
2665968
2682559
2685033
2670356
2671327
3009127
2668712
2669584
2667661
2847992
2670486
2673552
2673202
2754560
2671969
2737239
2689672
2698768
2706542
2696023
2686936
3025597
2674984
2680385
2790065
2792641
2685223
2683991
2683400
2700702
2679453
2688710
2686525
3027851
2689732
2689941
2967762
2690252
2686936
2685263
2710069
2693399
2694340
2693298
2708946
2696504
2696174
2694471
3036758
2697375
2733101
2700772
2713625
2695001
2719025
2704930
2720809
2713755
2698788
2697065
2722762
2723944
2706964
2705701
3043541
2711051
2712503
2708616
2706553
2731528
2792530
2749712
2712713
2712333
2733813
2739102
2711531
2717061
2715980
2998888
2718143
2723724
2718895
2735986
2716100
2718515
2725367
2743470
2723464
2726389
2720708
2743560
2718034
2727100
2724405
2748540
2734293
2725237
2724786
2725267
2727441
2731338
2751354
2729835
2728863
2727752
2748640
2729755
2731288
2737589
2800525
2734553
2734704
2732570
2752797
2734574
2737068
2753289
2922068
2742168
2741226
2743039
2766733
2741086
2740895
2745414
2744122
2745964
2743851
2770590
2748569
2751054
2744833
2778434
2745524
2751996
2753538
2935202
2752747
2752247
2753007
2782501
2755111
2752878
2752877
2779736
2755693
2756785
2757336
2790596
2760952
2759369
2828816
2802619
2756955
2762686
2806545
2844515
2761864
2785908
2814620
2767043
2768085
2768997
3049441
2769628
2770650
2769978
2772784
2765511
2769909
2789494
2772262
2775679
2775659
3119379
2775589
2779286
2779406
2797980
2777603
2780187
2778444
2802077
2778384
2775669
2781209
2781290
2786840
2785497
3129377
2781159
2784916
2786559
2859863
2788582
2789324
2790076
2816564
2791278
2789925
2793302
2814570
2793041
2792069
3090136
2796247
2796177
2824829
2828075
2792690
2795476
2796728
2821693
2805043
2800505
2805654
2841960
2805434
2802498
2902471
2805344
2809150
2817866
2829267
2806836
2808799
2809972
2833926
2810332
2819880
2811285
2875402
2814019
2812066
2836670
2811254
2812737
2812857
2836210
2810563
2817315
2817585
2841900
2818188
2832934
2822585
2847490
2823887
2823677
2846559
2825049
2826603
2825460
2844796
2827734
2827013
2825841
2845096
2832243
2830479
2831040
2849665
2832393
2830028
2849635
2831631
2844946
2833084
2849564
2831230
2836471
2832394
3175292
2838354
2837483
2914644
2836961
2843463
2844025
2863730
2848963
2841560
2848933
