200
171
230
190
490
531
581
771
972
1162
1272
1733
1603
2094
2395
2405
2775
2575
2605
2926
3115
3085
3787
4328
4428
5350
5680
5981
5811
6171
6021
6822
8154
7363
8345
9427
8756
9818
9428
11300
10629
11701
12112
12002
14176
13835
15408
15068
15458
15909
17531
17632
17652
18584
20016
12132
9418
9377
9597
10148
10299
11602
10860
11050
11771
12372
13174
13745
13545
18944
17011
15027
14587
14927
15578
16319
16680
16440
17021
18523
18684
19144
20457
19626
21218
20658
21679
20868
21619
21630
21369
23913
24475
25156
25356
26318
25908
26338
28933
27250
29594
29043
28702
29574
32159
31868
31948
40534
32900
33692
33030
32679
33321
36757
37138
37057
37218
40013
38501
40123
39843
52866
45032
41175
44030
44001
43620
45814
44401
50041
47407
48959
47126
49210
49100
50412
47918
51213
62404
64097
67293
65810
69927
64437
57915
62784
58116
60230
77651
85926
58968
71581
73474
62515
65450
64137
66131
65860
87930
65519
66351
69768
71260
72412
73093
73403
72472
71941
74556
77151
76890
78142
77241
72212
79395
83091
77381
84054
82440
85746
84565
87690
108819
89503
92739
92088
86067
89233
92900
93731
95223
93721
102056
100674
97728
98540
102116
100623
102778
102437
103639
109700
103679
107707
111443
112775
114078
110502
113036
122453
114429
113336
120249
114769
118927
115591
120800
123115
119578
125099
121281
125248
124107
129576
132242
140496
132912
132882
130408
133634
138052
137541
145826
145406
146127
143371
186160
146648
151076
148841
150776
147960
151205
150064
163398
176051
157006
160433
159822
154832
163949
157267
161194
163969
162306
166694
182634
166754
173937
171904
172615
182313
180590
177263
178135
175501
173987
196639
183715
175680
187713
189426
195848
184046
190147
196198
192321
193432
198452
205254
197360
208901
210865
191930
205505
210154
217096
217146
216756
208601
213590
204834
216414
222306
262309
221724
224119
216055
228207
227395
246780
222506
215153
237523
236732
230991
242883
249556
236862
239697
243314
255486
244005
237684
246820
251819
253162
243725
255776
254214
265705
254815
250377
259974
266115
259664
268670
265795
268981
261387
266726
269712
278087
279721
270032
270804
281604
317930
287024
275292
289218
306509
296892
301059
288516
292574
299947
299816
300648
306278
308021
310656
295860
315065
300838
306620
334320
311919
317419
322478
322358
320505
332787
317840
318722
329761
344559
318000
352112
332697
327998
677996
552678
342194
372860
361259
348425
353976
359386
357422
365466
363704
361169
356871
369745
374052
369684
366388
375004
369925
368732
376126
378200
391475
370917
387607
383529
383159
393949
422982
394139
391103
425647
437177
392496
418463
414096
407002
412662
403696
430245
409647
411941
421218
426258
435665
424003
444892
437248
434513
426888
442207
420527
438459
482561
438089
448748
457815
459519
453999
489222
471691
473584
454028
455141
459328
487199
519818
465259
473113
505271
476429
490695
470168
477541
487680
479725
580318
518727
501865
697773
505162
514509
516362
522262
507506
517624
527242
538883
517955
515501
521702
529966
543131
553951
529536
546688
519939
534575
549021
547559
546407
551356
553450
560974
566884
559270
585608
577163
551386
583114
571313
584537
590267
581851
573527
574508
592851
579177
578906
599163
569269
597320
610894
602269
639947
617347
605434
608811
629268
616855
618408
646640
647842
630861
610874
642793
627254
630390
651488
632564
663430
660415
669321
644486
642793
666275
650667
645718
682045
662909
681653
666696
652490
694056
677145
697413
703494
695238
713642
681473
702141
702792
690369
713352
704094
708413
725303
719452
714053
712140
731124
716918
743166
746422
744248
726876
727568
741032
742314
761339
737415
763072
742104
770255
767230
779592
754997
755919
789460
763854
804067
772570
781165
794179
786565
805359
795862
808895
809206
825586
819896
818854
815067
808825
831267
807523
809888
833300
844341
809737
854760
832679
855100
835604
853627
847216
840052
857684
856914
863856
855791
859709
858547
876940
879745
870909
876950
893811
897828
892839
918486
901544
931128
879094
902677
916532
880817
924737
936038
953770
905973
928884
912295
939544
919839
919667
933854
938853
929115
960542
979667
952267
948921
973877
959790
973246
986530
970410
993041
1007578
986540
1007278
995616
976722
983113
1018759
989245
1010593
1026803
999894
1003160
1022755
1035058
1138386
1377683
1286768
1060926
1012407
1151129
1493956
1279594
1041099
1054544
1116216
1082876
1049094
1047040
1053171
1062429
1116376
1124893
1075722
1150239
1100558
1096480
1071905
1080881
1089879
1088746
1246664
1273022
1293089
1211991
1129620
1106880
1108753
1110786
1112179
1109304
1147573
1145830
1141893
1173240
1185303
1150209
1153865
1125002
1139629
1151941
1150559
1174913
1191894
1151591
1164495
1168662
1153394
1196773
1209527
1187146
1206922
1217662
1189870
1214075
1202314
1227921
1202854
1214485
1205799
1224835
1213654
1231226
1278462
1263164
1262674
1235013
1258907
1248628
1286176
1335065
1247296
1268794
1279094
1285285
1263284
1306654
1308728
1482625
1275467
1306323
1289632
1293710
1253697
1297137
1319617
1312635
1321821
1319698
1312996
1359130
1297547
1343411
1347388
1358238
1360252
1343652
1331569
1334094
1374758
1353719
1383985
1358498
1396438
1342700
1370661
1353519
1396267
1382011
1442892
1414100
1419941
1422535
1443193
1422996
1414150
1409552
1410333
1451979
1412697
1467226
1434166
1440297
1432393
1461576
1473979
1437723
1440448
1430299
1475892
1516727
1466856
1524201
1534269
1473067
1532716
1491040
1504225
1515505
1501188
1521375
1537034
1523790
1545980
1497191
1492222
1548374
1551821
1507860
1516136
1548124
1555808
1543305
1556750
1587777
1555928
1566328
1585602
1599779
1580934
1595721
1579913
1585022
1585563
1581946
1601402
1625345
1618713
1631196
1669446
1627580
1631066
1634322
1625816
1649579
1661100
1647806
1659237
1643118
1669135
1679504
1697827
1661110
1666090
1721671
1689112
1690524
1688190
1690724
1717724
1721029
1715850
1678301
1775058
1741347
1694772
1700913
1735757
1793242
1737049
1767875
1733833
1747498
1774127
1776201
1773996
1788252
1787100
1774398
1775108
1786559
1814209
1807087
1791919
1836370
1805363
1802077
1803931
1838484
1871234
1827043
1832693
1845426
1813137
1854293
1879809
1877095
1876303
1831110
1856416
1888765
1880941
1838614
1859893
1896500
2028651
2047886
2003104
1959214
1992565
2083111
2236630
2048487
2062423
2197098
2292242
2163066
2179646
2064126
2339418
2114146
2112062
2089341
2108847
2063935
2121600
2076628
2127872
2097587
2096104
2258821
2098969
2146656
2111843
2180228
2247049
2114117
2056372
2186068
2140945
2114227
2158889
2117963
2210042
2138441
2155913
2236349
2189184
2142759
2152927
2222034
2170279
2204191
2279389
2229718
2251437
2195946
2132510
2109278
2116511
2139703
2125878
2120669
2151415
2147488
2125738
2133472
2137740
2185487
2183874
2198220
2193933
2202768
2234918
2208459
2210923
2223797
2189654
2234737
2263970
2281172
2237411
2239134
2274339
2256646
2248302
2240848
2259753
2300297
2320503
2235418
2267968
2264691
2274118
2283475
2288344
2288144
2343445
2287703
2307009
2267246
2334859
2355217
2327596
2399487
2319521
2335481
2346481
2353143
2358943
2349997
2415176
2386875
2373850
2322938
2441434
2366197
2432147
2390190
2387346
2445431
2448377
2386063
2410688
2457373
2424202
2394288
2491465
2419253
2420115
2468683
2471669
2466440
2481056
2500822
2475537
2508637
2502396
2514158
2507124
2504460
2482199
2533433
2563597
2554651
2539523
2562375
2527793
2573716
2533863
2566974
2543371
2568827
2529595
2579777
2601587
2585237
2619720
2645888
2609641
2605403
2581921
2636050
2609061
2571202
2606265
2606927
2633596
2618387
2699766
2627544
2712248
2713671
2676795
2706177
2708062
2684358
2664131
2724481
2704945
2743435
2679398
2762109
2696660
2710997
2682855
2691080
2768872
2771437
2781395
2755768
2774081
2737876
2758322
2786234
2787025
2772389
2772879
2813113
2778309
2807272
2817901
2845372
2811560
2869957
2842357
2837147
2876649
2936248
2885666
2889061
2853547
2860810
2904900
2851523
2862012
2889483
2978415
2886877
2874605
3019069
2926419
3121265
2960742
2920890
2910390
2973586
2973586
2985808
2940956
2958548
3016584
3042591
2985487
3019269
3052309
3018318
3057048
2980798
3015652
2994473
3057729
3030029
3045357
3077756
3078677
3039075
3106168
3071093
3032714
3044756
3077395
3106608
3105917
3029668
3084167
3118450
3086100
3061436
3109825
3102921
3153414
3177518
3110536
3204567
3174552
3165035
3172568
3168982
3213113
3162250
3217661
3209416
3254498
3209917
3261380
3207583
3262743
3245592
3226678
3253376
3223902
3262422
3241485
3259247
3242316
3280686
3310200
3260429
3285976
3271329
3305080
3323824
3235313
3344933
3327621
3316852
3397199
3337901
3331659
3406866
3379296
3402048
3367985
3456597
3416785
3455355
3345064
3404121
3394895
3420111
3433054
3442221
3427724
3390016
3403369
3461886
3456467
3494566
3465313
3463941
3411745
3445477
3503122
3478687
3480791
3513611
3505346
3490439
3570404
3555878
3657965
3615437
3582417
3585782
3622389
3530932
3528348
3584760
3549547
3534089
3577718
3558804
3592215
3615747
3616018
3652154
3635384
3621838
3607072
3636846
3618473
3747918
3716180
3668073
3593787
3693088
3754541
3666570
3700021
3622851
3720168
3717633
3672932
3760792
3719506
3727752
3767975
3771712
3783344
3732420
3790076
3811415
3811064
3867887
3731969
3816925
3811385
3841950
3795335
3761073
3798571
3813569
3849654
3825410
3848752
3875331
3846528
3803330
3920984
3843032
3845557
3883306
3902170
3861907
3906919
3864602
4002724
3899816
3969232
3992845
3988507
3969553
3930692
3974762
3878076
4019023
4029442
3965906
3970024
3965175
3976606
4043849
4133201
4066049
4022580
4057162
4061982
4030214
4191247
4093348
4101584
4081958
4164799
4054118
4125327
4145634
4115880
4142859
4099500
4049289
4119637
4117653
4135706
4132300
4178474
4247230
4236812
4159851
4152849
4211626
4248554
4231332
4159160
4238666
4128594
4219040
4186260
4274801
4255947
4292294
4277466
4298124
4240609
4315396
4234678
4310957
4306399
4375394
4269011
4316427
4440283
4377028
4369364
4397335
4338307
4317059
4610394
4376187
4362692
4392797
4352723
4411049
4426769
4416439
4337235
4548330
4415328
4440734
4526340
4459478
4457996
4508277
4433992
4555384
4547469
4466180
4475628
4526330
4634457
4557187
4489574
4547158
4486708
4650167
4590417
4531029
4558960
4599674
4553420
4593462
4689979
4582233
4602449
4640248
4662820
4601908
4702331
4700408
4613279
4620051
4738337
4746612
4656758
4661908
4703213
4708202
4781305
4658391
4773491
4660054
4733739
4775756
4731895
4694918
4736804
4668500
4875277
4721817
4787657
4823282
4822330
4850662
4781967
4826247
4769344
4876480
4935617
4838190
4962847
4808816
4899211
4938101
4862464
4876459
4906624
4926180
4854830
4906555
4909529
5000426
4915531
4921822
4930758
4923996
4928383
4969819
4952027
4952007
5018248
5072197
4990377
5029097
4913116
5031222
5041480
4997640
5011335
5073880
4932371
5088697
5164555
4999183
5206071
5057410
5150950
5170756
5107961
5119142
5072076
5147504
5166339
5214697
5138748
5169625
5062689
5159707
5153535
5205930
5180303
5166979
5138968
5223402
5219245
5184582
5202905
5252977
5263165
5284774
5290474
5336558
5311754
5238389
5302747
5348521
5261983
5355674
5395686
5275587
5375710
5396288
5283332
5370460
5444376
5337451
5523280
5398261
5455155
5377203
5370321
5301875
5474410
5442913
5405404
5371252
5440218
5556621
5418889
5491471
5498454
5443825
5564906
5511609
5531154
5599128
5536504
5564946
5493675
5555959
5653027
5604229
5478780
5579764
5607946
5604790
5548277
5586697
5554548
5612383
5595753
5577270
5650774
5639303
5683303
5643520
5573473
5731000
5693552
5786782
5717516
5753581
5752750
5705303
5678835
5677533
5741309
5757539
5670610
5781191
5761857
5853234
5823068
5818961
5916129
5910709
5781483
5750657
5674347
5914194
5856289
6001815
5874612
5842134
5870364
5956462
5754683
5941856
5927709
5965728
5986015
5919053
5931727
6033572
5926026
6027582
5930825
6047428
5951002
5991717
5924243
5984173
6033953
5989782
5963315
6009769
6126743
6037790
6026951
6018635
6068076
6121263
6106896
6298487
6007024
6104723
6232556
6226013
6130620
6182865
6287125
6150196
6198824
6156888
6143724
6153321
6244227
6236573
6153371
6330544
6196189
6324513
6219121
6287366
6223409
6162307
6356762
6195037
6298606
6390965
6329673
6461474
6342476
6441698
6317550
6332879
6446878
6396475
6366851
6385746
6361982
6368715
6415730
6359948
6455663
6376097
6386968
6397056
6459731
6430968
6473897
6501787
6468907
6516614
6492631
6541730
6586472
6555135
6558221
6592483
6555324
6598023
6583797
6545937
6493663
6533405
6576103
6575181
6667590
6561917
6653624
6719384
6713434
6837340
6619993
6625533
6585269
6659055
6721729
6732949
6700109
6525931
6701632
6738509
6797697
6744590
6724394
7195423
6850334
6818856
6791246
6756382
6736067
6738131
6885189
6789754
6761443
6880731
6844134
6812106
6808650
6991373
6802458
7013764
6819389
6886502
6839496
6885229
6889517
6965546
6962831
6900838
7014725
7040152
7024573
6990972
6950028
7072722
7024323
7030685
6975023
7080776
7145554
6966658
7145043
6989349
7054758
7148820
7091986
7072461
7106293
7233245
7229147
7091015
7137400
7148420
7120068
7240037
7325623
7056983
7264101
7203370
7276954
7177283
7177473
7293074
7242472
7198201
7304675
7241329
7222405
7261957
7395130
7273888
7325953
7367660
7244345
7281232
7346471
7371416
7294265
7320073
7424784
7360648
7478532
7402264
7316907
7467191
7338115
7492377
7455270
7397204
7402914
7510570
7501104
7553559
7615833
7515369
7464417
7490774
7518545
7573176
7586991
7508557
7699276
7609050
7561684
7578735
7554951
7580358
7547829
7849750
7500953
7635539
7751851
7772329
7571131
7655826
7787666
7695688
7843027
7591288
7675152
7784120
7667067
7746892
7788518
7870818
7772048
7736934
7732085
7745580
7821568
7857674
7870128
7796172
7790041
7906794
7938652
7856652
7858767
8073609
7937490
7886246
7766277
7911202
8021605
7987453
7819026
7834184
7923727
7940268
8078490
8003142
8019442
8076596
7987594
7929818
8060447
8161722
8145252
8033077
7930009
8105519
8037906
8019152
8083429
8093968
8229395
8110899
8075154
8214939
8150942
8141936
8148187
8154779
8152164
8320532
8163955
8363631
8290367
8289735
8270781
8171099
8278936
8343454
8178743
8311345
8231189
8287792
8305074
8316805
8272914
8361146
8319500
8373689
8393084
8369752
8255754
8458884
8334467
8421446
8469584
8536406
8419502
8371505
8505479
8571891
8427878
8476266
8503516
8597627
8521238
8664430
8476447
8446281
8570198
8469704
8550161
8579675
8637601
8727314
8606745
8671202
8603889
8580006
8697029
8686230
8673657
8740399
8652708
8709262
8733736
8735981
8675680
8875104
8687742
8741410
8854396
8759844
8766116
8834330
8828920
8839660
8785982
8729489
8771024
8908195
8758832
8930986
8913475
8698562
8947406
9015611
8809615
8988131
8931327
8946715
9037952
8821737
8901603
9002417
9078887
8849317
8905422
9092925
8964400
8908919
9010404
8968848
9008280
9034157
8861913
9072487
8976362
8973476
9076565
9039106
9090781
9065735
9215880
8995897
9154988
9145471
9254580
9030340
9166329
9291096
9067548
9252596
9245493
9246505
9218314
9322975
9285927
9309300
9258046
9170216
9263746
9475263
9271641
9208195
9398433
9398182
9386270
9458893
9351146
9381371
9550049
9384047
9397261
9402340
9518482
9578090
9397120
9402751
9507412
9466287
9460776
9520475
9513853
9490561
9609578
9402550
9454735
9620148
9518842
9475092
9691328
9795868
9738855
9698450
9476365
9662365
9739075
9577129
9622882
9597095
9670709
9716603
9669868
9808912
9643620
9648930
9725480
9682782
9857460
9745576
9783977
9785389
9728695
9788686
9815134
9840359
9843045
9764551
9866497
9773858
9758290
9953285
10088533
9900800
9915647
9951052
9949689
10006743
10065150
9994672
9849286
9887719
9936107
9921180
10121516
10051027
10042982
11569711
10761034
11071901
10572089
10924833
10697307
10709240
10621690
10694793
10847712
10536183
10952083
10683021
11114259
10775481
10957282
10862730
10608715
11114109
10811016
11089895
10701776
10720470
10657614
10572400
10750034
10661492
10833787
10484659
10735948
10757377
10864393
10796819
10728364
10958975
10627380
10855637
10765793
10971889
10869462
10614356
10833957
10794756
10894237
10930253
11052016
10998668
10753441
10972350
10974414
10742991
11039612
10709079
11045543
11188044
10738954
10889529
10971268
10923150
10940221
10984302
11020258
11040264
11111684
11160474
11050653
11122404
11150576
10798252
10781822
10927568
10744274
10901671
10780510
10780920
10909315
10797811
10859724
10905017
10960037
10998007
10870254
10834928
11046669
10785592
10950614
10940645
10985817
11013218
11083316
10842355
11009050
10950954
11039145
11238799
11027163
10964929
10938230
10878651
11055345
11008178
11079739
11151690
11279063
11138456
11186564
11173871
11210378
10996898
11112679
11331640
11088285
11403059
11156950
11327201
11129550
11251383
11418959
11268524
11261521
11102371
11368216
11230003
11363638
11335797
11325959
11430780
11356244
11518811
11294061
11417736
11332611
11425410
11352908
11389785
11577158
11256321
11545730
11493044
11397390
11676580
11795136
11505838
11740576
11407208
11581265
11507300
11525022
11639411
11582447
11584922
11739694
11537174
11468599
11517158
11716562
11707586
11659848
11676158
11787733
11680917
11803993
11826954
11559836
11752007
11657715
11824590
11615919
11687930
11810013
11853684
12571528
11881117
11996317
11736562
11914988
12005323
11897216
11861470
11856711
11953268
11906152
12014379
12005553
11954420
11904198
11881326
11897116
12096790
12133507
12071253
12061967
11870847
12455996
12249319
12334986
12122557
12213855
12133637
12219594
12094496
12184771
12295313
12011925
12287298
12059211
12357267
12123729
12216339
12130031
12308507
12313025
13683128
12251413
12278502
12076794
12306553
12453091
12284563
12513021
12503303
12337991
12291216
12385427
12514944
12382823
12405995
12457389
12364489
12532706
12610219
12447661
12635244
12535021
12595741
12614306
12651524
12614116
12610288
12754532
12611410
12753570
12565687
12562251
12682380
12628522
12737761
13101255
13091237
13278479
13103149
13084377
13148936
13318365
12926650
13236346
13294742
13123880
13054123
13368186
13123590
13130663
13162070
13084308
13201442
13315961
13184992
13230886
13207142
13098644
13457380
13159476
13305492
14347045
14029084
13260590
13044786
13277631
13221288
13314980
13300613
13779869
13199699
13894488
13457149
13612393
13502993
13609779
13451299
13598318
14006213
13056457
13330658
13282650
13111187
13268224
13255702
13152983
13145189
13251223
13443935
13295103
13341578
13257925
13420813
13278162
13260460
13225817
13272642
13420723
13457460
13408841
13506439
13273994
13276740
13369820
13634944
13524943
13412908
13385408
13594099
13211941
13444116
13579693
13658988
13731511
13616233
13602278
13722137
13664643
13768231
13676684
13616454
13504770
13768953
13654013
13674460
13728448
13730192
13748264
13589996
13817893
13795431
13763813
13734970
13783910
13969589
13891437
13846054
13784611
13742995
13864547
13819745
13777148
13848929
13802654
13792065
13977504
13965401
14065254
13930448
14031052
14034388
13948410
13939374
13900794
14075844
14061197
14111820
14052211
14057620
13933844
14277341
14000165
14253818
14271982
14097794
14306475
14276881
14126937
14466387
14236307
14123200
14244192
14300615
14301737
14366565
14212474
14151192
14259129
14193048
14544039
14323195
14411486
14367747
14444187
14210730
14301971
14356249
14472552
14322418
14310766
14557487
14408154
14444211
14445743
14466481
14599455
14498309
14719093
14618749
14505723
14478303
14518156
14373251
14616806
14765197
14653443
14710738
14549463
14690862
14590909
14585449
14630171
14679871
14795322
14669112
14790684
14829424
14800501
14869858
14811061
14827711
14896557
14789251
15026454
14837669
14755219
14886830
14976674
14902569
14806974
15596907
14911575
14918418
14777991
15031745
14857245
14978758
15065266
15061128
15065957
14976784
15047584
14903970
14887942
15154378
15052322
15064675
15117241
14969170
14978667
15132761
15240360
15209413
15335974
15231173
15192903
15227366
15145847
15270956
15214944
15258934
15305518
15301601
15269744
15337758
15364947
15205786
15249496
15453690
15447869
15450544
15373002
15419286
15479246
15501778
15383531
15482873
15347927
15478996
15481490
15416291
15498351
15443741
15509792
15674103
15650149
15503210
15554694
15751494
15713143
15684682
15673482
15915243
15685343
15677389
15602051
15741936
15659135
15789524
15899976
15731026
15868658
15754219
15713204
15697265
15959775
15872174
15887132
15828315
15798590
15749841
16613700
16301068
16528715
16492391
16220525
16264586
16608855
16469490
16288500
16656823
16348349
16704320
16494316
16668335
16587136
16829890
16879771
16349251
16360221
16356313
16144837
16369197
16407898
16486051
16634162
16499075
16341076
16484147
16351705
16802209
16628852
16701094
16875112
16872047
17039403
16689473
17027501
16713086
16750905
16729817
16700553
16991605
16854845
16936364
16629894
16988610
17173678
17127824
17214954
16931656
17236643
16744614
17319715
16989622
16919263
16885541
17224451
16821684
16965338
17264394
17001704
16922359
17128697
17351558
17219176
17227772
16999284
17490451
16948731
17205300
17110277
17361305
16989535
16687223
16786465
16796192
16940847
16795742
16744528
16619189
16790151
17163644
16981902
16811971
16980279
17024209
17628585
17433678
17522310
17529213
18157170
17779390
17889611
17849097
17523091
17859997
17717808
17816428
17445770
17860709
17447423
17816779
17559418
17378227
17889141
17706046
17687332
17676713
18476054
17729539
17639073
17773399
17667776
17883660
17339436
17291437
17371093
17907304
17967675
17955322
17445173
17427291
17507518
17198573
17591941
17312331
17348606
17451635
17491748
17378612
17748478
17508409
17578638
17606138
17511695
17701793
17540548
17737628
17584328
17659105
17779384
17711410
17698036
17774956
17872805
17865332
17956689
17711791
18022729
17821251
18002803
18007862
17962159
17839735
17907198
17873116
17824487
18014194
17918058
17928587
17631324
17839455
18016508
18048967
18372639
18511323
18411050
18428221
18169047
18609032
18551998
18349227
18416931
18470057
18430916
18254615
18320128
18546412
18673414
18289272
18453472
18262132
18477686
18242626
18528639
18420171
18413950
18572139
18580434
18288099
18255931
18483076
18454975
18615618
18668765
18082403
18502121
18100506
18461807
18846811
19329434
18551992
18451388
18792322
18592025
18463270
18486011
18562150
18622631
18611911
18568392
18493926
18558224
18513943
18547454
19072775
19449032
19215255
19479669
18666591
19339392
19074398
19279202
19315638
19663976
19280164
19237466
19349109
19254688
19214588
20140913
19266364
19035881
19133440
19382576
20104947
19921391
19037695
20136254
19208197
19760206
19766698
19330380
20320512
20140542
20854297
21149998
19367007
21968366
21197466
21283684
21987401
21817019
20036201
19120726
19295897
19138509
19278155
19245295
19473201
21235966
21168152
19627063
20356658
20214137
20077718
19915681
20108494
20062590
19710696
19316174
19613938
19789450
19829584
19891326
19564929
19529925
19756820
19477871
19425208
19862388
19474960
19515513
20657212
19589610
19773566
19429205
19576665
19693008
19696444
19623211
19561828
19750403
19814811
19810713
19697967
19775269
19705270
20166695
20069788
19924081
20037358
19623731
19971828
20001613
19786630
19632397
19886372
20002144
19825550
20021319
19971537
19913432
19809761
19748359
19828607
19844155
20080347
19958033
19907722
20108599
20014076
20074607
20082441
20158190
19982007
19908823
20367172
20005712
20098895
20226188
20438146
20294844
20263136
20252086
20400728
20655364
20321312
20469994
20454396
20306947
20557294
20394076
20611924
20603980
20355675
20601164
20268166
20556873
20522129
20404916
20507834
20585826
20509336
20601896
20754064
20596496
20644694
20582730
20770765
20678365
20873844
20597087
20547526
20844860
20794548
20744457
20786113
20775824
20903107
20667436
20685238
20803675
20798666
20701898
20940345
20708821
20840275
20843783
21008835
20967680
20891150
21022390
20914453
22088561
21184015
21017391
20927737
20970445
21764839
21174638
20914142
21318893
21105722
21118506
21230852
22050641
21887674
21016099
20951510
20954105
21162857
21410200
21245177
21181341
21194144
21449251
21535669
21363885
21223609
21371288
21405481
21285652
21281104
21380145
21343288
21248413
21470089
21616538
21585390
21661970
21561697
21654246
21709267
21637300
21638362
21592288
21520366
21767979
21490832
21536646
21534181
21923494
21851352
21558806
21670641
21957046
21788166
21534912
21707459
21655464
21504137
21590154
21873563
21915880
21747211
21828290
21832678
21797032
22207313
21790681
21830343
22066736
21508224
22497965
21939563
22050998
22045908
21919987
22175836
22022164
22091291
21943290
22079931
22229804
22236146
22062559
22395338
22073130
22258552
21954075
22284139
22265084
22064607
22398538
22372621
22348266
22550707
22329893
22367522
22161204
22146397
22506055
22065519
22549574
22803710
22546900
22462385
22727872
22128635
22767744
22479707
22743139
22503240
22611508
22378932
22560595
22613572
22817194
22536150
22773164
22499904
22686255
22630303
22519360
22807267
22572276
22775118
22779556
22959224
23317441
22930392
22886352
22907686
23109004
22862813
22906434
22934224
22769001
23089839
23003962
23007317
23314841
23557525
23652859
23175395
23424862
23301306
23077827
22912484
23499679
23106990
23968718
23462702
23955243
23464785
23066055
23424612
23452152
23435551
23539421
26085062
23217713
23467861
23309471
23311444
23436714
23332443
23322815
23374200
23244332
23210229
23473862
23483951
23797294
23780415
23355290
23581865
23230221
23611038
23575683
23569833
23352614
23683851
23499153
23638779
23581123
23806295
23634902
23658915
23900338
23427992
23805815
24013555
23991434
23732821
23718074
23681577
24025638
23644209
23674094
23541932
23985373
23790868
23761303
23882615
23894317
23733442
23935292
23993598
24032720
23854894
23910045
24323342
23982468
24094583
23870403
24196623
24290116
24255212
24070284
24315163
24437436
24120165
24292911
24169305
24088347
24448145
24122299
24299474
24307358
24353252
24100780
24079390
24384078
24491736
24499961
24465378
24368330
24149930
24424192
24406980
24502675
24259961
24422359
24525277
24464927
24330390
24282753
24515619
24393706
24366567
24624138
24910082
24569718
24760257
24550794
24646238
24554915
24414970
24875604
24601521
24745695
24653317
24860286
24830161
24557260
24820854
25101167
24809923
25181203
24790187
24952695
24888067
24906661
24973633
24823428
25248186
25209545
25214204
25048240
25249368
25059500
25412407
25001414
25223130
24866547
25160155
25067515
25299570
25308878
25328723
25438093
25204696
25331458
25159314
25499747
25429769
25254371
25451604
25784503
25500604
25613891
24963510
25451624
25720587
25696162
25361519
25574057
25477711
25565282
25614883
25688297
25569099
25804059
25595628
25706450
25597531
26137740
25623940
25739511
26123635
25436386
25745191
25997243
25882533
26093810
25611897
25797708
25943915
25925061
25856115
25669233
25891059
25962750
25730044
25923899
26063299
26114413
25910159
26274957
26098974
26253818
25916370
26109955
26133047
26264087
26016393
25870977
25963667
26297048
25995595
26057408
26006275
26278614
26129280
26313147
25957225
26595554
26096961
26156339
26416396
26131313
26325700
26258797
26349213
26393725
26375060
26694375
26555321
25969938
26744607
26272172
26196353
26440871
26600839
26602934
26459220
26432551
26483685
26505404
26695843
26666880
26804673
26721981
26667542
26910687
26708196
26559143
26609875
26903935
26880902
26824128
27045604
26689842
26998107
27067013
26953875
26952413
27010540
27073475
26869452
27128596
27140738
27027481
26940692
27068596
27049471
27252763
27098210
27202591
26862578
26889433
27367740
27356168
27114104
27412501
27571422
27140763
27219478
27250554
27294405
27389469
27516182
27283244
27441745
27279898
27173854
27506333
27678749
27687525
27570060
27233563
27608050
27752585
27538743
27702954
27732007
27662330
27951649
27709826
27711940
27628227
27987034
27907268
27600536
27732487
27666407
28104524
27907784
27736179
27856360
27779439
27759682
27812950
27997529
27818561
27721142
27922661
27827076
27963266
27858835
27800046
28157121
27827808
27716784
28003159
28267443
28119632
28181165
27880834
28181105
28297458
27998170
28183069
28128368
28145720
28094787
28271471
28447152
28119812
28027424
28118841
28373278
28579861
28370166
28314614
28290450
28518088
28357344
28390704
28705931
28759210
28543064
28441307
28713836
28486129
28322018
28788854
28712124
28807849
28801267
28713256
28545948
28861196
29028524
28450233
28650931
28377951
28400923
29040886
28752978
28805755
28619925
28757337
28844777
28753349
29137914
28777886
29103416
28675021
28887329
29106361
28922925
28966685
28785433
28848238
29024922
29024201
29046271
29168195
28960383
29155882
29122581
28852956
29175438
29388488
29333508
29114036
29227363
29144931
29139292
29436386
29246648
28992142
29153057
29845405
29763386
29500644
29270773
29500424
29515982
29070596
29537146
29280916
29741491
29657186
29293148
29483948
29905411
29594731
29793386
29720422
29663467
29903868
29736431
30943414
30677616
30559520
30829685
30376033
30599673
30678137
30953592
30560692
30270660
29648911
29654782
29554538
29926730
29891465
29987432
30278285
29796922
30301928
30567625
30830222
30804655
31023225
31096570
31281539
31075020
31225747
30675227
31260650
30697188
30994913
30687830
31348161
31392032
31509808
31201803
31174523
30956163
31271321
31211601
31667476
31308488
30844739
30956092
31463061
31324738
31588632
31494038
31422066
31564768
31161499
31128188
31339150
31520523
31535359
31656592
31651082
31110822
31474649
31507108
31945842
31573690
31372992
31580282
31670848
31954298
31903956
31157848
30826370
31082359
30768935
31016559
31063425
30927766
30809329
31238416
31983932
31806237
31790989
32075620
32422015
31806847
31782082
32046038
34070052
31829625
32468095
31938244
31928917
32239666
32214981
32153077
32442468
32207818
32025774
31999697
32265694
32858131
32215212
31953052
31765357
31352540
31430032
31493198
31327104
31501302
32055970
31740311
31322065
31811842
31441583
31347591
31946299
31635079
33729509
32335588
32071484
31929974
32169012
32198878
32214657
32148696
31819071
32207092
32048561
31906692
31950311
32434430
31982981
31971230
32157201
31957936
32515117
33577816
32131674
33986464
32334826
33689720
33304244
33265033
33177912
33929350
32473159
33077428
32816550
33052696
32168226
32077050
33361104
32408016
32310347
31865131
32150785
32409369
32486530
32492271
32638229
32706924
32720239
32784447
32933640
32572277
32567018
32139123
32411923
33709252
32773577
32602633
32488234
33273192
33263385
33268013
32895430
33331610
32997668
33217873
34312334
33004836
33430877
33493542
33213358
32405998
32728639
32932213
32751522
32574517
32909482
33044719
33397306
34069278
33366119
33654818
33288626
33981106
33413225
33629572
33412023
33757066
33254774
33009796
32998024
33444302
33867959
33488022
33014855
32986113
33194449
33204819
33036490
33236857
33431715
34104298
35144166
34049808
33200641
32963235
33921673
35159744
33365412
33705867
34514200
34556487
35443263
34337355
33956828
34144111
35681500
35410002
34323289
36167432
36244624
35385017
35791823
34611899
34875163
34123750
33896462
36112207
33719618
33908925
34336439
33962944
34629717
33938770
33641876
33797291
35724987
33849917
34466357
39327183
37136856
38195247
37969964
37540647
36602255
36589101
36282098
35991976
36757069
36279272
34941138
36284633
37613482
35669080
35147282
34795887
34675697
34525892
34706443
34667081
34648717
34552672
34948468
34396655
34610577
35361375
34908314
34690986
34844106
35222761
35374769
34793694
34409769
35809988
34632638
35583272
35011223
35327603
35149567
35427477
34922009
35334420
35423705
35859324
35228476
35351502
35428775
35591473
34850263
35904156
35276315
35546801
35875975
35388650
35254244
35369084
35700703
35516636
35794555
35374975
35346493
35553773
35906972
35707556
35337036
36828221
35038648
36098142
36113751
35291437
35719052
35552877
35647170
35557786
35703083
36331055
36209682
34961222
35682164
35704245
35762412
35902268
35550132
35247437
35658891
35840605
35859651
35822031
37222460
36874231
35895145
36181250
35980061
36050139
37498367
38093238
35928447
35689704
35888859
36037852
35606201
36065423
36146912
36134660
35927680
35971230
35622030
36324819
36215258
36212533
36099095
35960651
35977011
35750044
36618067
35863182
35879752
36411257
36000494
36192065
36385029
36244842
36170195
36851546
36176590
36306170
36498964
36089753
35982566
36828789
36361792
36686418
36550940
36476032
36292335
36550078
36408738
36439815
36846552
36564875
36771384
36688282
36887958
36958317
36093991
36144022
36818220
36501649
36563712
36733294
36655050
36852694
36365535
37098770
36914341
37143021
36777210
36929991
36775597
36891210
36941552
36896068
37041405
37220394
36732347
36664924
37629915
36587461
37240690
37065980
37258003
36798489
37678364
37458580
37351905
37149433
37189877
37277147
37384075
37206083
37199770
37465568
37463876
37632065
37252137
37538803
37678850
37389629
37198819
37296088
37407372
37342763
37366357
37410398
37739922
37760389
37623118
37897962
37694068
37917368
38069026
37721138
37671597
37768435
38226916
37798043
37912805
38067448
37739136
37906403
37958949
37806319
37891316
37704082
37551742
37985459
38120977
37886557
37618044
38313560
37923975
38575692
37809796
38032845
37760666
38230618
38115677
38206253
38124794
38594076
38327396
38036886
38495009
38367435
38336097
38812521
38609298
38381901
38966464
38461147
38582750
38587278
38725812
38713219
39055016
38430139
38568775
38821709
38948892
38619457
38986401
38769532
38651996
38654241
38721524
38686210
38597237
39439397
39304530
38946073
38435605
38654867
39166366
38742188
38833346
38887755
38746115
38823698
38989983
38939099
39054451
38878969
39706138
39370081
39452422
39259949
39595104
39243939
38984382
39363399
39291787
39283321
39289534
39212918
39557560
39084442
39627008
39712905
39591302
39468737
39273468
39582896
39842323
39275331
39449101
39963646
39553293
39916869
39822637
39515333
39662713
39618132
40132125
39474077
39854866
39897765
39730527
40221811
39970153
40195857
39883334
40003855
40291573
40064456
40003965
39980532
39855212
39963831
40256198
39730442
40054317
40431509
39971756
40079724
40504123
40373503
40108757
40129696
40134054
40410721
40310588
39863998
40644413
40320531
40332653
40075682
40380812
40540956
40626503
40589155
40711088
40867205
40372207
40959575
40718572
41025796
40875681
40515128
41040423
40771259
40782850
40507966
40728550
40648263
40884036
41038850
41023483
40927881
41277845
40885084
40806629
40841292
40765805
41182068
41000495
41076675
41142746
41280189
40965301
41421028
41092414
40871318
41150000
41132668
40860368
40749574
41166851
41369733
41652422
41358051
41257987
41264023
41356925
41239520
41120261
41423658
41138433
41821428
41311040
41442172
41356875
41601765
41427434
41032639
41775003
41916142
41832198
41949092
41811740
41612935
41513673
41529221
41597016
42024240
41892649
41365925
41576644
41821894
42083094
41744101
42017112
41984513
42207803
41585059
42307415
42414913
41630753
42083014
42436543
41978152
42396780
42055183
41949298
42287699
42098522
42258015
42858628
42385850
42211369
42219980
42582296
42402295
42322719
42129725
42227874
42370768
42630825
42370116
42688431
42463117
42647656
42622580
42460402
42411272
42524900
42539307
42366719
42878129
42610988
42551509
42838096
42376639
42609458
42773953
42285195
42621143
42652921
42419532
42273524
42899494
42915613
43037547
42910383
43253293
43276176
42541005
42903131
43528318
43059929
42630820
42975814
42936862
43370889
42968240
43213040
42916616
43481699
43579738
43817625
43060565
43556867
42810275
43497286
43649837
43095088
43285448
43503719
43452184
43662119
43472432
44003486
43788061
43254291
43755811
43411509
43858881
43774166
43719004
43911339
43702269
43312653
43552003
43798676
43361773
43959170
43618855
43869847
43952057
44017858
43851372
44168185
43294139
44391204
43811569
44279359
44015964
43610379
43841094
44070866
43918976
44160130
43877444
44178508
43864932
44803126
43936173
44679969
44618046
44333563
44203013
44216809
44681232
44106627
45148380
44432475
43957683
44455778
44748085
44222930
44300462
44068847
44151309
44019968
44652479
44530350
44669065
44908134
44084120
44666259
45175906
44447808
44509883
44381627
44563321
44859745
44785989
44904888
44760363
44740566
44721732
45597300
44628120
44683121
44881605
44728794
44686878
44929016
45123064
44849741
45085936
45481974
45442571
45130407
45428024
45039450
45154001
45120870
45616511
45313584
45437462
45281776
45407507
45082098
45540271
45918856
45004636
45325235
45639293
45672006
45881333
45847239
45667649
45693617
45861386
45475266
46241013
45893465
45714285
45914743
46343792
46043069
45775418
45763345
45615854
45914974
45458305
45838313
45917388
46358199
46051646
45882940
46047002
46015965
46797561
46878800
47019920
46699541
46951183
47036791
46616909
46384442
48321751
46828197
46538235
46464089
46401022
46624282
46497489
46327297
46571616
46592694
46138052
46116945
46144376
46112537
46928787
46492456
46617034
46592329
46835205
46256642
46755729
46648211
46635157
46727717
46299581
46995109
47078361
46767580
46817813
46742595
46391650
46721587
46888057
46666029
46804925
46966622
47253869
46851660
46890702
46853463
46929434
47290086
47185674
47235415
47259610
47216120
47096159
47215119
47323688
47304843
47508237
46927499
47030339
46926012
47398871
47042085
47750567
47098920
47436651
47708040
47046143
47627191
47453301
47573332
47739687
46942172
47629284
47379305
47456427
47536153
47667845
47800229
48441487
47902907
48005300
47156080
47970507
47999359
47941153
47942525
47814930
47765629
48195239
48023373
48225495
48464284
47983420
47800634
48395186
48301655
48345546
48400216
47985864
48507663
48280337
48483955
48273318
48423564
48512547
48712575
48550707
48180858
47943862
48305216
48454410
48411091
48441597
48598305
48510934
48362492
48207056
48667162
48514491
48404108
48756997
48746530
48305632
48460546
48761480
48911005
48843270
48505008
48680431
49037617
48713672
49245128
50037936
48898351
49892649
49306612
50086845
49447030
49479339
49659020
49250970
49580507
50789763
50824888
49812386
49457494
50163181
49590318
49951422
49855827
50206280
50010251
49355767
49725457
50493919
50343784
50549992
50042940
50532039
50036409
51462760
49351231
50165891
50247772
50568851
50140825
50363966
50473807
51474877
49995578
49583080
49915952
49796693
49247132
50225611
50844318
50629683
50656183
50057632
50529320
51548192
50006731
50401549
50893223
51076720
51405886
50970986
50148103
49994932
50602909
49966719
50622275
50136972
50720435
50496344
50862347
50834345
49943116
50968822
49947554
50815450
50674425
50191237
50520823
50361179
50769540
50019200
51270271
50394521
50571236
50746087
50426390
51109225
50417413
50737211
50463267
50378571
50917543
50465521
50710232
50543416
50718581
50577963
51129708
51564386
50871472
50730363
51260026
50795322
50809027
50962149
51216907
51534551
51206168
50956018
51127593
52263913
51263524
50628886
51014996
51185844
51453437
51564521
51107721
51469497
51398957
51755402
51450071
51301547
51594967
51474165
51005203
51467363
51816986
51236368
51948337
51590839
51755091
51640862
51436818
51932663
51876209
51201458
52114527
52001971
52001710
51912296
52173546
51727756
51672644
51969370
51567501
52047324
52109679
52028008
51650975
52103156
52243244
52485028
51648435
51794814
51962392
52243259
52503788
51746194
51836030
52595607
51985955
52769015
52059471
52629057
52273675
52504709
52074788
52533201
52672818
52915254
52264217
52682471
52917042
52442009
52347224
52345922
52982953
52713648
52576676
53018568
52483514
52940986
52499674
52336504
53344759
52544227
52903678
53191376
53347083
53132168
53297346
52914382
52918329
52506031
53223750
53205948
53245630
52863508
53704505
53292086
53075838
53307585
53195699
54030655
53345314
53186592
53232306
53489600
53592129
53711592
53753390
53366808
53496907
53381495
53798592
53486378
53894569
53669014
54402733
53996105
54297640
54598092
53999000
54213485
53550165
53665698
53603373
53542194
54131409
53883543
53651507
54057623
53774042
54112524
54291343
54094661
54013121
53648531
53823823
55616500
53657527
54177934
54118886
54539590
53811881
54185280
54114782
55139999
54485996
54337182
54642714
54478903
54739572
53927819
54635690
54531789
54344014
55100956
54267604
54358371
54715798
54568146
54585678
53905097
54639322
54409369
54938202
54970510
54191979
55003252
54429315
54839550
55059495
55019812
54664658
55146254
54540390
55626868
55087636
54547022
55008972
54833899
54639166
55301724
54913841
55353039
55064979
55315590
55602117
55269565
54695410
54638846
55203234
55121964
55248517
56107637
55416786
55313005
55509928
54908201
55522454
55765552
55369383
55364875
55621888
55408405
55303101
55108123
55840200
55833337
55674885
55379933
55576374
55731509
55853974
55435906
54771925
56206713
55665502
55842057
55816781
55327450
55780924
55872142
55966676
56182533
55596055
55954263
55666545
56070527
56036204
56092528
56389644
55857115
55586777
56214202
55893485
56249541
56337693
56393997
56342993
55927238
56356347
55927959
56907110
56325290
56594776
56641061
56666247
56219465
57082423
56391051
56363831
57016212
56921181
56990619
56650583
56112783
56894271
56873703
56934906
56391175
56985609
57269001
56754554
56617051
56526795
56771786
56614426
56955764
56756117
57217890
57156788
57570970
57334075
57051043
56881211
56799101
57095916
57431955
57332161
57319768
57098641
57323605
57004688
56968111
57212792
56940441
57899656
57259922
57696085
57518918
57718075
57456674
57861208
58063651
58193049
57292692
57525932
58245826
57354827
57704380
57713887
57869844
57517716
57879852
58258994
57835034
57992684
57943124
57877382
58082831
57838811
58393030
58276456
58294971
58099050
58066169
57945848
58072972
57721125
57978469
58294800
58899797
58169594
58110425
57842392
57907592
58473423
58273565
58331422
58861537
58675064
58530408
58360004
58241977
58490103
58219876
58668913
58607089
58530621
59042214
58900433
58627410
58827307
58484387
58557321
58754033
58888731
58963849
59163908
58469219
58964891
59389292
59233505
59211655
58736310
59467970
59403102
59159794
59522581
59039732
58923118
59088423
59254909
61664663
59458904
60015289
60359492
60089625
59590005
61526198
60344604
60383286
60369324
61003411
59248992
60428793
60102723
61249634
60350950
60780951
60093425
59880444
60851151
60171570
60127789
60218616
59537663
60267527
60373825
59791214
59393762
59827360
60221004
60064877
