81
70
230
60
180
110
160
160
210
190
191
230
231
321
330
280
501
480
481
571
591
511
612
601
692
621
631
652
702
852
911
821
882
922
922
962
1072
1092
982
1222
1062
1182
1162
1182
1223
1343
1353
1463
1482
1513
1523
1563
1563
1593
1643
1783
1673
1773
1793
1863
1873
1964
1893
1884
1994
1944
2054
2034
2254
2224
2274
2294
2325
2164
2315
2294
2455
2445
2424
2555
2404
2625
2786
2705
2675
2816
2755
2765
2765
2916
2845
2966
3085
3086
3086
3156
3266
3226
3307
3216
3366
3377
3416
3287
3406
3477
3567
3456
3647
3517
3737
3717
3747
3958
4038
3857
4027
3897
3907
4158
4117
4278
4098
4118
4268
4389
4258
4418
4358
4388
4438
4719
4759
4739
4689
4599
4949
4789
4960
4879
4879
4839
5170
5140
5060
5060
5240
5199
5280
5220
5330
5420
5370
5561
5641
5600
5750
5500
5650
5731
5541
5781
5791
5861
5931
6071
5821
5991
6292
6522
6222
6542
6532
6762
6662
6413
6613
6853
6612
6893
6893
7214
6813
6953
6873
7003
7163
7193
7474
7384
7324
7314
7675
7264
11040
7384
7554
7604
7564
7595
7655
7674
7504
7845
7485
8195
8275
7714
8105
8286
8486
8456
8225
8225
8365
8155
8486
8496
8616
8656
8827
8666
8456
8616
8586
8536
8526
9077
8637
8727
8856
8667
8586
8656
8757
8787
8807
9007
9027
9157
9037
9148
8877
9437
9347
9027
9428
9288
9558
9418
9638
9518
9669
9608
9889
9869
10129
10109
10059
9938
10129
10179
10179
10089
10369
10039
10430
10429
10259
10400
10570
10550
10710
10590
10750
10330
10740
13886
10810
10881
10760
10921
10931
11231
11161
11211
11221
11111
11281
11411
11532
11332
11612
11231
11491
11471
12003
12073
11692
11782
11652
11872
11712
12053
12093
12132
12053
12363
12173
12203
15148
12724
12414
11972
12404
12413
12443
12494
12604
12925
13054
12914
12855
12854
12944
12754
13264
13315
13045
13215
13155
13104
13355
13425
13285
13305
13725
13635
13626
13416
13636
13455
13625
13666
13595
13686
13926
14166
13946
13816
14036
13876
13886
14678
14618
14237
14638
14638
14397
14667
14457
14738
14768
14657
14828
14447
14828
15529
15088
15028
15009
14958
14988
15018
15149
15228
15800
15429
15339
15318
15860
15479
15449
15439
15419
16140
15549
15579
15639
15890
15750
16191
16150
19427
16100
16421
16250
16491
16451
16641
16531
16501
16321
16501
16591
17062
16812
16871
16571
16572
16862
16932
16501
17062
17002
17263
17253
17283
17563
17242
17263
17092
17232
17252
17593
17423
18104
18014
17643
17903
18114
18044
18204
18134
17934
18285
17994
18495
18054
66936
18665
18535
18705
18715
18835
18414
18625
18975
18615
18806
18715
18875
19216
19296
19296
19126
19066
19457
19496
19466
19126
19377
19327
19576
19026
19417
19286
19897
19827
19487
19828
19647
19897
20168
20459
20358
19997
20138
20468
20398
19977
20118
20358
20378
20168
20969
20588
20538
20859
20789
20408
20820
20608
20880
21330
21320
20548
20969
21611
26379
21350
21270
20900
21250
21631
21591
21700
21450
21130
21630
21641
22172
22031
22151
21801
22112
22322
21881
24025
22502
21680
22151
22121
22432
22472
22703
22653
22382
22402
22553
22583
22973
22703
22453
22813
23013
35667
23123
22933
22963
23114
22963
23425
23555
23414
23875
23314
23594
23213
23775
24195
24085
23585
23654
23844
23685
24256
23965
24476
24115
24016
24185
24567
23855
24516
24546
24105
24295
24917
24516
24446
24466
25278
24867
24987
25247
25258
24736
25468
25257
25478
24917
24887
25007
25728
25258
25928
32381
25788
25398
26119
25538
25628
26059
25979
26280
26179
25989
26099
25969
26239
25939
26129
33433
26079
26450
26550
26921
26359
26540
26811
27101
26640
27121
26320
26480
26700
26901
26790
26820
26500
26860
27201
27552
26991
27251
27211
27762
28033
27612
27942
27692
27712
28203
34354
27622
27872
28504
28213
27813
28713
28563
28474
28404
28553
28484
28484
28002
29055
28844
28534
28563
29004
28844
28754
28333
28633
28845
29385
29164
29205
29205
29285
35767
29646
29516
29786
30217
29065
29396
29786
30016
29976
30367
29826
30096
30216
30568
30337
30207
30026
30137
30487
30728
30607
30126
30477
30497
30557
30527
30617
31138
31209
31108
30407
30949
31269
30958
31149
31409
31158
31660
31048
31599
30548
33684
31048
31900
31479
31519
31208
31469
31770
31158
31880
31870
32000
31549
32631
32051
32622
32611
33022
33223
32561
32651
33102
32411
32351
32942
32050
33233
32542
32941
32902
33884
32832
33072
33974
33352
33242
33974
33644
33082
36609
33713
33393
33573
34104
33353
33573
33903
33413
33353
33904
33653
34414
34655
34725
34194
34425
35096
34365
34505
34985
34024
34424
34976
34495
41919
34746
34545
34665
34845
34956
34695
34996
35216
35336
35887
34926
40576
35527
35817
35867
35657
36158
35627
35867
35937
35476
35938
36208
39043
35937
35958
36218
37110
36979
36398
35978
36328
36067
36279
36328
43341
36488
36829
37079
36899
37461
37530
37220
37380
36910
37620
37370
37700
37881
37260
37981
37109
37401
37250
37821
37430
37501
37590
43382
37250
38232
37701
38372
38532
37260
38212
38202
37911
37571
38021
43001
38853
38181
37932
39675
38893
38662
38232
38632
38923
39163
39775
38823
39184
39434
39374
39244
38853
39554
39374
38793
39946
39845
39484
40116
40216
39374
39514
39455
39645
39935
39905
40085
40917
40105
40125
40727
40426
40967
40396
40757
39425
40656
44022
41107
41187
40877
40857
41017
40646
41328
41228
41158
40737
40486
41688
41498
41989
41809
41779
41648
42059
41668
41709
43201
41278
41177
42018
42229
41598
41728
41908
42690
42149
42049
41978
41839
42069
42199
42640
42860
42249
42109
42770
42890
43162
42640
42149
43141
42811
42921
43121
42771
43151
43302
43732
43812
43402
42710
43582
43893
43522
43542
43532
43772
43802
43853
43452
43802
44203
44835
44063
44724
43592
44734
44103
44143
45104
44644
45335
44173
44524
44484
44814
45005
44824
45605
45375
45145
45255
44955
45265
45235
52008
45646
44894
45175
45606
45375
44634
45807
46126
45676
45615
46197
46708
45535
46437
45977
45335
44864
46207
47158
52989
46748
46437
46618
46307
46948
46537
46467
47249
47159
47540
47239
47048
47089
47148
47419
47689
47228
47059
47469
47199
47600
46648
46628
49102
47760
48081
47539
53621
47439
47550
48020
48671
47319
48822
49032
48021
56386
48000
48391
48781
48511
48071
48722
48561
48541
55745
49312
48911
48471
49022
49403
48922
49413
48932
53551
49423
49043
49423
49443
50134
49783
49823
49342
53360
49383
50425
50775
50615
50094
50415
50616
50245
50334
50204
50966
50325
50655
51066
50284
50616
50956
50595
50685
50134
51617
51256
50385
51066
50696
55454
50975
51396
50955
51427
51577
51767
49733
51156
51788
51206
52007
51998
52769
51967
52268
52478
53431
52599
52559
52208
53079
52078
52919
52889
52749
52369
52198
52599
53371
53280
53390
52518
57518
64030
58540
53340
53140
52659
53049
54353
53440
61035
54032
53210
54231
53901
53541
53270
53771
54232
53230
54502
53841
53751
53962
55043
54903
54683
54152
55184
54954
54111
55384
54653
54252
55063
58110
55084
54633
55425
54573
54723
54532
55454
55114
55966
55374
55805
55975
55193
56296
55905
55434
56025
55524
55314
54562
55484
55775
56546
56647
56476
56085
56325
56386
56345
56285
57198
56476
56026
56526
56236
56506
56997
56376
59713
58420
57498
55955
57087
56716
56406
57207
60463
57007
57428
57307
57358
56346
57699
58319
57608
57618
57248
58540
57448
58139
57899
59622
58380
57839
57568
58059
57939
59973
58249
61205
59121
58149
58400
58710
59542
59833
60073
59121
58801
59722
59652
58980
58860
59051
61696
59231
58930
59091
60043
65643
59642
61405
60393
59541
59442
59642
60363
59622
59893
60163
60814
60233
60934
60785
60343
60604
64060
59712
61205
60994
60664
60835
59993
59892
61095
60654
61114
60935
60894
60774
61336
61466
61897
61115
61245
62126
62147
61145
64131
61857
61335
62778
61425
62217
61385
64371
61586
62197
62908
63008
62758
62828
62637
61395
61967
62417
62888
62788
63209
62698
63690
63179
63640
62658
63039
63319
64832
63429
63529
62968
64190
62657
62979
63228
63709
63850
64000
64070
64551
63870
64291
64311
67808
63990
63229
64010
64190
64572
64812
64281
63660
64391
64431
65213
64882
64822
64892
64320
64832
65272
64802
69360
65503
64331
65383
64741
66795
66485
69310
65363
66314
65543
66405
65042
65463
65043
66525
66946
66284
65463
66595
66425
75692
66645
66435
67297
65523
66656
71253
65844
66374
66856
67366
66656
66735
67166
67737
66855
67638
67036
67617
67005
67096
68609
68389
67456
67637
67587
71835
68469
68539
67427
66976
66515
67537
75923
67507
68218
68168
68959
68308
72546
67897
68839
69451
68108
68669
67607
69360
68930
69480
68419
68639
70182
73378
70152
69500
69180
69801
68699
70101
69761
69691
69501
70462
70022
70092
70552
69551
70653
70302
71124
69961
69350
70142
70622
71555
69781
70492
69641
75051
70653
71034
70212
70883
70533
71124
70933
71434
70503
70973
71384
71193
75592
71775
72045
71214
72136
70803
71755
71445
72225
71715
71203
73217
72436
80421
73247
72737
72406
71905
72707
76373
71715
71554
72136
72507
72937
78177
72547
72196
72957
73618
73448
73658
73608
72276
73669
72767
74189
73147
73649
74570
74250
73398
73758
73768
74209
74090
72716
72497
73638
73819
76934
74591
74159
73678
73839
73899
76844
75021
74460
75472
74250
74690
79630
75843
74801
74199
75031
75051
78798
75181
74741
74900
75572
75302
78988
75732
75391
75692
73908
76153
79439
74129
79028
76824
75873
75883
98334
75933
76534
76323
74960
76194
80541
76013
76333
75863
76774
77455
80321
76583
77475
76814
77215
76895
81172
77135
77155
76584
77275
77796
80541
77606
77906
78177
77375
77556
77436
78377
77926
77897
78758
78738
78628
77976
79038
77075
77155
77786
77536
79259
78447
79089
78307
83737
79309
78448
79128
79319
78628
83296
79820
79870
80221
79319
78748
78939
82304
79550
79439
78638
79710
80181
79540
79800
79660
78828
86703
80672
80642
79830
80341
80822
83727
80642
78297
79750
80421
81132
81323
81884
81263
81423
80261
84719
80261
81263
79971
80962
80791
84639
81693
81413
80782
81463
81322
81433
81493
81883
82946
82045
84639
80852
82385
82014
81293
81303
81654
82635
82555
82024
82025
81734
82425
83557
82205
81784
82655
89098
83437
86413
83086
82865
84248
82214
82616
82385
82505
82405
87435
82816
83867
83998
83487
83337
84188
84118
83357
84209
83988
87825
83447
84068
83006
84559
86893
84939
84709
83687
85411
84849
85000
85160
85941
85140
85090
89298
84829
85721
84900
84519
85681
85380
85460
84518
84559
86082
89579
86152
85942
86613
87043
86091
86012
86804
86302
86383
86362
85892
86252
85331
86552
85130
99708
87164
86493
86322
86582
90861
87665
86513
86793
86453
86363
87405
86533
87795
86633
87785
87485
86683
87465
88216
87665
92694
87815
88205
87053
86633
92073
89027
87154
87575
88285
87905
88987
87986
87715
88537
88767
88877
89278
89448
89118
88296
91491
88807
89067
89188
89888
92143
88787
89598
88437
90349
91723
89779
88766
89258
89718
93576
90049
90831
89599
90860
91091
89378
89648
89668
89508
90190
89559
89749
90160
90230
90170
90751
91251
90400
90210
91152
91302
115016
115618
99417
91733
92974
92093
91252
90841
92023
92323
91482
91772
90761
91462
92754
93306
90861
92213
91121
92894
93375
92494
92825
92373
92954
91633
92744
92493
93095
93215
90831
96521
93095
93636
92043
92824
92975
93005
92284
93887
92885
92483
92705
92644
93295
93476
92915
91822
93064
92924
93015
93385
93064
93646
94287
94608
92714
94537
93375
94538
94858
94738
104035
95409
111059
93586
93615
95169
94848
95119
94327
95209
93475
93416
95840
97012
95670
96591
94647
95169
95219
100308
96000
96191
96030
99236
100218
95690
96461
94858
96752
96532
97022
95139
95940
95590
96591
98294
96131
97303
96972
95700
97052
96722
96962
103795
96190
96641
98224
96731
100830
96180
97834
96802
97203
96922
97433
96902
98795
97563
99306
97484
97193
97894
102122
97163
97883
96962
99386
104286
98274
98285
98695
99207
98445
98685
98816
98666
102513
96922
99447
97944
99537
102733
99367
97814
99347
99587
99217
98986
99437
99998
100870
99187
99386
99026
99628
104205
99547
99187
99126
99797
101150
99738
100559
99247
100819
99607
100339
101130
100118
104927
99778
100649
100088
101521
100219
100730
99888
101130
105899
102092
101681
100710
100409
102072
101550
101220
100769
103404
104978
100619
99467
102443
102603
102593
101691
101902
106811
101791
103094
102483
101320
103104
102753
102913
102763
106480
103344
101391
101962
102793
104195
103595
101871
104657
107191
102513
104135
102452
103855
103203
102603
104215
103144
107482
103925
104656
104506
104917
103164
104186
103705
104286
106260
104696
104256
104947
103815
104386
110327
105348
106059
109225
105027
104797
103635
105128
105288
106109
105088
105508
108223
104286
104877
104817
109796
105538
105318
105919
104717
105689
105508
104286
104406
113995
105448
105107
106060
106710
105358
105969
107091
106410
111049
105568
107041
107241
110107
106931
107201
108033
106160
106590
106139
108224
106440
109776
107492
111650
107312
111670
107753
107572
108915
107902
106921
107442
107332
107773
111008
108764
107222
106500
110958
109286
108765
108844
109946
108384
107542
109606
108143
111760
108724
109235
109035
116058
109917
110428
108473
109896
108894
108854
110658
110778
108334
110027
110066
109967
111990
109315
109697
109005
113985
109777
110378
110508
110518
110167
110668
109736
110066
109967
109726
111640
111510
110658
111239
110037
111460
114084
112081
111018
111310
115467
111570
111850
109746
111940
111530
111519
111740
111289
111389
112812
112171
112522
112311
111870
111028
111329
115637
113273
112011
112080
115688
111740
114826
114124
114746
111059
114155
120417
111910
112431
112661
112682
112521
113463
112281
112792
115307
114024
114305
111480
111670
112081
113202
113313
112341
118923
113884
115417
114535
119143
113122
114385
113233
121879
114195
114145
114745
117591
115337
113192
114625
117601
113783
114575
114886
118903
114154
113423
114094
118242
114385
116158
114535
123001
115677
115617
115888
116328
115296
115907
115908
117050
115557
115306
116499
115266
115527
115877
117771
116839
116720
115988
117060
116218
116890
114916
116950
117872
116349
117110
115968
116990
117911
117531
117561
118152
117361
117190
117811
117271
117891
117290
116279
116769
117831
118052
118012
126448
117691
118843
117170
120847
119945
119454
118553
122189
119655
119575
118072
123252
118703
118472
118813
122771
119785
120075
119264
122621
119064
119104
118402
123192
119896
141977
128752
118974
117932
121098
118362
119695
119515
119144
119084
119004
117981
119124
121598
119895
117662
119715
124935
119805
121137
120928
124684
119896
120336
120356
124224
119033
119915
120196
122129
120797
121989
122590
122390
121448
119825
119695
120436
122751
120787
122480
120948
122710
122600
125676
122921
122991
120837
125566
122641
121619
122610
127009
121649
121839
121889
122660
123162
123251
122320
124093
122941
122610
122701
122661
122650
123211
127229
123803
121939
124294
128602
124063
125205
122460
124003
122481
122930
122781
123522
123693
123783
123542
121969
123252
122941
128812
136967
131147
123292
130034
123001
125195
125315
125035
126267
124274
124915
124243
125336
123472
127339
123552
126998
124404
130135
125807
124625
125255
125015
126026
135414
131818
127629
127209
127690
128983
123362
126367
126578
125757
126207
125777
125566
126628
126287
126948
131968
128251
127179
127460
131758
126418
126458
126397
124885
127550
127790
127409
128040
128893
126748
132669
126838
126478
125987
127730
127118
126618
127719
127600
127690
127409
133782
127550
127319
127670
127610
128632
129724
129283
127810
129403
129123
133080
130996
129784
130344
128151
128993
129393
129273
130375
129774
129594
130755
129694
128942
129023
129323
129974
129273
132359
131307
131176
131587
136717
130646
129874
129944
130595
130545
131698
135625
129894
130465
132489
130846
131176
129483
131217
130425
131707
132970
135134
131217
141285
129683
131618
131657
131658
135295
131457
130846
131927
132590
132389
132088
132709
131276
132289
130916
136647
131888
131908
131687
133722
133681
133501
137308
132920
132158
134092
132248
132329
131978
136507
131798
133410
132609
133431
132038
133461
138721
132599
133931
134172
131717
132719
133831
137368
133601
133802
133802
140444
134643
134372
132980
134873
134413
133491
137849
134693
134172
134653
144382
135204
134122
138721
133972
136306
134533
135956
135655
134503
138961
137759
135354
136226
136927
135645
135605
139322
135515
136056
136787
136968
136186
136386
135474
136416
136757
137368
134943
135484
137228
135655
135624
135375
141336
137027
136767
136947
137529
137959
138210
142698
135615
137358
138651
137037
135925
138180
141195
138450
136757
138149
136767
139352
139021
138320
138260
139212
142187
138199
137258
136988
138270
138450
137909
143269
138671
137969
139242
140323
138180
139643
143049
139632
139191
138611
139152
139892
136927
139091
139341
138160
143640
140935
139462
140363
139161
139872
139562
143459
140083
140574
143599
140484
140474
140844
140564
140565
138661
172173
155462
141456
145523
142037
139101
141236
143530
140885
141847
145012
141335
142177
146465
142939
141305
141937
142528
140845
143199
144642
141085
141246
143028
141186
140795
142007
141877
142588
140975
149110
178977
177454
179968
143220
150052
144321
142788
145433
145002
144422
143660
142167
143239
141606
144672
143139
142838
145644
144983
144522
144422
143690
144051
142798
145042
143950
142768
146816
144491
145293
143509
145093
143730
142458
144582
144732
143760
147477
145994
144551
146987
145173
143530
145563
145704
145403
145684
147306
145203
145603
150963
146666
145514
147037
145424
144532
146205
144993
145022
146175
151264
145253
146265
148519
147066
147347
145143
145303
145493
144081
146134
146736
146766
147287
144441
146676
150021
146645
144692
148479
148169
146545
145052
146455
146405
146806
150853
146275
147246
151304
148469
149451
148700
146194
149221
147928
147938
146916
147788
150182
148389
147737
152567
148229
148770
153268
147948
148549
148770
148399
150223
148459
149040
150082
149121
154350
148940
149251
152367
150182
152406
152506
147507
148740
149591
149371
150794
148459
148700
150082
149691
155132
150613
150232
154721
152888
150743
154270
150213
150012
150603
149592
150293
151104
150603
150573
149461
151825
151775
150563
154300
152276
151304
153479
153488
151344
157125
150824
152056
154380
150442
152656
149952
151745
150393
152787
152596
152136
150914
152927
151906
153338
151896
154080
152877
156474
151014
152136
159239
153979
153148
158358
152276
153519
155853
154009
152447
153198
151475
152346
152406
151735
154611
151925
154120
152907
154571
152797
153278
153218
154630
152286
152798
158537
154370
153739
157686
154210
155352
158648
155843
153779
157345
154971
155292
160321
156173
154650
160031
154490
154159
155232
156293
154610
155653
155853
156244
156454
153929
156575
154871
160141
156353
156364
156925
154320
156804
157055
157336
158107
154901
157526
156353
157075
155883
157536
156725
159740
156935
156694
156434
157396
157336
157426
155672
157005
158277
158618
158247
157526
157807
155762
157336
158949
157817
155613
157676
158658
159059
157847
156163
160752
160552
160020
157817
158418
162004
158428
159841
163958
162435
161033
163778
159459
165912
171212
159640
160662
158097
159790
167154
159189
159319
158859
158909
158869
157957
161172
158798
161213
160211
160602
166343
159680
161053
165321
160972
159600
180689
160531
161143
163658
160312
162004
166523
161404
160531
165451
161363
161463
166713
160582
161153
171201
169849
169438
166383
159900
161233
165101
160732
161333
159219
160311
162505
161994
161684
159589
159961
162014
160852
161353
160952
162275
164870
161894
160612
161683
164469
164128
163728
161092
164469
162264
164158
164489
163617
163227
164980
162746
163808
163527
166553
162947
167545
162345
163808
168556
163658
164289
168537
165140
164039
165511
165411
164128
167164
162766
164429
166342
163958
163036
164239
165461
166833
164069
164579
164710
165592
165751
165340
165391
165932
167144
165020
166272
172104
168387
164048
169489
164209
164680
169809
167084
164759
171151
166744
164168
171422
164439
166232
165581
164399
166223
167034
166984
166744
165351
166312
167845
165711
167244
169108
166713
166893
170801
167986
166693
170330
168136
167484
173135
168787
168577
170280
166452
167234
166693
170030
168307
167905
168918
173686
167765
168958
170711
165371
170640
174949
168687
164980
170841
167515
168557
171262
167996
170009
167505
169238
170330
168997
169378
175390
168617
168797
173295
171081
169198
174197
170561
170921
172083
170761
172494
169158
171923
170711
171672
171042
173947
170480
170841
174928
172604
170030
169699
171022
172233
170611
171112
175620
169899
172183
175289
173256
171843
173145
170090
173006
171292
169719
171212
171523
174538
176111
177223
172835
177263
173917
179537
174468
172184
176682
170029
173296
178004
172694
172794
170380
171462
173806
171473
172614
172464
174698
173847
179116
174118
173486
180940
175079
174768
173075
171953
174177
174208
173206
179067
171943
177313
187964
194596
191961
182282
174407
181471
178345
179878
184887
181311
175831
176031
175650
177995
173245
175800
177534
175270
174618
176983
180419
181932
178626
175240
179277
173837
199295
199003
199154
182383
175069
178676
201438
203482
207240
176762
175990
175841
191149
192722
194265
182994
182523
179667
184927
191971
191300
191840
177503
177854
179808
179176
179186
178195
176501
188444
195979
214363
217529
225825
213391
181220
223520
232016
237186
195277
196810
195207
219162
213471
286278
282140
239821
239610
246563
254208
245922
243798
248507
245882
267442
259117
252264
289504
250431
256853
269918
266331
264376
270118
267392
261541
268534
260920
272102
272952
260960
262013
274726
264046
286899
275768
272732
267312
266862
275678
273323
273964
285577
281318
267012
297048
270388
283372
287691
269507
268053
275497
278874
273053
276699
268986
277341
265809
276951
271660
275828
284815
277401
278433
281298
277341
273554
275768
274426
271350
277471
282621
282100
282019
281148
260770
264166
278363
265168
286648
278694
263916
270298
273834
256071
279275
277601
282380
278122
276349
285116
285967
274276
294493
283572
240161
219121
219132
224342
232486
252544
218180
234220
198262
191690
227077
206798
213632
206898
212819
204705
216727
195548
184176
183385
199886
207260
207009
186941
182463
197040
191951
197591
235653
242896
506451
255279
249208
193804
195517
198132
183725
187702
187492
223971
231144
236905
235282
330081
312016
277371
281239
278163
284745
285517
301947
284154
281720
296848
294584
281729
226666
225544
235712
208322
206648
200357
200757
193875
191419
189847
187532
211548
215034
220394
199014
196940
198613
198272
205756
198824
189887
189376
187973
209704
205777
206849
191700
188214
193273
191620
187773
188134
189356
195688
190548
199946
199585
198713
194736
192171
191340
191129
189937
197290
196700
197892
196890
189195
194375
191340
196810
195127
196750
197261
197270
193964
188023
190598
195558
205275
202821
204955
191861
195116
190779
190578
191169
192021
194826
192812
190348
189516
190699
196549
191870
192662
192081
186100
195627
191480
193023
191670
192091
212629
204785
207590
191830
193483
196208
191841
192932
191700
193694
198533
194255
194355
192462
194836
195056
192692
192442
190668
197000
199825
193083
191790
192502
192031
195267
193563
193243
195127
192902
198984
195698
193334
191280
194906
197030
192922
195096
191520
194695
199003
194024
196199
193434
192000
197471
195758
196689
194426
196509
193073
197741
195337
195968
194856
194686
196399
198593
193694
197160
196820
196179
198843
196359
195878
197351
194335
199776
195748
197131
196609
197441
197391
197481
197972
197201
197571
200216
197411
197110
198372
197802
201930
193394
198844
198012
194876
199545
197801
202981
199164
199154
198914
197020
201629
197420
198483
198933
197642
203412
199885
198754
198944
199736
203772
200136
196589
199154
198653
196819
197922
202601
199876
195828
197361
198994
203041
198633
199535
199695
200457
201088
198052
199184
199114
199996
200547
200927
204885
197261
197922
200186
202170
202470
197992
202070
200216
200516
206969
202491
203643
202010
199605
200767
199976
205516
202200
202140
199445
201218
204133
199795
203001
202410
200197
202210
201439
206087
201398
202401
201759
200727
205997
199866
201829
201559
201138
202430
202210
207450
199705
201499
202280
201178
207791
203012
202791
199695
203322
203963
200967
210515
200847
204975
204304
204364
208021
205627
205666
204845
203372
204865
205186
208011
205957
206388
205426
203613
202641
201409
206488
206678
206518
205306
205706
206668
204485
208852
206669
205517
203643
205807
210366
205977
205726
204334
204374
205426
206699
210876
204635
204805
206568
205196
203051
205947
206678
205676
205065
203793
208712
207780
207200
209003
207529
205566
205235
205276
215294
204985
213722
209653
208111
208532
204945
210134
208111
210415
208081
210716
207640
206968
206869
208000
210495
207260
205846
206929
208773
208091
207971
211668
209053
206999
209514
207209
210044
209634
217799
209072
209684
204615
208441
210546
206297
212910
206909
208232
205045
209023
211107
213761
214733
209914
209264
210365
210816
206589
210255
215355
210375
211969
209143
208162
211788
213922
214243
212098
214232
209504
208282
208802
208442
211648
211157
214743
211968
209243
211167
209283
210476
211327
212189
208502
211467
213190
211117
211077
209463
217849
209874
217008
212519
212890
213601
212199
213982
212439
214453
210385
212730
212219
213200
213001
209594
213932
213572
212028
212560
211859
213721
214523
215555
212459
216987
210966
211497
210235
213472
212519
214353
216777
210796
212900
212560
211999
213320
212640
215475
212980
217739
225925
213862
218821
212299
212920
215125
220164
217438
216387
216356
214583
216307
216417
212309
216296
218190
214493
220193
214413
217098
214393
215825
214723
217168
222318
214774
220053
217007
214613
218330
214433
213131
214723
219863
215805
217198
215926
219452
214994
212820
221707
217709
219773
218460
218741
217859
217057
219793
216507
215745
214974
222889
215555
220865
218951
217468
218380
217679
217488
216878
221786
215725
220705
217549
218029
218401
217228
220304
219442
223329
216767
220725
217279
218270
214092
219562
220294
219512
223490
218500
223890
219252
221356
218290
221867
215675
221055
218000
218801
218250
219001
222718
219072
216747
217879
218911
220153
221817
221596
221266
219973
221697
224091
218751
218401
221056
219141
220534
219723
227267
225103
225584
220114
226375
220614
220575
221997
221856
220154
219703
224101
221286
221606
222448
227427
221907
223420
219092
219523
224422
221847
220404
221146
222809
219342
223760
222529
220675
221105
222518
221626
223049
221687
221046
229081
220464
224822
222207
222258
224892
222888
221757
223109
224372
225364
228439
221968
224412
222829
226195
220084
220905
223419
223490
224612
222769
223440
224822
225253
226165
227378
222518
225203
224392
223641
225013
225203
222868
226565
226315
223860
231525
225784
230393
224021
223550
226615
226175
223500
223580
223309
226545
229972
224081
230353
226165
233519
228569
231986
228339
226836
225835
227597
224763
230704
229481
227337
230853
224041
234210
228699
231144
230924
232688
229251
226866
229982
229021
226956
228299
229652
225343
234340
230964
234590
227137
231676
229732
234701
227878
232246
228579
227557
228169
244219
226876
226746
226967
228971
227628
228248
232867
225985
232097
227608
231034
227828
235181
228941
231585
228850
229452
228930
227608
229191
232036
229491
228510
232857
229831
245121
227487
235693
229451
237126
231555
241163
230272
227687
231515
232497
228940
230724
232076
228039
231045
228880
233038
234521
235122
230082
235452
231936
232637
231695
237406
232988
233278
229671
231355
232367
229832
232156
227517
228008
233058
229601
232467
240101
236064
237997
235232
239339
238277
238899
232557
236655
232627
237066
234551
235031
232127
236725
233118
237586
233880
229682
230483
235703
231876
236885
236174
237947
232497
235172
237316
234250
239410
235652
237967
235733
236744
233319
241604
237025
238579
231745
231775
239600
239259
236704
238638
239660
240531
238539
238117
238297
233709
233819
233689
243868
246473
240872
236043
235933
253556
253427
236555
234311
236465
234992
234410
235011
237566
231665
236675
235693
239299
236955
238859
238618
237526
242326
235853
238197
234090
240532
237686
242135
241895
244990
243307
243096
234370
240332
237616
243247
236424
236485
248998
254819
252163
246153
239219
268424
254047
248797
243959
246864
240982
243117
243107
245261
242726
244078
239921
252845
245572
244779
239069
239310
265017
263656
237567
240351
239370
241334
239710
241955
236715
238618
237606
239419
244459
240272
248938
255169
247765
244690
240892
258897
253757
249429
241364
244419
257193
261722
240261
245020
239380
245661
240812
245862
242275
245210
238709
245782
240151
241845
273804
279044
251884
245351
242035
252123
248647
250250
244349
249228
242376
243327
252264
255781
244750
248026
239630
243788
243477
245401
241474
248106
242365
246634
242916
246083
241814
248307
242345
246373
242566
253376
250020
247205
245552
246042
248908
254990
245101
245721
262864
255580
247856
254248
249088
248807
245060
247215
260820
259738
244499
244490
244098
248777
244239
245982
246473
252364
254819
249449
246503
248226
258776
257173
243928
304843
244238
243959
245461
280998
265539
251302
256421
245191
249929
242145
292670
280407
247916
251182
247204
246864
248647
247024
244329
259067
257103
248988
249558
247966
248657
249539
269466
270899
246624
251883
247886
252104
248997
267793
265900
253186
250671
251032
250110
249378
252815
250942
266210
268244
260880
247825
248457
264958
268725
250651
251052
249168
247395
247375
253627
247175
264517
259588
254739
250069
250090
249699
254489
264186
269897
249048
254288
249809
252033
253787
259367
255210
250280
251863
250761
249709
247876
249398
249238
265308
264837
259047
249769
255620
275247
281559
251863
254317
257283
263095
254969
247815
251132
274857
275407
251482
251873
252675
258546
250931
255450
249499
276650
272412
259177
250832
253216
251092
256762
253006
253255
259528
258115
254648
251532
253346
252825
255119
266050
262663
260430
262783
255921
259227
254207
280908
275147
253145
253236
261852
263615
257424
251603
256652
273654
274976
259378
256923
271239
264567
264737
256753
260990
278182
277120
258586
253366
272342
271109
259318
255029
259017
255039
258797
267392
269326
261030
263585
255981
254428
264738
272182
273554
254208
259087
272432
273022
258345
257714
254648
261581
258826
253927
255090
266210
266550
258295
257564
260520
276199
269016
259888
259508
263295
259397
261141
252805
259838
270277
267533
254879
258916
255120
255570
256192
255470
258345
258376
258475
261892
269416
260599
259738
258276
261071
259027
255230
255891
265549
269035
259528
258376
258205
266170
261582
263095
256412
263405
259237
265589
258105
261401
259357
260930
266911
264016
259888
262052
261532
258876
267593
278033
279906
259558
265018
261331
261401
258195
262453
265128
270819
274826
262744
260420
265990
272301
259488
265689
259608
260770
258015
260239
258015
258145
263696
258866
263234
258786
267783
258235
267422
262623
261882
261702
259959
261141
257533
260920
262012
265699
262723
266471
263335
273734
259998
269496
261381
262423
264086
263505
288803
281710
275578
272623
281399
277661
269125
342483
327796
302158
284083
275809
277401
278703
284124
284745
269847
271801
295545
302779
268685
270478
276109
280547
272382
269827
276078
263465
282020
296036
290225
274896
269106
267773
266540
284474
276380
263244
262474
320312
325001
341331
391065
337624
426181
386617
401023
351270
316084
314892
280487
275127
276500
272843
262924
263906
270418
272783
276099
291999
283553
270699
268294
281449
280878
268554
274736
277462
288351
338916
341462
287560
283252
282030
266401
267703
266221
262513
265349
265519
271941
268594
288893
282360
282621
276660
348545
324801
335520
309943
307017
308570
303561
290246
281779
270478
266411
268925
277401
269016
274536
267333
269908
266471
267734
275117
267051
280677
284144
284865
267423
264186
301196
287320
274486
272512
413908
362572
347844
313949
309943
311625
306947
331192
335761
308289
313939
333166
317166
316314
271820
272382
279566
273063
277041
271200
273204
269427
275758
277953
277962
276881
273363
276710
277081
277511
279686
276299
277171
272392
278053
277942
273013
284254
269937
356730
363823
332154
339538
334348
335390
325762
345138
353184
342854
310012
313228
270078
276710
288923
283583
277903
274946
293382
301927
272172
282030
289845
293361
279515
277982
296096
281599
273413
281619
290866
299483
277191
280657
296837
287290
288311
272792
433785
350629
341141
330641
328007
309522
314551
280507
278323
279175
293682
272322
284795
303170
287239
278373
287750
281249
274606
281709
278884
273493
284495
283934
273654
285787
276199
276640
283202
458842
387468
354506
325472
315182
302659
394281
323327
290355
280788
280567
284755
292360
282992
277962
279305
284405
285126
279456
287280
284805
284925
275878
286388
279275
277591
288642
423495
452420
344778
322075
318619
323799
318879
317577
334098
337724
318188
277551
292219
279234
279566
295255
279706
280297
298922
283192
279845
285587
278613
287670
277782
278504
287510
281760
281939
288452
278743
281139
289994
279565
281418
384923
327315
372079
400703
337314
336242
343445
328527
341472
338677
334048
332966
348134
329189
328177
337304
338747
332004
332475
330330
331934
