11672
5139
7945
6582
7704
7825
8025
10329
11891
14677
13485
15489
15980
20347
19005
20718
22030
23773
25016
27671
29565
29945
30666
31568
32169
37078
37259
37889
38841
43579
49591
43850
46205
49000
50252
51184
53428
55752
56353
58898
58588
61212
62214
72563
66242
66752
68666
68105
73645
73705
76841
76069
79125
88523
82001
83413
86599
90586
90205
91849
90856
104000
94152
95836
104061
105854
103760
106766
114620
113248
114329
115692
118658
115803
117796
121783
126372
122936
126753
133845
138674
134536
137582
137352
139967
143533
147981
147590
148553
149654
150416
154533
156978
156286
158932
167137
162088
171194
168309
170412
175542
172456
173558
176774
187263
181973
185249
183757
193455
190970
193385
196560
202000
194476
198424
199896
202240
202621
205467
215796
207731
211789
215084
220975
215946
219482
224912
222368
227237
229301
243386
240611
242124
243116
250399
249287
252853
253315
252453
254086
256901
257823
260898
264735
273862
267932
267851
287447
276246
282228
287026
283410
286615
287557
292216
311301
292947
295492
306853
303868
313064
302024
297876
310399
306922
320938
315378
320658
323553
321620
329394
321389
333731
334323
335596
341897
334884
351204
343460
352265
353808
355843
353368
356183
352716
353578
352626
353809
382822
361813
367964
365029
376700
366422
379916
374517
382892
376620
385787
389224
399393
394854
404392
396577
406095
404632
402538
404231
410793
418908
414339
421913
416894
425129
420942
430991
423797
434256
443102
431471
442331
437893
445878
443193
465062
451949
447730
451017
449995
529631
480471
448702
457759
458291
488856
489217
466746
485820
472557
483567
485460
496139
452961
483647
455675
463911
474891
456857
468338
462699
467627
482154
473969
502431
486843
475601
500938
476564
485210
488676
504635
514313
501950
501069
523791
515145
616139
511187
522558
514644
516347
520495
513281
518050
517038
519172
523830
530562
524852
524191
537325
534200
535642
536444
529782
533919
535041
534520
536113
524672
536924
532216
537766
542324
541362
544819
549778
556330
551101
551321
557432
1577402
586906
569413
566669
561960
562351
1323887
1204940
596774
572520
1016062
797121
596333
659439
578511
681450
774981
565717
561309
612052
575355
567330
636778
610319
603927
812960
706776
582138
562652
723357
590293
581937
575465
578050
585173
600391
577659
583590
631738
905570
634513
580855
584041
572741
588539
710282
718036
595201
614847
586455
593809
583479
583691
618715
583200
600671
584582
589271
586996
591204
592216
576086
583039
579352
582338
572269
592135
636898
593168
577929
576717
596062
578651
569504
572199
580103
588519
568523
580264
576568
579913
601462
585684
583881
576477
572330
584942
591024
752389
637699
578952
587687
592636
567521
570897
569053
576097
600170
574393
574975
582568
571939
565637
583810
594771
563313
570706
576297
572660
573922
568583
565237
567260
568382
586285
575495
565296
574784
567090
564174
565477
559967
569674
555879
562652
579833
568051
560287
573291
566569
557162
570155
579222
603447
645073
598567
607304
570946
558124
558043
562431
565447
555288
560258
556821
548897
555378
557542
558524
547705
557452
557652
550910
548416
548004
548435
556250
551140
547033
541031
547263
550810
662144
537376
530563
529450
519202
523169
521246
517850
519602
527387
516737
526586
538417
524171
533108
536574
532236
541263
538888
530382
542544
544839
538257
542154
543717
539559
543517
576697
562962
549287
560989
554937
559446
553304
555829
567480
557041
563303
562902
556310
558163
607745
571117
561189
563853
564835
571368
567811
571739
577699
587337
585543
596463
590363
588479
587948
602104
609237
603777
600611
606502
609578
602615
607284
601853
608886
618975
613054
612793
621910
616390
618725
617312
614246
624655
627450
624204
621970
628453
625997
621028
630035
629133
632780
634534
637760
640434
639883
637820
646836
639512
639202
640474
644211
651414
651254
652416
649751
649891
655962
657996
661723
660871
692320
656894
665430
666873
671751
671972
671070
661724
669738
671782
672533
667955
677622
692038
677342
928282
687210
680448
686749
688042
702778
683804
689123
689244
688953
681609
688182
687671
703650
696096
699432
698471
703369
703560
715572
702909
708489
704542
709872
721383
745747
717395
716463
759122
942388
724829
723437
720040
722825
719208
727384
731912
731051
726733
730329
727073
737372
739085
743594
738635
739336
741669
746729
749003
749955
756697
758761
750647
754864
757138
764381
757589
760705
762388
765012
766425
769110
766815
790289
771915
774500
773528
770643
770833
775011
771434
780220
776473
781302
773599
777475
779600
780902
826966
785951
780401
787604
791792
790299
790780
803494
792042
793425
791832
799546
797032
800718
799085
802251
807952
805256
808863
809234
808823
825613
824461
821205
815275
822247
821085
828869
827027
827167
824531
846492
837336
831023
835932
834179
840601
838467
837075
838648
843096
844018
846632
851491
847694
850209
927871
862231
855048
853966
855969
856981
859696
852683
848827
859246
869484
858634
858704
867019
864926
871758
872680
871247
872971
872540
883530
881706
876066
877398
895502
886255
884171
888068
888629
897295
890813
890402
892477
896874
894831
899009
895031
897656
898787
903386
909928
911612
931508
916410
903707
918224
906912
912513
914517
922291
931198
911361
917702
930846
925427
924976
921580
990867
924725
940505
932650
932700
923533
932089
934353
929945
930486
933521
931999
952236
936937
952356
943660
946155
942198
1282131
950303
974126
957165
962815
963186
962375
963447
969117
964117
973635
970680
988383
966873
977763
976791
977993
1142023
991097
972433
977162
993802
984956
971441
985186
981900
988732
980859
996627
993371
988853
981981
997328
996817
993341
992039
993291
993371
1017646
997248
1004331
1003751
998451
1007357
1009490
1005073
1006285
1008609
1006105
1008679
1019760
1012827
1016714
1026472
1031141
1051357
1024508
1016954
1019309
1023858
1018737
1029287
1031852
1036481
1049354
1034427
1036140
1038624
1038023
1043563
1048592
1044625
1050106
1045547
1049965
1044866
1051037
1052079
1055345
1054012
1062458
1091041
1058671
1063861
1061115
1057418
1059703
1065183
1068459
1082504
1069531
1072386
1068979
1077976
1072316
1074860
1076604
1084128
1182698
1064942
1061917
1059232
1062258
1062067
1066646
1069321
1081863
1062017
1078648
1071815
1082074
1087995
1082555
1073899
1096631
1077696
1083486
1086643
1095078
1086612
1099386
1087523
1111037
1088966
1099516
1101639
1102250
1205480
1107601
1105256
1116757
1122088
1108753
1111398
1111437
1105116
1122478
1115185
1121386
1131134
1120584
1126155
1124101
1118681
1123820
1130493
1143116
1128479
1131545
1139119
1136955
1135412
1138708
1139339
1147303
1148906
1150349
1139138
1142455
1133758
1161519
1169013
1144568
1139159
1149848
1149768
1149608
1149988
1155258
1170536
1201422
1173652
1153445
1209859
1170275
1157282
1186455
1190021
1166869
1165206
1169845
1166498
1167720
1197125
1165898
1181216
1175145
1181497
1175986
1180464
1178541
1184371
1196423
1183720
1185434
1218624
1185333
1184291
1189501
1186125
1206992
1201843
1200000
1224575
1193678
1205550
1196594
1208796
1205861
1207965
1208726
1207624
1207304
1214256
1209418
1216470
1221810
1211090
1216551
1231578
1225307
1226429
1217312
1226078
1230136
1224445
1223694
1226278
1228722
1230636
1233512
1236106
1231327
1234954
1237679
1234784
1241706
1242068
1233692
1242117
1242958
1245002
1244852
1331582
1258918
1256654
1263797
1310222
1269027
1280007
1272413
1279165
1275628
1284645
1280989
1277171
1286088
1284986
1288673
1284866
1293692
1307447
1291427
1290606
1300033
1298751
1301607
1298721
1306305
1317846
1314129
1299953
1316714
1314891
1307096
1320150
1315492
1333955
1339185
1320552
1346919
1327964
1323256
1320811
1328606
1329938
1329658
1325931
1653912
1363630
1350927
1362228
1346599
1365183
1373668
1367698
1376955
1378497
1371254
1362719
1380301
1386021
1374980
1379068
1387965
1388786
1441623
1384959
1390910
1380882
1388756
1384128
1395558
1395188
1397242
1386342
1389157
1395148
1400958
1399867
1406889
1410887
1404505
1404184
1403964
1418271
1410967
1412029
1416447
1424191
1422528
1415725
1423860
1431725
1422478
1432777
1425934
1434770
1427517
1423289
1493268
1445981
1448215
1422799
1439369
1444128
1440802
1443277
1437986
1446182
1443607
1436854
1480264
1441974
1460498
1455098
1458935
1467220
1465998
1497305
1467811
1467380
1455959
1468482
1454937
1517271
1472860
1459786
1469945
1477318
1470857
1457993
1472139
1469213
1476497
1483229
1476237
1462912
1477068
1483179
1516451
1498337
1502775
1465597
1492607
1480955
1485363
1527190
1491254
1499719
1510008
1480264
1504869
1511371
1501533
1493899
1512162
1507414
1501393
1512613
1515989
1503987
1521880
1829384
1504889
1546586
1514357
1519165
1551935
1532289
1532961
1528362
1524565
1526458
1536637
1530897
1534834
1544692
1538631
1532039
1561302
1538401
1567544
1541576
1541416
1543841
1568886
1541717
1550272
1567133
1604902
1589244
1658531
1557696
1551745
1561683
1559119
1570750
1575729
1562053
1566302
1577182
1582832
1606245
1589123
1592890
1567173
1578504
1574908
1583353
1594945
1616834
1585177
1604672
1587721
1621323
1613207
1600905
1596106
1603330
1599943
1599622
1617676
1595465
1608118
1624618
1657589
1600925
1631612
1622785
1611956
1626572
1614350
1622745
1634196
1690490
1622796
1629878
1624929
1624739
1646008
1641339
1627604
1637974
1622755
1651428
1648763
1634106
1643514
1661136
1642822
1635749
1656306
1643192
1639135
1659753
1662528
1658541
1665964
1661897
1662458
1712069
1655235
1653502
1672867
1674280
1910553
1681743
1665784
1671074
1687634
1671384
1679980
1691341
1687373
1774854
1714613
1691612
1681232
1699416
1699957
1693325
1702451
1683577
1687463
1714944
1708552
1696240
1723220
1705557
1702041
1708753
1731184
1705818
1718781
1719253
1728318
1729360
1710196
1701921
1741713
1717910
1718731
1732917
1717198
1727518
1742946
1725443
1724802
1753786
1730002
1735151
1749798
1743476
1736083
1744238
1729010
1759536
1765707
1752143
1742866
1754798
1788669
1742465
1759647
1754507
1741102
1759886
1759516
1754076
1771878
1760949
1752503
1782018
1760799
1746222
1789551
1775826
1771558
1811371
1764415
1798377
1800661
1781426
1784532
1812824
1788258
1838450
1802746
1788800
1799309
1802134
1788960
1791305
1806843
1800562
1809007
1815789
1803847
1800972
1817852
2149641
1802385
1793128
1793658
1798167
1818805
1791654
1792236
1806101
1798718
1803527
1818544
1822932
1803647
1817532
1800121
1882972
1858086
1853839
1811882
1875018
1838501
1808445
1832300
1836728
1817492
1845003
1828783
1841486
1844011
1832459
1833140
1856945
1835095
1827882
1843320
1853729
1845543
1860882
1839683
1844863
1865290
1845103
1851264
1882161
1851545
1855872
1868545
1858538
1863867
1892019
1862815
1865009
1878685
1861714
1862715
1889955
1869729
1865981
1890747
1873655
1876931
1886469
1884445
1886579
1898501
1993786
1884004
1900244
1892420
1886568
1901055
1883774
1898240
1912397
1888412
1925680
1927584
1916924
1914140
1925210
1907367
1914370
1941339
1916734
1968700
1939426
1925119
1938303
2183584
1892891
1876119
1903159
1883914
1877633
1904552
1890245
1885026
1924358
1906175
1896658
1918888
1914110
1905413
1927463
1942091
1898190
1923968
1927303
1920551
1986733
1930860
1936931
1936721
1927494
1928866
1946088
1953511
1923817
1951408
1936049
1938945
1960655
1945167
1949535
1965584
1955976
1956778
1973528
1949394
1954333
1963911
1954122
2055749
1968790
2021556
1970312
1983427
1966104
1960745
1985640
1971154
1979560
2001099
1994226
1978167
1985300
1976804
2157887
2018861
1971935
2025934
2007771
1986542
2050199
2000728
1996680
1997412
2046011
2001670
2010486
2018039
2048987
2000217
2031344
2003173
2010125
2021015
2024401
2005316
2017349
2013271
2018801
2129564
2008422
2015615
2043597
2183814
2058915
2052282
2031745
2048535
2054547
2046472
2048676
2067450
2057913
2062472
2071087
2076116
2060949
2082237
2072881
2069484
2090753
2158116
2079252
2092967
2088128
2090803
2094460
2083580
2076928
2111301
2093297
2091164
2099119
2111481
2131789
2127050
2094710
2106012
2126339
2104589
2111431
2112253
2110670
2111662
2120638
2114457
2134904
2148138
2139472
2124114
2140244
2123233
2119125
2137950
2167694
2127080
2148820
2133381
2147397
2176300
2184665
2277936
2210914
2171831
2134754
2153999
2154130
2152957
2172684
2172102
2167614
2173585
2153758
2161002
2240247
2175719
2169487
2187280
2178985
2177662
2174958
2264832
2187731
2192831
2195656
2190335
2211785
2179677
2196116
2199763
2201757
2188592
2212476
2202328
2193521
2217065
2197939
2201125
2229968
2203791
2265073
2222575
2204191
2215371
2222024
2233595
2234657
2243644
2216453
2217035
2245396
2224849
2218497
2251117
2241330
2237813
2255936
2233935
2238564
2290609
2244485
2241400
2283357
2245758
2270733
2268809
2252360
2255655
2273598
2257700
2277325
2277416
2256437
2272276
2297543
2273439
2259232
2292283
2332857
2275472
2319692
2270483
2285951
2298184
2265593
2279739
2297042
2288205
2271775
2296721
2308041
2287885
2398006
2295098
2296350
2417873
2309354
2293526
2329171
2337997
2295759
2334219
2312480
2366729
2317409
2314914
2321746
2338938
2309084
2304305
2339640
2320484
2333508
2338838
2323811
2409768
2335312
2327868
2388209
2349117
2336815
2387607
2359516
2364435
2361069
2349277
2339730
2341673
2349497
2345019
2347834
2366599
2366649
2349498
2368473
2352743
2360918
2383741
2364566
2346131
2372910
2362942
2367140
2427160
2366719
2405600
2385573
2378521
2384602
2384723
2365657
2519559
2368342
2344218
2344238
2349428
2376537
2343176
2360298
2360408
2343146
2367190
2361750
2332546
2326045
2294767
2459840
2365357
2340341
2342705
2373121
2361199
2349398
2379212
2366328
2426919
2372450
2380384
2385694
2384662
2377318
2367481
2399820
2389170
2382809
2406773
2388559
2560324
2422833
2420417
2414436
2435695
2442287
2432600
2460682
2438681
2462274
2466011
2463266
2447277
2471501
2454410
2454670
2470108
2452106
2466292
2482722
2462445
2452577
2481539
2475278
2477563
2479806
2476029
2480047
2499382
2466523
2464619
2522184
2480227
2474807
2507367
2555846
2411241
2415228
2402215
2423793
2455371
2418404
2424585
2464709
2562468
2452877
2472563
2477813
2427020
2428222
2410049
2417592
2450302
2415248
2417683
2448579
2445213
2442668
2465009
2449672
2452096
2457816
2464508
2459660
2477883
2454190
2465059
2498500
2468696
2456473
2495265
2475188
2481359
2506235
2489083
2506395
2505954
2487310
2509722
2532383
2506165
2509651
2508599
2515632
2555174
2533314
2534788
2532033
2544916
2524298
2540668
2546850
2542040
2535429
2567387
2563059
2535168
2566024
2552259
2553100
2573067
2542612
2573879
2716440
2509210
2483724
2541320
2524519
2518448
2528385
2531150
2521613
2522665
2503681
2673241
2582325
2556628
2563099
2593235
2573188
2571295
2589557
2573068
2590038
2602672
2597422
2599726
2606619
2596240
2584007
2606178
2601289
2587394
2620234
2609795
2615826
2786018
2579068
2573990
2599586
2582454
2580451
2652113
2626496
2609144
2617820
2614704
2625704
2643376
2621105
2618521
2663453
2634611
2610957
2674754
2637957
2634881
2656640
2638197
2641833
2696654
2626966
2638077
2654908
2628659
2633278
2687658
2647353
2646893
2727681
2650540
2650259
2678822
2646091
2827874
2641974
2633499
2761263
2693458
2662391
2655258
2659606
2669504
2669084
2693128
2676728
2696224
2720297
2700731
2693528
2706743
2706031
2696874
2707173
2696464
2706382
2731989
2713265
2730576
2735876
2707684
2630182
2665146
2663834
2650089
2673421
2699669
2680775
2697104
2670637
2675776
2705200
2676798
2682759
2696153
2685984
2681086
2687948
2704649
2678491
2697155
2673000
2699609
2713705
2690012
2695832
2719466
2710790
2690342
2754400
2712954
2757315
2862749
2695823
2684131
2724595
2859663
2726919
2730015
2826903
2721770
2730747
2730977
2753107
2755673
2746977
2765500
2785427
2770339
2775558
2803870
2799573
2795535
2822034
2807597
2838644
2825059
2818958
2805904
2843373
2822545
2818748
2830480
2885921
2816714
2862188
2832443
2834837
2884488
2816614
2831521
2856287
2846068
2819309
2855295
2849394
2835398
2852250
2833966
2837632
2854683
2872957
2835318
2877015
2848843
2849695
2881173
2909164
2869661
2873067
2883888
2885090
2886192
2918901
2893926
2953074
2885230
2877486
2994120
2908582
2905246
2942505
2894307
2903303
2927067
2935051
2909184
2939790
2899987
2905287
2927117
2923840
2901289
2922519
2911889
2922408
2950419
2916467
2918090
2965096
2936234
2920915
3002004
2941292
2931184
2943126
2930874
2952022
2952813
2928990
2948797
2971067
2953965
2950209
2974013
2981867
2975926
2958885
2965627
2990883
2977338
2944999
2951090
2996113
2973301
2956791
3001523
3000431
2975977
2978872
2979443
3292466
3017162
2971157
3071131
3018134
2982258
2958204
3000101
2978591
2971437
2992627
3017723
2982167
2995503
2970265
2961930
3023002
2970416
2996795
3019877
2984091
2983620
2994720
2983520
2984952
3019295
2976617
2981366
3032780
3097108
3011882
3026258
3003046
3015929
3028021
3027971
3032961
3049612
3006372
3007654
3050463
3036036
2997826
3029334
3056213
3033272
3047377
3040224
3043901
3050743
3028783
3050333
3073915
3055673
3029014
3059649
3180110
3125961
3076380
3177956
3062023
3076731
3049922
3068366
3093381
3049892
3063767
3089625
3085517
3067955
3081750
3098330
3112296
3125070
3130169
3117776
3138033
3103821
3087420
3130930
3127705
3092059
3118998
3101546
3107187
3184117
3107928
3106135
3147882
3117446
3095105
3126251
3174300
3110753
3134507
3125751
3138214
3164773
3124628
3130068
3181292
3146268
3142221
3155375
3154704
3157739
3167157
3159072
3170564
3271909
3130429
3149324
3441680
3152320
3139356
3186161
3155025
3145668
3163370
3148122
3163830
3213592
3157930
3166225
3222688
3205627
3170924
3196100
3176083
3179329
3186001
3172136
3174259
3188606
3163399
3198114
3226927
3193886
3173268
3296143
3171725
3138845
3171805
3153602
3163430
3192954
3159603
3168570
3193946
3181843
3174380
3203524
3201640
3177375
3200969
3258975
3214583
3228670
3211368
3208713
3262732
3215095
3283590
3230813
3225093
3151899
3311141
3199036
3214624
3251421
3241743
3235523
3294651
3261240
3252874
3288569
3242896
3260699
3302014
3250810
3247253
3274805
3268553
3304449
3301232
3259326
3247424
3310249
3274794
3267331
3311592
3269244
3381730
3355532
3295412
3288629
3312313
3303567
3303006
3306301
3327320
3305270
3325176
3310820
3308546
3324405
3298768
3315398
3372423
3308085
3307454
3335295
3323153
3377553
3337509
3329895
3347487
3373465
3396858
3370129
3406195
3367313
3345984
3385607
3369919
3382802
3391047
3357566
3392510
3393592
3387420
3372092
3432233
3385227
3389735
3402147
3395064
3381940
3368666
3347437
3345914
3394774
3343350
3358437
3478057
3354751
3359519
3364078
3363857
3373916
3373314
3355863
3376421
3389655
3361333
3372022
3432083
3371411
3346566
3444956
3430329
3385357
3398742
3448763
3407588
3571879
3328633
3333552
3397599
3399452
3332329
3377622
3383543
3371001
3400865
3394574
3389374
3395004
3364879
3393431
3402839
3399392
3384025
3424850
3398400
3399723
3408338
3391157
3405663
3443023
3406706
3415301
3464963
3394874
3445317
3450917
3422235
3424409
3426742
3426593
3435909
3441590
3436310
3447882
3483847
3460976
3488706
3506028
3478888
3457049
3485610
3466936
3557312
3498004
3545140
3496881
3492574
3479339
3489688
3543777
3486311
3497372
3495699
3465774
3484559
3496020
3465944
3478017
3519062
3488606
3477816
3518101
3510416
3499947
3509625
3506249
3509274
3536715
3480101
3497983
3583820
3503904
3481423
3535923
3660442
3505226
3552623
3517299
3517580
3557592
3501700
3502792
3588519
3520585
3500538
3554477
3549909
3525433
3540010
3559226
3660952
3570466
4614530
3510015
3559977
3511218
3880985
4198858
3608395
3498064
3515646
3524322
3581356
3561460
3513221
3517819
3568703
3537415
3535201
3562121
3572270
3551000
3564525
3530022
3545049
3567460
3520775
3571598
3596203
3549187
3530363
3569955
3665931
3477365
3496861
3482344
3479369
3521476
3490299
3533468
3584252
3507200
3503633
3536894
3519313
3515114
3536013
3546292
3558825
3646626
3502662
3504926
3527687
3488937
3493786
3541654
3580614
3520354
3535021
3528158
3538598
3553184
3528299
3535693
3571959
3542375
3530894
3567531
3554367
3540471
3596674
3564195
3576176
3624395
3572400
3573852
3641256
3575195
3567811
3617973
3665971
3631298
3617413
3586916
3603627
3634484
3601323
3592276
3657806
3614718
3588730
3628422
3612022
4268656
3698420
3677773
3625957
3660401
3611201
3641917
3668195
3610690
3695526
3684405
3746850
3662164
3670529
4004111
3670219
3724719
3649251
3669267
3687010
3696857
3691218
3714651
3665721
3677041
3699913
3738203
3690506
3753592
3693451
3706515
3793384
3776493
3781764
3877449
3781583
3783066
3737583
3737512
3728125
3731632
3676892
3712486
3928102
3699122
4192697
3752470
5713425
3668737
3702499
3915909
3682561
3757800
3702478
3701406
3733956
3892607
3999152
3723076
3787274
3731251
3751789
3744925
3731993
4101610
3736862
3765463
3761817
3743653
3754293
3755816
3767958
3739686
3794878
4072808
3759893
3772717
3727995
3730670
3822258
3750165
3822248
3835553
3814914
3803654
3834360
3913825
3789057
3897626
3833218
3804885
3908627
3784679
4123671
3808933
3819713
3777676
3797903
3790349
3801490
4156541
3823600
4015522
3812329
3768169
3771565
3804556
3822027
3828630
4208947
3836394
3817469
3957115
3780010
3877058
3848135
3830643
3806799
3825734
3981290
3862772
3906452
3830132
3943891
3933662
3896935
4019259
3877619
3826175
3818541
3916150
3846262
3827777
3886395
3900131
3984575
3902174
3991948
3883330
3897696
3874774
3863052
3926669
3876888
3860788
3954230
3923363
3902875
3907414
4039966
3811238
3966813
3836825
3845100
4124401
3877850
3896504
3885293
3891244
3892026
3908906
3911351
3880936
4082004
3882769
3863724
3916570
3907123
4006786
3923894
4244061
3908807
4001516
3885985
3909668
4061727
3931819
3933091
3967314
4182308
3928713
3969397
3924385
3968116
3981028
3914917
4258237
3986999
4085069
4002207
3982351
3957957
3959951
4035839
3955442
3992480
3981701
3956534
3997750
4144078
3983263
4012627
4368570
3964228
4212162
3982171
3989565
3979707
4008219
3965701
4006235
4106098
3987931
4031521
4004071
4004742
4005724
4063570
4013578
4088957
4051939
3989184
4034056
4038384
3996588
4009501
4042982
4445720
4037813
4063881
4004512
4070693
4101019
4057890
4046319
4027023
4081443
4044986
4190242
4059683
4056367
4074410
4062919
4024449
4121827
4014440
4029047
4083176
4015692
4035660
4048533
4185854
4022905
4155740
4043122
4038024
4097362
4026453
4077346
4098986
4375752
4044645
4230276
4065865
4050937
4140952
4087474
4151211
4118481
4099055
4072777
4180514
4069591
4125154
4174704
4097151
4092213
4135152
4190453
4067057
4172810
4074911
4109294
4134009
4145681
4063450
4135813
4257606
4115045
4169755
4094116
4149118
4146532
4171148
4114413
4199260
4122598
4129802
4203556
4203307
4144919
4230496
4160999
4135903
4234343
4138147
4150920
4184482
4120775
4120154
4203967
4278013
4151631
4232009
4162131
4167832
4763584
4035659
4042532
4126836
4044706
4044405
4100478
4103133
4051428
4091872
4082105
4093325
4140080
4078999
4084329
4131845
4120525
4090479
4139169
4125915
4175957
4132356
4158484
4241537
4182849
4157692
4128749
4182628
4122728
4111397
4168523
4151551
4136814
4165336
4138137
4142565
4167521
4135592
4179193
4225787
4158615
4233121
4204970
4194100
4199379
4216099
4210419
4226188
4206032
4156480
4168322
4243760
4179012
4200291
4240294
4219746
4197045
4231959
4220307
4227060
4268756
4215729
4320622
4267463
4248520
4227711
4228553
4193669
4197837
4227561
4190813
4207264
4235896
4172760
4199950
4227731
4199690
4175465
4259419
4226088
4240484
4254490
4328646
4260382
4283804
4225277
4259580
4296918
4247878
4239513
4291719
4267494
4248299
4273596
4280608
4318398
4318367
4282261
4295626
4332162
4295185
4284615
4556925
4366706
4300654
4438287
4297219
4302919
4329818
4295014
4294614
4359613
4303020
4331872
4367568
4350046
4310092
4324990
4351017
4338675
4370352
4335419
4425634
4372607
4322165
4342080
4353322
4349966
4329527
4370903
4326141
4335428
4376473
4333616
4332073
4361287
4360214
4357819
4392783
4393565
4374700
4470437
4462201
4334437
4522461
4365514
4373919
4393876
4386082
4357449
4396410
4369752
4360755
4408463
4395589
4379379
4426656
4407801
4407441
4461199
4412139
4441393
4440281
4425354
4410736
4427978
4409274
4419844
4470166
4410756
4443917
4471118
4413261
4395419
4467501
4480344
4439780
4459536
4433589
4546496
4476287
4519506
4568035
4532129
4459657
4431274
4487237
4466639
4456801
4469905
4465116
4483159
4501533
4444098
4467471
4529985
4459767
4449127
4497255
4477168
4525136
4490694
4472380
4493659
4504248
4461580
4511792
4563887
4494039
4497826
4530507
4524885
4510850
4563216
4523784
4550403
4635318
4541507
4537019
4795863
4544942
4543550
4535325
4528643
4524916
4545844
4535155
4567975
4568286
4551064
4536598
4602719
4562134
4537940
4603129
4569337
4563667
4582531
4660825
4580288
4603941
4558167
4561773
4590006
4581670
4553899
4606465
4591638
4585387
4605453
4606305
4614961
4664753
4682164
4595175
4630089
4703263
4643864
4562765
4569017
4602177
4590827
4568425
4595285
4599903
4576691
4610663
4645197
4567374
4598100
4640598
4604342
4639817
4629878
4675211
4694537
4638955
4674490
4605153
4653662
4629818
4655806
4656538
4633936
4670162
4637743
4626602
4641620
4664642
4628285
4640889
4689447
4655535
4820819
4670834
4641890
4561132
4599964
4582592
4595997
4623156
4577723
4593282
4649434
4625230
4610473
4666957
4676504
4628847
4634537
4609782
4627093
4782959
4691331
4659292
4726976
4646359
4626352
4707251
4675072
4653862
4690139
4673127
4690920
4705969
4661346
4762682
4668208
4611895
4616774
4671565
4636140
4642702
4652039
4640498
4659543
4687044
4637232
4646419
4712059
4678036
4683136
4722619
4719223
4709675
4748787
4724732
4788009
4761741
4624028
4641250
4719894
4671054
4679750
4729350
4735933
4722819
4728410
4740111
4752252
4755088
4691612
4726145
4776757
4701970
4816039
4823393
4729992
4745421
4736705
4721767
4736314
4782267
4746762
4748747
4788249
4737445
4738277
4758333
4779763
4759786
4779854
4731164
4787798
4844211
4735512
4749949
4798207
4775015
4733659
4795031
4778922
4765326
4786977
4772039
4806602
4800281
4816931
4765117
4854841
4837729
4805290
4921803
4829264
4813926
4844452
4863847
4841827
4864048
4808917
4833842
4911064
4820268
4810700
4875810
4844351
4849761
4915281
4851665
4867694
4942010
4839463
4854350
4898461
4867495
4864439
4935008
4898300
4877833
4906566
4899292
4918518
4976985
4887491
4883313
5023771
4918808
4897519
5020866
4931220
4917656
4933765
4915001
4946289
4963109
4894383
4907648
4972667
4938053
4940688
5008923
4980962
4945016
4970824
4954574
5012761
5005557
4948072
5010056
5012440
4978888
4944555
4996841
4995399
4975001
5014103
5060057
4966466
4991682
5017669
4977496
5014443
4962789
4995449
4991361
4974140
4978908
5008432
4961606
4977897
5038478
4971104
4971545
5057703
4980140
4967728
5034840
5005117
4988015
5009594
5064396
5059737
5028078
4976013
4983267
5054628
5005457
4978558
5039790
5032717
5008062
5034330
5071138
5176270
5143189
5121009
5154060
5218017
5098187
5090884
5129675
5100261
5103787
5049488
5018250
5049778
5073242
5006930
5034801
5071949
5039870
5038146
5084081
5064726
5171501
5115559
5096223
5116210
5141566
5091855
5123874
5168395
5110930
5169538
5175940
5126700
5333959
5315776
5405550
5297051
5328480
5448840
5286022
5345771
5409978
5297142
5334571
5436066
5286513
5335262
5424035
5308873
5347293
5384402
5322398
5362081
5441527
5351001
5349387
5455913
5317910
5367521
5421069
5356721
5368583
5421991
5350269
5383760
5468937
5366679
5445965
5442508
5400070
5424646
5406522
5395853
5422472
5388138
5393669
5491157
5402254
5386376
5436828
5406743
5403697
5439313
5429254
5437779
5461463
5424436
5473825
5459188
5443951
5410380
5465130
5442419
5492280
5410701
5361831
5554443
5343096
5351341
5292594
5356140
5285861
5275051
5392667
5336063
5296060
5341663
5317188
5338237
5350290
5330954
5321757
5379553
5311418
5304635
5341754
5348837
5335512
5330022
5380044
5351953
5364936
5307321
5310456
5385003
5311178
5395362
5318401
5380465
5449591
5416831
5414537
5399991
5428502
5364786
5468056
5414937
5384091
5372560
5408836
5399650
5399960
5423163
5410690
5393558
5429034
5379473
5402504
5440605
5406082
5370927
5507367
5427571
5435115
5448479
5420097
5508820
5444963
5426890
5426809
5473826
5398728
5377008
5456644
5417622
5409729
5420167
5499813
5404228
5463927
5382087
5404348
5469348
5458978
5404118
5457917
5441457
5412964
5442869
5430005
5444091
5449501
5431608
5473545
5482011
5413295
5407504
5534857
5464789
5440745
5466443
5496638
5390393
5424986
5460701
5389912
5443330
5448890
5397066
5496637
5503039
5435806
5443761
5505785
5407374
5446265
5483043
5399761
5471552
5515011
5395392
5498100
5492500
5414387
5463577
6045614
5391124
5408356
5884819
5345160
5348426
5292313
5294387
5200856
5197349
5189574
5252019
5248452
5292513
5302652
5242402
5333529
5355158
5277717
5241150
5325985
5310095
5302973
5322448
5301550
5313412
5340791
5279530
5285441
5341393
5303664
5269330
5326025
5372961
5301950
5398317
5306338
5357112
5354197
5317489
5336884
5388719
5332566
5318120
5366489
5369574
5313832
5348035
5333158
5417312
5383941
5320435
5342065
5415699
5359045
5329120
5375646
5357663
5377198
5377399
5330212
5357162
5391575
5326836
5355168
5457095
5348025
5391074
5421189
5367801
5539827
5499313
5456154
5454871
5472454
5447257
5456674
5493732
5468186
5473515
5492190
5569672
5483483
5495696
5495135
5510533
5504913
5459340
5482261
5540678
5511235
5475659
5478034
5514791
5489585
5536922
5490847
5581673
5554364
5517115
5509010
5634761
5462344
5425317
5489224
5465660
5435646
5538585
5459409
5517696
5526332
5458488
5450643
5521143
5467594
5448029
5539155
5487882
5438952
5473486
5474266
5474717
5490426
5422081
5468786
5504882
5481770
5505794
5783804
5533836
5513248
5513879
5501196
5495906
5534838
5494814
5496868
5559182
5578307
5552119
5628941
5611569
5586272
5589598
5620625
5584429
5592063
5551338
5559573
5642585
5594106
5535118
5652303
5591481
5559763
5670576
5646963
5624762
5631435
5630433
5448119
5517386
5640671
5531241
5566666
5620314
5594607
5584528
5611017
5590389
5636554
5627848
5609926
5633358
5785266
5594337
5617459
5631434
5616397
5598725
5583476
5605447
5616047
5570312
5587364
5693949
5611057
5601320
5718263
5749892
5585721
5616798
5643147
5619192
5623200
5563671
5615265
5678861
5613772
5575082
5611829
5624843
5611979
5704299
5673102
5624071
5582525
5524889
5574260
5587424
5529437
5540488
5589818
5598335
5568449
5594928
5557459
5584819
5615636
5687968
5785147
5650710
5718254
5491348
5619412
5547982
5547762
5575753
5552890
5538104
5567116
5502178
5553572
5584920
5574951
5520411
5655829
5556888
5541730
5580942
5564221
5575202
5581965
5537312
5558922
5631254
5562578
5532503
5602813
5693168
5598835
5682338
5669625
5622519
5629792
5580401
5585010
5635762
5595057
5575191
5605497
5592413
5635182
5603072
5610847
5613361
5645109
5694180
5599136
5727200
5604065
5585911
5659406
5646963
5636364
5650209
5634931
5643567
5711632
5698328
5647554
5679974
6374167
5788453
5884790
5788903
5788633
5846769
5780959
5876564
5803901
5792801
6080337
5941093
6236705
6633832
5750814
5711331
5625403
5656891
5648837
5642545
5693488
5635532
5677900
5686516
5645951
5633568
5813669
5743550
5714947
5832313
5753569
5782021
5782422
5724405
5752136
5812076
5762555
5749281
5822956
5815422
5764128
5799523
5780809
5834066
5829027
5756764
5788052
5848613
5796407
5784946
5869241
5805704
5813599
5836842
5791067
5892022
5885230
5779577
5889288
5864783
5898534
5784816
5865404
5828987
5815041
5842943
5820602
5833926
5853923
5823187
5821143
5866095
5822315
5825791
5881313
5919804
5837222
5856387
5813268
5902882
5899316
5837283
5844866
5900508
5905888
5830920
5881132
5974304
5835149
5864562
5902061
5862478
5892954
5888105
5858351
5918191
5864953
5837693
5914513
5883417
5873498
5907992
5879650
5892714
5930092
5932937
5867067
5942545
5873469
5870282
5935201
5938458
5905016
5987107
5885981
5919964
6014397
5964425
5897242
6010490
5895008
5894738
6028513
5940621
5935161
5936995
5909855
5924702
5970105
5886843
5910025
5982168
5921516
5919242
6028243
5914724
5899396
5965276
5911618
5923300
5956370
5977519
5920394
6032309
6013365
5919963
6011271
5967551
6015038
5964265
5953756
5966399
6001052
5906038
5938738
6040064
5956671
5970326
5993579
5989612
5953235
5993860
5962251
6063206
6001614
5962932
5953595
6020277
5956361
6018694
6012593
5990804
6081820
6006001
5995893
6031328
6025828
6049441
6021440
6067534
6028653
6016551
6093092
6061934
6035836
6060451
6062375
6089254
6128586
6050092
6092170
6124209
6082973
6048039
6124549
6098390
6081650
6151077
6091759
6110443
6185371
6084385
6092320
6156688
6103179
6117055
6179940
6151378
6095285
6118658
6159102
6149325
6167517
6110824
6124198
6180942
6115633
6099974
6183036
6157028
6192734
6148893
6129989
6159332
6195308
6207491
6146058
6222268
6276547
6126462
6217870
6167187
6170463
6187554
6229241
6177386
6205176
6156538
6187294
6229841
6182715
6162930
6248365
6195659
6193295
6213101
6184328
6220274
6291284
6157790
6171154
6240822
6263824
6202672
6234300
6339383
6231024
6262191
6216988
6252193
6248406
6218811
6292227
6284422
6224101
6224441
6260217
6293128
6240672
6301884
6226947
6244659
6273292
6220554
6231425
6284372
6318945
6233127
6294821
6352868
6246142
6300461
6325286
6289361
6334273
6251651
6286155
6314377
6281677
6269856
6346125
6293830
6273231
6311421
6283330
6377954
6366392
6265467
6296724
6362956
6293438
6314056
6317532
6383002
6287097
6328453
6393823
6313095
6334323
6383433
6303928
6365812
6305270
6309909
6374257
6347407
6313846
6364268
6346385
6300722
6320278
6288339
6294290
6364338
6275205
6342097
6337549
6361764
6292898
6347327
6328633
6380999
6352697
6335435
6310991
6400495
6347667
6329114
6395266
6353559
6315138
6340665
6354390
6363627
6445046
6309027
6364339
6412748
6352066
6316441
6428536
6378144
6338000
6365731
6379005
6405043
6384005
6349461
6458982
6574003
6394484
6362245
6522389
6391448
6382241
6383524
6387551
6402779
6435739
6351215
6402438
6474771
6414721
6365670
6442772
6428987
6418448
6434517
6435349
6436912
6452009
6387411
6421353
6486272
6441179
6475873
6538187
6459523
6509304
6464412
6446730
6497393
6484809
6421693
6453011
6488666
6422906
6403621
6493255
6457038
6414550
6471775
6554657
6489097
6465373
6442992
6473489
6531154
6467849
6466515
6537937
6499426
6774781
6548566
6573341
6530683
6420231
6347408
6407979
6553305
6430681
6482595
6546933
6503984
6464903
7384499
6649622
6677452
6720472
6663347
6688302
6760905
6662856
6668626
6776053
6678866
6681650
6719891
6797763
6718819
6870547
6813151
6746930
6831696
6763210
6746729
6900491
6853616
6796090
6890263
6862181
6929675
6858415
6881596
6813592
6907555
6825984
6885033
6898317
6919125
6865737
6859326
6979787
6897315
6772036
6846362
6828339
6867240
6771755
6764693
6806248
6744526
6773969
6854096
6819673
6833439
6940144
6803724
6851131
6873913
6853696
6848746
6842745
6891625
6808312
6802421
6865327
6950453
6735329
6803133
6829612
6808523
6758501
6739636
6806268
6827197
7002960
6868402
6847323
6836354
6931709
6847354
6777696
6940385
6810556
6785250
6819713
6784158
6742361
6779489
6753201
6760495
6901814
6765544
6839009
6833839
6769591
6782665
6781454
6808343
6800198
6834941
6776173
6748413
6855630
6750096
6797813
7007217
6862212
6840692
6914527
6887678
6843797
6835753
6925007
6910089
6957827
6785190
6739165
6925457
6804666
6768710
6791402
6776854
6758771
6842435
6781373
6826616
6605690
6576628
6590032
6639664
6668626
6610720
6642028
6623744
6602976
6643841
6646806
6652016
6668556
6663056
6774801
6709541
6662736
6616060
6896785
6755796
6749675
6801479
6765925
6761317
6821667
6776524
6795169
6849278
6787585
6748583
6859717
6901413
6786743
6799095
6760284
6849969
6787324
6760144
6778127
6874724
6727975
6759273
6775742
6869886
6774360
6807662
6760555
6798003
6840301
6762318
6777946
6876958
6839019
6753152
6878752
6850920
6899660
6866970
6858875
6891895
6924034
6877760
6870787
6911721
6942649
6854848
7033335
6928853
6931458
6967775
6908076
6894070
6946646
6881937
6917112
6987421
6924175
6930035
6994484
6949210
6924606
6966262
6920718
6957606
8267848
6807541
6864004
6944963
7057579
6831606
6835913
6948890
6850479
6864135
6961954
6849828
6903707
6846743
6846292
6924786
6861219
6835402
6906132
6932661
6902916
6915289
6941747
6942509
6974878
6874123
6852604
6938862
6903727
6966863
6996507
7052510
6988483
6989114
6973505
7027674
7032784
6960631
6984666
7009662
6966553
6946225
7033415
7028927
6990556
7045938
6984957
7086853
7064402
6953408
6972704
7031782
6940364
6981109
7003430
6955632
6991789
6972374
7002629
7065995
7111148
6988873
7007357
7104145
7000284
7002909
7045998
7094247
7044125
7101671
7066856
7084840
7157713
7027113
7063721
7135332
7066215
7104886
7119182
7096321
7123941
7101861
7103313
7090540
7208326
7109034
7073870
7212163
7120886
7076354
7205952
7151131
7117539
7170967
7117499
7114073
7163083
7119202
7134621
7201543
7122979
7189662
7211581
7244512
7155188
7175996
7144970
7169865
7235756
7203788
7169675
7245113
7136424
7153876
7222252
7182909
7146312
7164075
7142776
7188710
7160268
7174273
7146573
7258408
7953091
6922803
7027134
7137836
7491204
7073609
7111739
7069972
7135022
7254290
7025080
7077456
7038595
7349174
7112260
7098124
7038564
7132447
7547477
7272193
7282843
7292309
7077195
7288403
7162121
7095990
7124782
7222171
7160909
7214427
7096701
7097232
7431184
7178952
7088566
7165307
7126866
7247187
7190292
7132807
7142966
7516200
7196554
7779453
7017396
7061897
7010564
7064443
7032714
6961342
7102983
7124131
7092914
7127287
7085430
7138508
7161660
7139099
7149157
7198507
7145922
7091913
7202996
7146883
7144439
7174474
7108072
7162622
7231428
7112390
7137586
7216470
7183009
7193559
7279125
7224886
7211752
7196624
7187017
7232670
7278434
7154537
7303460
7290817
7245884
7187177
7238521
7287291
7222482
7276100
7223954
7276150
7284055
7208166
7283473
7393906
7246285
7317627
7317266
7249812
7260040
7312066
7265631
7294514
7293632
7194931
7283414
7328467
7342732
7265801
7298772
7267535
7272724
7331222
7232069
7305203
7316955
7260171
7352770
7365605
7328025
7322946
7310913
7313208
7289023
7344596
7298441
7287060
7352841
7279316
7266283
7398314
7273826
7271031
7358140
7338805
7313789
7333235
7310313
7321884
7383066
7521370
7328045
7453295
7239714
7190383
7308219
7238231
7242949
7244792
7219897
7241156
7299624
7300725
7232951
7307768
7218815
7217853
7273385
7285347
7244402
7251505
7251174
7265691
7278495
7435463
7230075
7365294
7277673
7220808
7291659
7263456
7261062
7293863
7264769
7284866
7323787
7264839
7255983
7331080
7253118
7236167
7334427
7310423
7290266
7338845
7273876
7321433
7398615
7155619
7335298
7266081
7217833
7210299
7239704
7217753
7233062
7257696
7227090
7238391
7384759
7259289
7230937
7320582
7250443
7238371
7299122
7310914
7263677
7314420
7291678
7295756
7599704
7280238
7407862
7456260
7363430
7359493
7448346
7411579
7392433
7414363
7425403
7431375
7466950
7385851
7407301
7506873
7393645
7425614
7499369
7439409
7421467
7520468
7418801
7566243
7598571
7484272
7501683
7565020
7462322
7410957
7503607
7466238
7469555
7508125
7429602
7615091
7584846
7423260
7480415
7571341
7442255
7447875
7558858
7496063
7469705
7611855
7677255
7539483
7552678
7472811
7460117
7540144
7506292
7492116
7512654
7540585
7572644
7505300
7542118
7503026
7524755
7471208
7532240
7598270
7533522
7470667
7678337
7543260
7582692
7612667
7551966
7536257
7565000
7498438
7529695
7646760
7528673
7512523
7649364
7535166
7598371
7711989
7565761
7553077
7601356
7564579
7536868
7592540
7542759
7505160
7688035
7719443
7571913
7601637
7551445
7586249
7605384
7548770
7563597
7596878
7584645
7534474
7612036
7573575
7608018
7581129
7576190
7607738
7630149
7544071
