2885
2896
3356
2865
4178
6251
5079
8997
6913
10169
14677
14076
9808
15368
23573
13034
21159
23644
26649
30947
26990
38190
45705
48069
37218
48089
33311
52607
59259
58518
52357
72533
65862
70430
77864
91979
80859
66603
93833
103251
101106
110754
123347
145868
118458
143945
160906
149646
163611
170915
158351
188788
194639
196712
199217
214024
217841
216028
226868
219724
269356
247185
298801
292088
262654
290335
292539
293911
322183
308528
333214
333003
390860
333564
394136
392683
410015
377385
397993
354222
402070
445190
464616
482289
486195
520369
518545
470025
611376
576982
535787
564379
595327
575430
603862
635049
603542
598001
625151
621705
624069
627816
694799
726067
693187
779906
816274
769276
815692
785065
782892
837202
849425
946423
848202
853371
978662
836160
949488
1256915
999371
1027692
1038843
1109444
1104555
1086171
1116787
1052979
1116786
1141312
1184781
1217222
1238130
1138197
1252237
1540026
1342843
1249261
1437908
1345819
1249692
1339076
1528204
1461772
1378819
1453577
1437678
1446003
1398276
1604265
1412561
1686987
1614774
1770240
1528064
1748861
2401453
1873720
1962714
1923833
2011735
1868962
1732140
1821284
1810374
1956273
1982020
1905019
1961612
1909747
2082406
1953298
2026542
2125916
2109014
2039716
2126115
2144670
2329240
1978133
2316736
2148036
2564403
2773999
2554595
2705573
2908777
2734997
2547451
2520082
2384562
2390533
2643358
2544055
2685456
2858584
2724467
2533045
2760574
2808853
2767287
2852443
2812991
2985088
2934956
2765904
3154931
2804796
3053233
3308453
3162634
3179937
3134984
3152906
3296782
3216263
3472285
3378162
3328060
3741861
3670330
3839301
3974629
3847426
3998043
4276326
3904160
3685047
3844390
3533358
3808454
3693933
3532436
3737954
3644432
3671391
3703711
3841124
3775704
3890095
4105010
4018662
4075375
3929557
4178025
3843579
4402578
4147849
4327760
4278961
4377412
4479520
4538849
4414400
4470594
4628574
4595374
4759906
4689507
4666795
5638204
4548647
4450746
4318293
4179768
4159490
4416544
4063724
4019543
3898039
3898780
3895064
3396004
3715142
3723097
3553865
3660111
3040459
3613806
3361010
3474699
3445977
3323541
3214410
3280492
3013700
2987662
3180006
3157135
3023899
3097746
2842254
3003822
2902686
2974518
2751788
2967265
3118313
3093217
3166311
2988354
3143991
3099067
3251748
3084952
3208068
3102003
3313613
3278198
3372692
3198301
3349168
3294869
3589050
3529190
3508611
3471153
3605651
3437080
3529661
3654010
3693372
3766337
3801041
3814485
3930078
3719551
3863024
3780102
3811590
3638421
3780382
3795210
3906404
3749235
4075276
4185699
3923837
4073312
4108878
4321048
4308445
4240199
3998524
4430730
4445698
4212589
4151596
4412457
4165702
4422665
4321088
4328281
4564056
4609820
4368907
4688986
4396988
4439116
4441520
4482025
4726595
4272950
4700918
4639224
4736553
4761709
4890597
4812183
5511000
4917086
5026327
5217439
5160083
5168679
4996552
5068925
5278231
5290623
5310430
5230874
5490442
5364520
5402179
5303097
5565270
5526718
5525606
5431423
5522321
5355744
5694528
5592369
5739300
5798439
5535355
5986195
5793360
5748096
5912299
5874059
5755490
6190982
5827052
6074117
6132124
5990372
6145428
6451912
6195070
6399907
6244711
6332513
7174373
6577043
7769680
6548921
6486767
6366916
6386162
6529906
6543020
6742208
6720778
6736306
6942836
6625743
6879340
7010682
7264460
6955710
6898415
6983312
6967562
7096340
7097561
7170747
7226770
7238502
7352802
7092132
7228433
7524819
7495255
7705070
7533886
7687789
7732351
7824851
7654247
7967093
8092875
7837855
7395290
8060986
7660729
8209310
7827807
7723004
8116780
8082176
8408697
8525853
8393810
8069753
8526224
8551269
8678864
8197007
8705673
8269470
8592265
8506417
8453720
8725530
8831725
8372570
8774961
8771806
8753201
8614306
8670389
9111491
9327169
9144441
9172102
9491651
8827208
9152928
9490079
9192039
9529962
9338239
9664700
9704884
9290240
9308304
9414289
10128414
9656134
9989788
9613857
9897870
9611472
10200868
9915061
9745248
10083622
9876280
10173157
10321460
10665764
10315740
10577411
10626582
9735039
10215554
10404733
10528120
10748045
10974563
10706289
10393312
10727167
11199216
10570729
11087942
10523422
11083433
10726696
11085236
11331831
11429691
11580148
11402651
11487176
11511101
11770619
11777702
11324337
11486976
11575289
11479162
11734111
12073296
12084366
11339315
11832252
12000031
11390318
11685292
11847420
11750612
12583837
12483111
11925033
12755012
12127106
11857599
12085419
11854313
12807879
12741607
12914727
12981098
12828758
12390551
13008779
12646833
12799024
12464157
13643729
13315465
13497881
13032664
13630815
13391594
13486479
13572598
14015514
13192618
13482993
13567599
13597914
14085242
13809845
14042754
13997320
13520953
14166792
14483506
14549227
13884743
14357564
14091543
14323030
14688232
14250577
14220621
14725631
14109617
14125516
15242173
14732915
15215915
14396846
14994116
15160773
15239759
14602515
15289260
14918877
15265066
15425721
15721516
15347908
14752802
15203111
15839994
15336146
16021348
16146859
15737365
15363557
15770657
16640168
16348051
16020817
15300731
16266089
16850746
16522051
15896329
16972030
16554651
16717551
17123288
16757385
15810631
17478804
16990473
17073336
16820580
16586780
17087783
17143095
17405008
16979213
17670998
17982461
18006205
17373669
17390660
16644717
19123182
17409125
17454889
18929374
19239907
17835871
17091861
18644240
18587274
17504420
18749363
17771582
17315883
17654467
17803421
18159487
19170489
18134150
19229207
18239445
18486910
18783085
18934765
19413717
19444143
19058162
18662253
19396205
19504726
20028370
20029332
18545228
19865229
20586928
19320476
19822320
19990941
20496653
19667967
20497804
20633174
19888282
20839975
21092580
20214403
21086609
19625217
20383514
19788638
20600334
20380338
20264285
21317173
20727568
20383213
20829686
20443685
21068686
21583043
21044101
20723511
20857737
20974212
22034896
21671666
21770589
21349272
20903642
21835108
21007844
22893698
21393975
22024617
22190332
22760352
22756937
23866150
23139260
22308009
22272184
23267307
23049456
22745896
22483984
22520901
23070975
22989485
23130164
23762398
22921550
23207196
23359776
22724176
23084230
23543455
22438560
24765185
24146155
24091244
24134103
23664478
23785942
24314997
24808505
24401676
24211345
23984187
25847709
24999437
22857252
26354623
24742053
24028458
27118660
24233837
24788228
25148261
24924079
24325987
24662197
24471976
25914594
26562747
24960076
24929589
25336759
25454476
25916668
25833504
25684460
25929320
26618691
24884566
26516282
26033563
26651992
27197136
26371896
26595037
26922039
26838906
25503697
26705250
26910218
26294793
26357980
27631947
28227805
27401572
28152636
27700403
27351951
26934823
27146192
28093107
27904269
27428033
27975941
27646344
28323292
27932702
29185670
28097465
27247950
30195099
29490992
29824687
29976567
29215385
29106324
30157821
30024745
29337499
29746072
30077142
29114579
31166238
30371975
29942313
30221999
30515890
29985223
30125521
30365283
30431004
30058919
31279417
31093374
31844508
30891903
31255825
31047421
31639430
30812748
30119411
31290819
32020493
31912083
31934485
32007459
31989044
32506658
32537936
32657746
31719588
31648778
31859256
32522708
31967826
33177574
32014281
32885646
31798614
32909871
33385437
33496582
33577942
33283609
33798117
32655945
33800893
33711238
33034803
33650697
34081721
34661569
34111025
34241085
35915168
33566080
33709946
33959525
34825211
35017485
34370423
35618702
34063277
34626936
33398733
34716380
35332435
33565550
34737428
35805125
35974989
36185196
36233936
34986779
35977705
35283085
36046662
34141582
36080063
37740582
35228815
35571196
36058464
36578621
35340781
36351584
36500698
36632351
36086014
37082020
36471104
37241944
37700358
42607437
36743676
36885307
37139285
36997523
37802306
38565341
37379868
38038903
38985186
36972548
38323848
38222161
39359476
38751646
37776570
38140630
38829820
39139481
38757337
40011658
39592254
39037923
38730647
39174886
39270512
39203148
39432320
40055748
40063854
38753770
38975748
40019962
40085174
40861884
40342658
40059998
41207822
40721887
39756308
40624407
41739452
41021860
40525986
40125468
41013043
41379929
40547556
40216316
40759997
40988508
41851929
40924720
42710710
41913782
40681532
43851522
41854194
42698419
43283778
43233626
41178109
43082226
42335842
43313562
43537585
43770885
43347115
43671432
42907214
44084794
44118776
43666784
42700964
43177663
44012991
44217127
43812982
44512812
43883853
45564731
44009717
45362418
43272389
44741615
44923049
43422205
43967990
46001286
43921955
46430406
45267444
43757823
46345650
45498559
46674275
46515874
46301880
52296362
45135050
46982663
47993997
47011799
47331127
45458277
47004235
46523610
47312382
48125651
48654205
47874899
49246436
48432235
47608718
49158253
49667832
48738981
48096147
48052627
50585142
48930173
49920277
48093352
49068079
49757870
48491757
50369115
50965033
49083197
50453912
50883613
50615159
48933190
50581537
50466616
50411253
48669374
49443731
48450090
51058525
50712177
50393851
51145948
52435815
49668797
51720637
52739224
51837182
51694720
52219036
52021512
52002797
51140308
52886615
52519368
52393046
52705281
53488705
52020440
52398696
50832491
52865637
52521714
52330722
53477756
51414244
53666173
53416683
52778828
53427423
53809587
54350163
52809816
56849559
53374936
55909617
55256473
54196760
54962050
55501835
56872072
54615283
55348805
54596890
56149010
57070808
56500457
56737343
56161702
56641958
56444463
55634371
56987665
55196174
56561239
57056491
56940357
55671179
57594895
56308144
57301555
57952815
57294882
58756655
57791848
58388528
55939384
57447353
56943215
58946385
59190415
56827010
57455048
55526224
59270953
58720551
56466428
58979799
59194785
58355919
58576115
58470691
58796861
58240957
58602624
58343726
58419576
59229588
60497996
59465494
62474798
59118103
62037604
60083463
59555161
60336390
61059953
63409872
61749504
60795355
60366064
61652305
64328766
61862010
62243183
63660635
60676857
59736425
61821167
63043670
62607766
62367074
62968551
62131289
62955156
62340395
61419817
63641111
61415239
62804499
62656847
63388816
63791678
64407132
64055967
65542476
63185223
65214341
65617063
63752778
64032945
64550919
64937050
66367997
67777664
68386656
68815567
66571501
69069285
67198830
69020255
67917894
67285740
68160933
66371966
65270977
66293953
65071189
66174742
65421725
66735797
67070884
65740312
66887105
69918483
67496039
66905060
68525245
68021347
69431325
68803999
68159953
69805254
68740442
68516159
67690387
68921025
70280009
68857629
65884973
70496140
70228176
68909876
69867231
69941397
72824549
70231181
69542953
71017440
71033299
69330541
71863659
71610784
71394487
70919731
67837051
71541197
73399862
68278184
71624180
72471611
72245003
70239438
71893246
72314241
71861306
73145324
72258090
73629687
73068443
74125311
73817624
72164958
73684558
74664144
73519885
75105356
75574110
76003882
72655291
75759775
74290286
76181251
77145548
75530071
75671211
75728346
75980481
75528448
75969531
75246729
77465428
77707213
77899940
77011914
77722984
78110839
78993445
79666235
80397352
77349516
78004563
76694078
76316642
78424877
78116189
77444984
78246380
77988064
76501274
79305081
77747130
77072096
76912743
77711564
79746404
81172583
82900507
83124692
83854467
81863808
84463990
83684614
80852374
83579049
78208313
78681955
81818946
79174963
81985242
82478552
81348571
83968559
82430465
79859337
80801584
83411773
84759487
82915108
85321903
81762143
81125931
85298331
84766943
84374279
87595746
82733756
82260023
83138131
82359646
81569400
82894693
82706255
84216178
85523668
87266170
89717808
85363434
85567990
81157704
88495165
89386268
88069411
89750158
86927446
88079309
89251771
90757948
88673036
88401504
89049890
89583282
89931975
89697443
91718698
90204027
91867231
91419609
89238880
93109483
93526462
89879029
92416967
92682918
92697624
90925919
91001279
93111507
91909524
94352175
92875685
92869253
95010208
89456213
94876793
97797245
95135038
94706679
92888370
95580792
95052839
93122712
95652614
95293051
96390915
96925039
94268754
91825070
95218324
95867342
95872842
96667517
97360404
95213187
96203773
95103334
96599111
97441724
95469400
93981648
93559811
95159329
93555313
94533376
95207498
99019063
96027530
96996546
98747723
96838855
97900053
97138098
98152446
96892226
99784011
101837536
98820518
99383511
98818213
93933749
101163040
99246315
99423670
96637570
99634855
100509481
97589339
102263511
99280718
101381186
97527308
99258518
98295528
100959464
101349085
96665852
101797371
101892741
101986098
101999902
102189440
113210725
103652081
101886702
104542376
102635720
105572837
104634229
103493877
106241834
103966665
106060060
105218399
106447776
101094440
106479764
104821845
105166079
103763019
107240160
104564083
105370038
105016775
96045241
99302860
102360339
104014308
102338324
103867882
104080129
107598382
107144548
102603077
102295300
106422711
107367185
108485876
107431228
108285323
106379171
110042061
110271833
109374309
109639034
108591496
109528022
109690064
109556639
111988259
107672417
110239181
109680058
110842746
113951547
106722976
111172814
112515649
113239976
109659493
109560265
111458553
110509414
111916072
112941621
110222018
114287794
115005959
116787710
112715302
107992432
113145242
112824570
112042823
114017836
110196278
112756113
113433501
113736995
113619940
115020721
114018024
116283493
112403577
112718893
113383423
116776275
113483963
113359582
115467820
115812511
114121415
116605339
115052207
116547169
116801601
118314351
116114957
113667914
115158658
119365846
118141351
114817835
113483028
119520269
118175332
117886940
119241628
119384956
118221804
122450421
120671752
118743951
121130508
118578847
117015958
117513575
121419620
121086636
116828423
121103151
121657907
121678479
119605750
120872471
124884636
123338196
123113789
123311380
125051093
126282356
122317150
118960010
121444388
123528080
124288332
119436848
122516225
121893310
118685725
118431487
117724405
116802129
119102981
121622990
125152087
120486858
120470334
120053007
120016059
121727146
124196782
120513791
123173557
127859862
127669236
127469892
126566235
129516264
126423146
128723912
124542613
130192060
129447384
128610537
129245595
124401210
126588430
131789939
129334907
126459031
132397309
130051493
127989692
130113418
130742942
128523503
130287418
127875589
129910988
128665657
132797148
131284181
126908359
128859710
131766740
130353303
129434510
131725675
128917712
128433018
124398659
125357273
126036979
128424811
129177068
126185806
129350860
130842454
135405941
131715570
126691951
130614523
131363622
134565269
131759681
133583581
126133345
126998623
127890315
131009893
130572128
124952696
132629460
136575418
138003096
138303005
137213285
136396197
140915275
129615983
132245238
130328483
130604213
136013073
133534299
132153520
136768000
140883385
140446113
139327657
142016962
141052143
148578051
136658845
138492451
139051353
137774232
142114755
136235440
137465475
137238641
138676589
138434189
140413745
137071293
139482798
140645172
141595572
142621896
141462570
141007083
139523701
138886810
139411290
140079317
138278710
139964978
137068512
134326444
134309349
137600987
134775275
135663790
136985296
137849231
137787805
142162143
136075467
135926069
139429006
139485366
138069600
137312705
140581838
141644109
141324202
139857346
141274853
139635288
143355282
141574387
143711393
139556937
144844688
145947638
146442834
144920592
140147084
145207351
141833341
143316327
144797760
145017010
141713841
140084572
140441093
142378913
145049207
143585590
146607859
139301366
145455710
142783146
144253437
144225407
143531063
143639335
149292855
144120369
146468354
145915068
145515729
147357475
145065167
146082537
140937575
146692876
152631339
152567165
154038943
153784624
150484539
150703467
153146490
152004270
154807980
155357853
152810550
153570151
163038681
152895595
152182177
156914065
157282547
153924203
167415330
157709739
154634247
159422086
155863046
156710956
153395082
156710145
164620511
156346409
158272485
154451647
157301637
160458812
159283442
157949544
151376162
151507049
157544419
156040706
160883191
166162589
160869057
160068086
159472614
164074123
160969131
160293938
160965269
156542049
162675007
161631014
156720733
160840554
155402776
156763022
158508581
165595733
166153988
165940559
163328629
163959271
169503047
165211696
166445143
156603642
155908628
156197504
162216599
157900623
157288680
158388762
159851309
155926963
156019801
162020141
156730353
157468172
160114254
160041419
161229129
160351950
157415874
156799814
162592434
163129227
166797262
166459929
169687903
168446206
167621397
165923923
168604244
167287236
170300952
170387256
167423760
169784664
171163806
169030427
174839459
172205526
162328266
162502276
165004780
166353029
161913945
164835948
169127894
185818405
173372631
161460238
166372424
164870095
165536038
167712178
167795677
163788096
169075685
169010613
167036339
170766005
173147927
165503402
166954986
169597624
166899093
171184715
169568261
169324048
167648284
169494915
171541280
168276992
173517218
172456908
173152622
170515265
170534267
171157894
171244198
174590116
172320168
168322104
172902820
171521365
174758441
173722863
175176413
171826071
170967770
174131765
172379123
176141714
177724151
171845790
173351973
176206371
172462041
177837084
177058519
179945703
177679242
175416599
181030857
171363182
181792477
179924486
182469185
184464488
182563363
178429393
183622277
180760283
180088623
184530642
181732718
180959285
183979478
180428203
175797319
184074650
185179515
175629375
173443286
180122809
178610633
179093622
183163464
182703330
182406384
182755284
187405959
181810340
180637175
182076522
185011780
180339568
177419059
178868448
184879144
185199696
184259701
180258779
183127574
181749633
182381318
182215657
189793112
184163340
188018164
185885492
184552412
184559405
181859508
184763662
185116074
186543813
184795672
186950957
186000309
187733426
189434821
186229166
188162345
189233638
188913991
188548711
184652268
186670194
192543741
191614678
195506905
196911873
192918490
197820329
198291132
194508409
201620078
195522384
201705489
193990243
195573747
197355045
193762520
191997235
198470853
201120652
199485358
197898911
195683217
197791490
204389091
201180449
203303505
203600818
200865529
197134420
203200767
204694125
198209995
205615060
202373067
199898223
203025998
203895181
205166416
203017622
204852657
206746641
200458032
203401088
206338998
205149539
203885152
206599196
202657504
208220845
211060267
207847822
206273769
208008860
209103581
206232309
206874596
201654656
207563930
211785977
207950169
208038735
210294823
206141407
204421037
203099180
205658607
215753079
209736426
207530343
213708839
215340672
205852577
213406820
207014155
218030093
212146035
204578849
209443315
204048577
202949324
199850609
204386479
202649182
208536835
204034020
208217261
216213872
220478981
215117076
214345987
223487560
217159952
218330353
215253293
214376769
216665568
218142896
210627493
222180367
220204219
217083775
215454317
212646445
209163144
210800318
212531980
214851172
215949387
215027278
214428027
209554452
213016423
209759607
215842779
221269957
224856953
224547561
218240002
220366209
211143540
217345124
213302871
210820781
210763849
211221413
213865881
223573501
226720079
223616345
222111231
225194774
217273188
209056580
221255784
221958002
222123138
230554552
228043141
220346284
227687819
223203603
224758819
229946428
224352858
225001528
225818275
219778088
229486792
225614402
230030261
224510361
221488452
219742549
216747923
230744944
226308083
221831949
222162250
222822490
226096023
231962512
224245025
231510974
232710852
232716042
229851440
225340413
233606129
234318954
237577730
234233366
232239527
231655117
228142434
229585383
230199559
232291738
234078865
234495996
223877274
226283472
227593298
225358953
233158684
236992413
237761444
235637719
239152709
239879110
236689827
232377221
238103615
236162101
239784217
238076632
234805616
222092089
226487148
230662362
229316689
228605513
236458672
232243415
239128000
240911712
248918443
237645063
239769403
232551277
239016661
235457988
244828651
237665709
241001766
239401521
237610467
244450993
239698192
238896402
240648983
238015159
246125810
241474946
252825564
242001861
245578901
246052312
246614206
239934379
248813925
241261867
235100642
236004542
233018324
236622989
239445814
235410764
238137813
232814391
233147471
236276705
238194548
240294048
243029143
242737231
236745398
238798384
234631166
230186176
237126701
237650535
238230669
240871291
239045461
234189076
244906524
248391406
253228711
260488200
257968566
255772863
242715369
242765528
246373333
247017310
240932786
237453480
244287362
240681937
244428633
248978747
251888891
249638462
249975981
241455298
239680624
251739189
250629343
254711309
253533564
249400665
240053760
248887303
261825315
250822768
251025012
246187889
255307333
256811384
259027164
258107301
259037342
260915000
260636578
261126343
260378416
255443566
254549504
246129658
251812918
256479145
264263367
254622318
261983660
266956339
266194134
263279047
260964231
247046637
255400069
262892247
256924240
259720421
254680654
258304411
261430192
260099783
255266760
255120882
258744351
258528421
255567121
257868164
261859815
259564022
258055648
252153971
253680100
253418782
260257305
255811799
266193680
273566729
263976482
270422812
270627539
270504531
269703850
267913482
268451397
266729694
264149930
269825913
275649321
268200447
273445122
273931560
280690511
279852994
270139476
279300085
276790405
271658551
276290300
268726054
276404349
275111600
275675434
275568706
271698426
279257087
275918443
275850171
277866080
274671655
278447295
270073700
264559367
268613676
279175005
258262425
268082782
275277102
272320563
279067110
287239377
276110309
282790018
282458056
282016892
278808929
284222950
279854026
279054157
282399937
279054081
282905066
283357341
273636007
277622436
276393167
284073280
288846198
274855370
269019078
267800462
272107053
266932013
269115627
268559667
268024971
276997081
291830426
285126599
277131642
279037416
269853648
281241277
284094751
278547769
284763343
279537755
274476876
278813970
275475710
281017867
281436565
280937329
286766463
284432926
284972601
291337630
284861115
284840114
287693540
296807030
285740976
285502771
285869658
288609406
285649924
285200046
304906247
334918532
314995375
314620245
297725932
288982936
285735535
301332961
292534883
296385410
291964184
304150775
293578809
282757339
286706864
302081752
295563665
298942167
300141278
297237515
299238823
285471302
285910756
301828699
302678897
303254902
289056562
291051795
307617506
290543937
296719110
304198536
302183234
301375306
289416960
286919661
288647201
295481648
306581636
300105721
298879590
298537522
306112219
304171735
297714480
309067760
305223509
292504389
305347658
305016703
310215311
307917682
304634297
309723435
304888126
293933966
294933749
303298934
299803994
298701093
300009695
289940178
313262938
313151159
295707282
311988119
310184722
306247686
301705132
319976298
316915768
314907389
307941403
320383522
320759734
308617778
298057026
300944732
338029943
308630841
311457869
299630356
307624578
297357086
301049385
298036544
308679271
306353207
304690198
304893577
309006470
306590944
305395322
303510356
309460160
305707244
307886895
310639510
312988883
303706801
311993716
312303750
318635845
319289649
315263243
307649271
311392178
311691721
314148496
317726324
310656820
321169377
324213271
314058087
316135563
330811918
316676401
315959270
309256358
314544710
314743218
317764375
318792414
321581949
326958882
322322252
316835804
321428966
325934404
320567007
328646092
331807876
328897587
316900933
309129595
322788875
325919073
314057871
322315588
325108991
319808938
315982018
321773157
313113928
316169282
317526383
322493176
322347837
319674553
321015710
322043927
326971582
330651692
324516447
325918134
317195070
313885061
334291637
328031735
323295929
323644248
328538766
323903996
322680436
337128527
335546753
338907843
345226684
342494173
350479186
346835839
345698245
334838301
342293190
336150426
345510055
330141662
334762237
334621778
312435842
325268672
323667523
326420709
322488902
327359398
342145182
327269510
326824256
319351663
325159220
340640175
323361339
335150452
333642446
331929604
335656707
333268171
330364087
331824083
328123325
332549187
326558057
333844986
333214348
338320179
336277165
332732100
331803809
334524454
336584530
334295675
326018744
339009507
339149403
338501358
338589229
338701653
325722305
336680343
331907013
339362483
339013946
334147689
334625655
339055069
342523158
338304268
334655971
330265194
337690763
348796181
342629190
343437500
344680043
342543058
341054383
346296578
344901569
338745281
340966843
342459910
337284158
391632409
357729025
356773639
360251572
356051648
346071669
345969824
337290266
342955896
343674874
342506921
348030987
342860093
344227028
346144576
361273468
362491585
359171948
361174398
339293381
341145366
348699451
353615744
341257181
338593479
350127148
348656571
360135109
353346835
360859345
366831748
365616323
359875819
358717534
372773734
359590186
350438683
365354465
363014362
367786370
389837933
363233216
359120057
341381469
355062167
353430957
361884625
366808207
372676701
362092802
372703364
365475819
347594206
353195017
356774528
384489814
367616476
369244352
374479109
381716749
378447403
380243853
368242002
390592002
381933797
378849996
384929531
382723981
356893045
359947324
359686043
361991344
364971172
362105970
366614741
359636623
367415001
369415568
369465112
386996831
378847982
380598006
377301786
381345441
383191610
382396213
380500365
384042876
411924426
390647395
381924595
377342050
380681336
379629010
384016857
381378731
377988058
379772590
386913080
388346625
366048596
365390146
384660533
385090915
380116671
389444851
388052543
391619004
386922353
390048009
389194398
394221775
375625514
387299473
387979091
388599327
380136708
362305927
401735127
377226217
376437949
373066219
378578937
376971765
375976352
378548762
371815243
376133807
374747786
375590887
376177618
376947922
383603597
379986665
391835069
389184437
400057509
400279763
393936102
388585298
403346819
393756519
391625414
397856104
382405511
389693193
377822937
386214925
374026824
376956226
381929782
384533902
384464803
383128953
394273058
392461113
390399347
389327652
386751295
390397960
380617124
391864556
390031333
391554731
404104402
410472629
401293295
411487855
404712928
414305693
377095677
390248988
399951255
400051490
386884262
405649535
385233797
389600411
391984524
390419826
383137653
390494050
389250025
389566049
390858384
392247337
393318473
395324021
392291837
400662783
398145324
401995566
399252112
389205043
396510203
394657851
394483492
396110999
396863379
398870771
398493699
393699404
405921413
401187400
403545143
410324892
407503337
403830170
393089238
394543410
397122030
398058340
397776445
398208363
394224387
403776996
395727644
399912664
407630248
399895805
401251003
396752332
394324714
416921143
417546215
419699893
413189421
411388138
414957041
408945785
410827880
417252237
412008192
402534775
406229609
403928009
419717120
426340334
410515935
411156491
402255465
408345847
411768114
427568135
458195202
422735378
413945932
404889661
423168230
435973820
426311956
428695817
435071688
434379255
430945209
429252021
428639127
416076961
415875882
410566542
417322956
405100799
414007672
416410865
422708272
415514294
413869674
414990760
417466869
418787301
423638219
430641851
429869901
418245030
423750423
425464531
428210333
447417781
433094084
440496527
443312090
442791323
438600926
441637283
421276857
415182449
423287382
435386795
449875943
445416121
456940094
431368088
427579812
437729592
432096570
437290414
424863285
435667002
430948010
437286515
430453889
425870413
438703801
448749581
444209202
487721452
441994240
434569156
427589946
429094927
423550339
423925383
443464700
425605695
431144791
438865799
427070591
435700792
433038307
437741089
439864758
456168118
457313932
441464100
433435386
433097284
439551757
431914147
435890057
431054010
438905383
438294411
430130947
427354484
433163787
428935839
431311181
446919505
451621260
447729033
437157852
437036770
432798300
438095922
436924190
436728339
441271405
447438553
441190016
435721753
444517166
452619885
457028590
452196482
446484567
447225211
448781758
440321901
442695753
449234800
444705395
443069870
456454171
450931392
437205860
458313451
462030876
450171677
427696563
437365895
440137511
449569707
451444992
450400779
449733663
455503876
447811888
452074345
455147673
451556040
456633407
448759208
446183377
455504444
457807352
459656846
454285869
450500841
449777048
456746079
458271604
449226470
474730095
480950886
459096904
460241436
469859119
465988734
465345995
460928667
471210006
478056368
466293485
468106367
482621158
479457223
482176560
473881640
476593319
477811770
471313992
464953551
463873007
453595550
456783605
470552469
463080797
470060658
467198578
471494971
475269466
474835580
457353674
467798448
484604800
479896575
468149149
480142568
484989449
473582275
464950570
487867555
478670518
486029519
482363429
480118769
468771883
515533569
482757978
487619565
482709340
496384545
504604762
483126516
487046506
494653032
495833077
487420138
474249231
483633919
492054908
472639442
470507242
487466796
483503821
478258092
489217952
492494552
500483053
507864333
487998576
498310599
495291896
487947523
496448284
501522036
496528660
493914534
505497911
501511965
499819707
518511125
517856498
534825483
538427002
524532068
507341934
527899754
483750659
486695885
490091508
511171770
528053798
515214746
485776095
490966974
486511965
493836715
479746805
489478679
479016941
490478696
494120683
488618025
486453997
479198947
491840530
493431531
499865212
491514725
489975729
497037174
494072347
502307398
494668095
506122998
512015369
517483237
517450752
492743563
488074676
502066865
501423654
505680976
497131345
501440464
506542982
530096777
505536698
505406223
504481885
504578506
494580296
502407344
497424540
515527699
505572039
524153748
515679440
525731942
511589873
502487423
500713684
518086414
504734859
501689614
515009174
519560903
514651670
498778435
495434553
498041510
511259827
513855953
511073416
498047644
513690352
491597937
497996519
504190807
507553705
502727479
518210856
511402688
502082087
508812202
507302545
501211055
514925586
510679153
499420851
504351548
520418386
510918626
496407514
513994786
524670464
514797626
504098163
510781454
505418254
516397425
516698553
528112620
527156418
535105534
552972659
528428202
541649959
538587236
540469616
535207327
529935109
529935922
528003688
534714553
534509822
544471215
536032809
533530054
532109140
538415266
540786822
545655349
506236951
521070217
527135746
508310075
520135256
534545550
529490121
514508547
523525058
536073157
542013425
541085815
542325255
546611873
543187100
538896917
553865506
537732742
535630281
547723776
546219570
551817260
537103664
539779030
544671725
539216888
550571965
533675033
543565644
541053134
565115062
544289961
554922079
547692301
551459672
523710296
520053255
535936402
538674729
520692007
539579305
539946146
529961261
540366162
550306452
516824647
526483213
530995221
536032608
533663207
522940716
531319138
530775360
540112457
570053785
543588228
541005458
542580910
541447362
533656656
541190192
539497939
538322992
529420929
526402324
563313578
563905692
570368421
554843889
529199104
557831298
540429424
541345533
538699229
536196465
552965680
541131634
548799388
540082061
563281370
531873929
545755009
548684405
551805928
545648488
546839247
553735322
549853047
567960368
577210895
570458068
570276689
567228527
565473584
568383464
563508847
583986954
574114810
577822994
578887100
569580606
578486464
572771743
551555924
580529553
572495212
564968741
543382837
561624264
560699558
557729507
543974349
571664240
565872038
579252641
560626157
562005377
588289299
562512904
579249553
573381130
579656920
585138537
586569791
587738496
585616509
581812333
570252337
572351238
591146563
594089100
582376297
584444319
586676188
583960026
589223179
594704799
576595148
581039694
573687828
566005099
585969496
571200935
590859294
591203610
596661544
581883704
579739862
579115313
572784368
563715596
585849193
579369420
587606925
568805319
565765162
605004163
596477233
599054498
588325710
585099579
590010830
587403640
577672629
599543378
597405731
602604813
605236159
585530677
577309769
608998637
595271348
577533078
601771882
648914435
595067844
593718234
577315646
591881778
591302407
596583423
604030774
599371923
604242792
584680079
580869071
579442294
577900232
581729837
604388605
586362026
598399960
602897985
607209181
612454027
613409112
610284943
594744520
577286406
586598965
605704135
581345955
590159100
587363664
582707088
582199827
591750708
605272698
583327271
599506080
600240404
568430995
586545272
582306322
579073888
590545965
590348502
590298667
586143448
585181552
594527049
591479894
593679965
596597919
599401121
601604972
600762820
594395614
618397591
612654052
588044195
597491818
595993809
597783289
594991465
594719898
593571302
605589649
606628830
615503132
637375063
634994016
636450459
621042857
629080922
638239527
625048258
610760501
627186152
618420318
632216171
612193307
627227874
625717999
616424605
632079661
607099045
597842806
601444128
598474977
613780449
604125617
611143031
605605939
609344506
596565898
609257165
623572798
639565360
623726203
625871906
601827998
623833554
637137936
625668382
638192852
602622706
630977640
639822524
623308037
594767163
616408453
624576481
611175226
624449767
625299748
614369138
620656453
629394969
630348618
642345554
635738683
634032640
600482101
617571035
604823136
622530117
622336120
620927503
631437834
602320139
613895815
598284293
617133266
635165026
641220634
665306977
644183849
661920969
630365406
633489985
658357718
648625719
652751114
652468346
645333763
652754153
645917285
641132974
645819902
653297451
647441592
645049126
649879800
605387248
620274637
636058898
612345136
630458561
634564354
640851433
640398134
629582264
638071250
629013841
643483696
641646795
666394824
637926327
653071287
659719650
662077314
711654612
661649296
659220838
663985396
655190155
643895920
636621132
655549921
644329637
665374638
651002628
662784016
654723202
655082697
633205024
632555659
640969982
633622515
640870305
657390196
652738994
646066362
657877690
642266331
659135113
652493330
673646059
661765527
645885647
644700837
659664792
646327041
666656196
647491110
647873226
674207654
667395461
668251442
676780054
677351281
682505611
674313562
653330620
651377965
631488975
659873568
647354145
650546170
657015411
668785590
663372291
684045361
669454281
672062874
659950250
655763134
656297346
657573326
645610820
717686150
713947625
664420830
664296344
669549182
647211561
658250769
659320539
647829910
661073208
655066199
660283235
668669725
660600606
661914682
658922233
666186890
666153664
660304008
664425293
664256798
657127360
671561085
663844976
661099750
664446879
656305555
671247883
652195168
670623297
672752024
696352349
682607270
693620775
716773933
700232919
707882865
701891081
715928995
706058723
724508636
711244849
707719826
721401981
707165768
715877944
693735698
660157307
678402093
664169790
683023563
685932661
660405674
682966944
672504219
739777275
673962979
691752865
684057144
661538964
674982421
700681755
723112512
683728158
677668333
698064591
702471478
716110656
699951173
704992231
666644402
698145250
690034393
689689336
689418056
690242049
684705165
685263745
710107847
705739667
695995294
720111757
709010003
711735858
676045889
693572808
706182636
722356879
722543199
684672883
701668383
691166200
693027153
696471494
696921544
704722565
695837903
710868910
705963911
692433632
716805319
703433798
708961478
698175979
690458727
696587428
695057893
696862345
676676722
699362871
705929125
716223403
709705723
711042654
718836639
725036762
733130190
725896580
744106323
777884071
731592777
736880003
734697260
711735359
713671267
727315110
715190612
697490907
708124655
709314623
705651577
709576272
696947447
709264831
724480133
724282859
727575246
714392734
733255177
720699575
729646939
701474713
708682852
712580658
720870084
728925406
796574554
728719177
710076875
725704854
725027639
715990745
715092351
727153172
715231643
719095382
703996606
705188597
711042640
715963353
717953913
718531889
726971347
721125429
707975881
709500983
729738123
718333945
727913551
738842435
729479971
727367138
727431464
728575061
742990373
757366753
737492644
754224810
757143142
717426696
728414485
744326043
746154687
735628255
730298067
737084581
813142653
730790083
720200745
735038025
735540822
730189068
734586414
766649855
834425297
748363642
760979404
766464043
764596804
764653427
739481604
736243444
745034405
736756188
740936297
733102054
754967403
745285414
754002749
746820634
724711692
726789305
739032965
737052041
748548725
743652460
755375389
760194373
755451001
747802255
737991305
758828389
736932211
756790815
764367934
787658820
757355163
769244472
744999196
759353175
754143546
744317229
743448864
746029833
743707094
757172746
778792224
770060475
787947749
785674152
763150228
779252405
744421933
758807094
775857687
779159825
775214598
741950475
773093837
773449893
763265673
784739375
785722344
768465685
760250649
753335861
767879522
768279167
765516478
764422114
783913012
769180418
787300455
762745448
762462622
769094906
790178913
788489947
798818597
782297742
802770279
756878065
757984594
769305321
782224298
816867643
767736845
766517063
765797363
753000837
769887345
769459089
784906894
766956367
764859719
756700055
754831820
756025987
763181193
761384191
791880144
778188474
763683194
776610522
779685485
790229578
795403472
805018938
779265684
805739830
787521519
789154002
771640083
816040685
791192591
775470027
772025015
783787086
800661258
791294113
798726902
821520872
821104293
832052119
800038898
796689747
786740341
808015074
812844403
779296716
788489244
807429526
815897368
815847761
818384998
794372847
812038856
768090496
797241608
831199841
813725044
804334361
806509182
806252468
798967625
790114954
799470747
821877465
814812108
790605452
801162783
811788516
822968149
813257979
822470439
824530783
899860781
815454657
820110915
828635459
824947753
826318465
818590466
832159410
816679401
854647372
822067042
827383683
829014305
820468915
822641872
822777045
808041835
894607152
790006631
809137098
818888863
822056349
813478306
822885226
797939063
825588058
835212539
827666932
821280651
826174846
841305278
827721411
828004769
837480525
828856186
820627449
818124047
797240463
815128379
793447013
811898782
808542825
802079102
805188519
802872875
798578058
869744535
800351501
810873172
802859648
831502020
841814075
821819406
846270878
840337250
825531463
841411379
862338354
806497589
800393392
821702525
812308122
820231773
806806588
823343824
845113527
828315902
890341677
807649570
820146468
900400730
826279286
814521868
824687032
814200228
808777416
831033378
815999698
851898703
863630773
854449597
852465808
863371232
852479271
858480918
836732843
849202885
851325033
841281548
962888091
851028470
846320053
843737319
868930872
837660417
838185082
826241630
815085933
831818965
836875996
824578897
830136570
829823276
834667700
835234891
835106599
835544732
824637917
855442141
876752200
870932124
866596328
825652147
830206656
850480840
845176632
831971839
891210173
857219381
878180384
853380768
887214566
865378818
913917069
923217196
931729049
906295079
878979026
877478002
894563692
884153607
919692423
884417563
870683512
864339186
881408246
879706778
881689754
882277365
882615903
869384064
859132899
865039964
870449023
869756290
865609181
855578617
868279733
868862824
855496832
821917429
816130566
822875510
842894565
875737697
864334145
855719010
826130270
835406333
839485880
863575459
863596594
868294190
856794175
866087012
855863343
854118110
872877114
848409658
825950367
836907461
844626369
843803862
854085822
851307025
853772948
836889652
845823391
891712035
858240687
866423913
861412290
852278976
845377065
888308309
867500737
874498895
876259778
858680895
856397799
853752951
878555648
907370052
898434336
872741798
884321246
878417403
883256704
880046693
884627132
890280450
890150931
893640391
888497472
903729269
908883821
904035881
901950893
860594511
877136167
875500875
853494863
870286033
878111706
866789001
917802281
890206051
864839179
875831706
877185349
873045906
875263586
867556402
869713360
891142077
876787225
853933488
882883880
860881227
892307860
913641895
875537694
876653524
889733239
891807422
888334238
868455087
874254537
889880123
884024424
887074376
880231355
886362664
885377912
874244824
924238526
948371316
925289119
928206505
919778003
886661750
881539663
898297310
917509659
898536349
886353143
878886721
886306750
903320054
932898719
882874555
892982269
957676349
896990667
887802237
891096784
860980277
890269204
891475833
881761784
900699243
882945961
898369005
898858098
893424899
900343195
990095366
892309998
912644410
914018321
893686975
906662384
913481285
906513868
903470761
898704255
900388782
901502547
910166906
901432037
894213994
896288809
908044386
902952142
956239720
919979410
