822
2885
4117
3687
4107
4128
5610
5390
6763
6452
7304
8326
8676
9528
11742
11781
13525
13535
15057
15458
15709
16199
17573
17482
18203
19255
20397
23323
22431
22592
23814
24645
25567
26078
33260
28161
28732
32139
33070
33481
33331
36136
35926
36276
36728
37790
39041
39162
39492
42047
42227
42779
44812
47006
46325
48619
49451
50332
50152
50763
52126
52787
54019
62004
85106
82722
100715
86849
64338
69097
66472
64147
65821
66582
67855
67123
75468
70609
81830
71010
95825
74687
75298
75678
78053
79015
83493
78664
81209
82210
82471
86248
85186
86929
86889
87130
87761
91127
92259
93752
94112
93632
94634
100514
129928
150927
172356
172477
177045
174881
177175
155465
290202
257602
244077
258744
125149
111785
112045
114761
116914
113699
116704
114350
118808
118197
120581
133324
126442
126552
126772
126142
132603
129337
129718
130750
135167
134326
143714
136190
136891
137391
140298
140808
141059
142772
143413
144415
145877
165914
146469
150105
148643
149854
155836
154413
155275
154493
157248
160013
200748
386799
396377
449875
220274
164341
164201
171525
188275
169761
209193
177555
183466
176694
175182
174610
187133
176444
177346
178587
185570
184568
182134
214303
207511
185089
186262
186041
190920
189317
189287
206268
204074
217378
196250
196300
206007
205887
205847
204635
213652
208652
211318
212049
211508
212990
212279
218541
216337
218571
217719
218551
220013
218691
249607
222709
225945
225824
222628
224943
226816
234860
230343
230933
234330
231514
235191
235061
587818
424358
235321
235161
243346
235101
240601
244318
238578
242234
239799
244929
244728
245931
246762
245811
249988
259085
249848
252864
257472
253605
255168
261229
258484
256561
262611
255959
268773
274584
263874
268161
275265
268342
274313
276397
277319
280584
282959
277649
284702
280304
282909
286115
287406
284121
286685
287327
324565
454112
357716
292005
294640
298548
293838
302114
298347
312312
307113
435568
376561
311411
356333
319576
317863
313374
310249
321389
318925
316651
321309
320859
321600
320577
329715
323113
325006
330676
324946
334263
330696
334173
336207
336076
391668
345453
365090
335665
342128
339753
401897
344081
342959
340184
343339
351915
346275
355372
350022
357806
353788
351745
355482
362365
366051
473879
372292
363466
360110
365300
371581
370920
407167
376931
382801
373805
384856
384545
453973
387801
391678
386970
387129
380788
389624
401286
397529
388092
424819
386709
429106
395165
398551
399202
398360
401025
411425
403520
404441
401096
473107
400885
421934
415332
482835
412306
413077
407327
410333
410172
408820
445828
414179
407608
417606
428004
415292
413909
420161
420852
514373
427404
422315
423075
423005
427845
426322
431251
430860
435188
432863
446358
455304
444665
450837
443794
446950
446499
450325
465814
786743
476964
466976
460745
471113
463099
466164
471364
533007
485580
478417
480411
483737
480551
492473
483957
506980
522608
516727
484318
488966
486673
504185
494988
531604
549437
495298
498925
498394
497493
498104
522518
500668
505056
506328
569574
509064
503763
505346
508513
509134
503212
525824
512500
509855
515986
513141
515516
519583
524222
519302
522218
550680
523099
858694
530874
535942
536143
535662
529792
535923
535181
556851
534981
547604
566478
544989
547534
599369
537877
541944
547804
547354
549627
551571
553194
560558
557843
565537
559837
551130
564836
566899
556240
626990
567610
563703
559416
568292
571357
563904
598347
573501
572089
578220
574052
575876
572810
577348
616921
581265
578681
577629
583610
593548
592817
617302
610269
639643
598588
601182
609618
609197
605560
646556
609868
619606
614647
613354
612883
621169
642508
639413
614567
619867
628452
626358
635555
675729
627199
630617
630987
638070
630867
637659
655452
638762
643039
641907
639432
652346
649100
656023
642088
647127
651635
693221
655512
698881
655873
654680
659118
662094
664789
670269
707357
663917
664519
672292
687510
672983
703671
669768
672784
675739
676661
761195
680858
727103
680998
683473
677412
698120
684475
728586
693531
694694
692320
693822
707367
693682
710473
713167
711414
700785
709802
745928
718177
701687
705153
710642
722544
715071
816917
735719
717155
718037
717926
738133
737673
723426
720882
728125
732172
732543
768670
738985
741359
737332
741329
739396
754974
752269
741720
743894
737402
770122
791251
752780
751177
756437
751849
786653
766726
755385
754453
790199
759593
760554
770463
767187
762719
770273
771034
807170
774280
773588
761336
775542
772646
818972
772947
780751
804775
779409
819592
791472
789377
781513
793735
790009
829480
791201
789627
795238
799075
839198
813210
809434
1006506
818962
814584
860117
809505
815315
812389
813341
864875
824391
819112
815835
821696
826706
867200
825804
826285
890222
825533
878791
826736
835472
914236
838848
888019
841453
834439
838257
842685
880013
1048723
847594
845280
860969
850600
868072
850669
858695
850399
894099
875976
865657
856921
866598
864004
917222
864015
869464
866730
869214
893779
878601
868532
874143
873882
977933
876377
878851
878401
881526
899820
884812
881166
890583
897986
934083
899319
900471
895682
899890
930146
888720
899860
901533
898317
946815
914517
913154
900431
946135
918414
909869
908726
914126
907975
929685
914877
919957
916621
958156
916129
922401
959910
940174
965430
927942
922621
928322
924435
942588
931828
964739
933722
935525
943791
941887
934633
945674
990676
957306
946005
1031962
953238
1027404
935375
945152
950904
983974
955162
970108
945073
954100
999152
955793
949090
957997
986078
980968
965540
968135
971942
1013498
972503
969587
1028356
976460
1003129
980928
983193
1000705
1028475
989074
1014871
994112
1012957
1021203
994644
1003199
1004652
1088405
1009672
1016955
1008950
1051909
1036380
1048493
1033154
1022024
1082575
1029838
1023947
1025650
1053822
1031842
1043874
1033175
1087775
1037773
1030820
1041359
1061676
1055034
1041721
1060264
1053792
1119683
1049625
1055946
1061877
1100027
1050336
1056447
1055325
1143576
1074950
1062358
1063480
1065694
1068929
1065133
1068258
1070202
1067698
1070363
1074821
1069972
1073188
1072546
1079188
1081503
1361978
1073648
1059853
1059403
1063229
1066997
1067197
1065304
1099396
1065303
1073138
1070363
1089187
1082916
1095790
1075692
1092173
1079820
1077636
1078528
1078737
1078998
1086643
1090079
1085721
1093485
1091391
1090109
1092313
1097092
1095629
1095368
1094526
1127097
1111699
1112820
1109193
1113903
1110166
1119332
1113060
1136664
1120043
1120464
1125133
1121026
1135492
1132426
1126415
1147794
1125945
1253368
1137225
1140151
1139620
1140461
1147183
1141603
1186135
1149768
1148506
1145750
1147444
1153795
1166409
1154557
1157833
1198247
1156551
1166870
1161550
1183971
1180785
1168642
1164295
1162682
1171157
1180224
1234594
1199319
1177760
1173392
1195712
1185804
1185334
1185223
1187086
1210640
1182077
1183891
1202295
1190873
1190854
1191865
1195983
1197706
1214016
1206532
1205520
1211972
1202264
1206251
1218093
1209978
1206632
1210940
1212393
1214737
1221920
1235164
1224576
1223924
1219516
1230846
1226148
1227531
1237449
1227140
1221489
1236046
1229805
1233802
1241286
1253168
1242227
1239693
1247126
1252477
1249491
1250833
1261253
1258728
1259560
1264428
1266001
1261793
1259088
1255272
1290566
1520538
1224275
1227420
1233552
1242788
1228633
1568556
1234955
1228703
1251845
1239693
1260351
1248319
1265541
1257446
1253498
1250212
1246666
1258627
1267955
1277913
1289314
1280528
1285938
1285617
1284455
1367818
1327694
1294133
1295185
1298160
1301537
1302388
1337983
1308950
1308940
1306124
1309652
1307617
1318127
1332794
1314891
1331201
1327585
1325070
1334317
1334107
1356918
1339977
1328626
1331080
1350065
1336741
1333555
1358651
1341540
1341840
1342912
1343613
1345006
1681874
1348643
1351157
1355525
1466008
1350466
1346929
1434681
1361326
1363500
1372126
1384117
1370092
1378628
1375722
1380030
1382124
1378197
1390820
1385581
1416507
1412480
1386542
1398825
1394747
1402050
1415275
1418611
1404595
1405187
1404795
1400227
1414934
1402131
1403072
1405236
1415435
1590997
1416678
1436554
1515238
1422809
1430934
1431234
1423861
1445791
1471979
1435361
1437606
1437135
1467331
1632203
1447464
1456180
1435011
1447584
1445360
1448065
1450609
1447053
1456991
1630329
1485303
1455438
1721175
1446262
1471007
1464926
1460739
1454788
1446863
1516400
1450660
1462251
1457943
1479733
1525307
1446552
1464194
1468462
1455298
1465006
1516140
1470937
1474373
2058274
1482739
1530225
1474353
1487778
1484612
1481527
1492647
1508235
1490323
1496053
1517061
1495312
1496785
1694246
1499870
1500291
1572734
1518514
1524786
1603260
1517833
1528303
1526689
1499309
1516630
1571902
1522061
1521470
1525117
1530125
1539052
1722358
1530647
1544963
1647020
1492346
1482418
1509207
1496653
1495612
1557566
1525217
1524506
1612757
1534744
1534042
1526639
1523323
1527932
1559479
1543550
1544351
1556243
1542378
1555472
1570900
1544131
1541987
1589404
1555071
1578364
1573736
1560271
1562155
1572664
1578164
1593952
1577191
1574907
1578354
1578154
1583654
1582131
1594123
1582672
1565400
1598060
1584675
1592270
1592821
1600634
1601186
1609331
1737125
1584545
1573746
1773231
1580968
1620581
1615873
1602307
1613167
1611996
1619951
1682555
1604422
1614150
1624339
1611454
1606575
1619859
1624679
1619048
1632053
1633615
1637362
1637132
1623837
1631030
1658721
1638134
1705006
1646739
1643573
1634176
1649754
1644986
1653642
1660124
1650456
1652269
1661777
1646448
1650486
1661235
1649765
1645607
1731244
1654924
1648663
1667838
1649064
1673238
1672297
1670743
1672566
1680531
1814998
1777018
1679659
1656166
1663049
1671054
1672957
1665033
1682084
1671955
1667297
1685070
1696581
1696070
1698864
1691552
1685009
1714814
1696039
1701780
1717679
1690600
1707481
1716707
1707090
1810069
1720725
1716227
1722929
1721727
1732056
1812272
1801022
1735361
1725253
1754707
1733378
1728298
1746001
1739008
1749588
1769063
1743306
1752914
1758364
1856043
1742615
1756621
1860511
1750059
1810219
1747454
1749428
1831929
1764264
1762151
1774984
1760388
1775666
1811832
1783861
1774533
1778400
1795652
1771107
1790744
1770987
1765447
1817261
1781697
1782037
1794139
1786465
1972106
1795612
1788550
1786486
1806001
1810650
1804288
1824415
1800351
1798428
1840315
1814778
1811391
1832580
1813715
2157186
1845063
1818995
1809969
1821369
1889925
1810379
1830296
1820258
1950416
1917246
1802044
1811942
1825808
1799229
1860992
1846446
1813745
1813485
1832881
1838501
1814166
1832339
1821800
1833201
1841917
1822101
1822572
1844342
1828102
1829865
1834203
1845234
1833081
2198311
1842549
1841576
1852547
1853979
2025363
1871712
1852337
1853819
1866442
1873715
1860491
1866812
1864329
1859059
1901616
1822782
1947240
1856985
1827651
1836948
1911745
1850423
1846075
1930680
1862295
1862756
1876511
1848469
1895485
1879817
1854781
1860161
2706242
1885828
1928967
1907548
1916734
1893522
1909471
1891078
1963761
2069124
1931982
1965523
1926001
1969040
1914991
1938334
1933315
1958461
1984840
1924078
1936540
1958611
1955004
1936401
1963070
1944084
1950486
1968520
1946739
1950977
1964181
1948913
2067440
1967107
1939486
1932332
1953602
1942452
1944375
1951649
1934708
1932733
1951778
1938835
1940818
1957229
1950236
1941089
1963240
1955575
1951618
1971635
1959814
1970724
1974620
1960975
1962818
1987484
1976895
1965043
1988606
1973728
1969061
1985641
1975573
1975733
1994867
2245297
1962538
1970032
1966345
1990019
1995298
1988586
1984920
2017489
2107955
1989808
2002391
1977025
1990559
2000047
1986011
1991481
2018902
2001730
2007481
2018892
2016637
2006068
2028830
2011889
2013241
2037105
2024873
2014003
2030573
2021737
2046262
2040281
2023229
2027397
2044879
2031404
2022388
2072149
2040822
2059596
2096394
2054137
2058414
2059737
2047985
2065206
2076748
2071589
2054527
2089752
2182582
2020285
2028660
2021617
2004495
2037776
2038548
2033358
2054136
2025735
2045150
2065657
2048406
2050980
2058955
2070446
2169307
2089421
2072049
2074073
2091275
2124656
2086135
2109317
2086756
2075816
2112093
2145745
2089050
2091495
2321216
2299536
2136407
2156414
2145194
2147777
2112242
2117061
2155692
2133131
2137358
2136867
2153088
2148189
2153679
2139583
2146576
2166141
2141125
2136698
2157656
2145373
2136868
2157285
2158958
2162325
2174117
2148799
2171091
2179897
2161463
2184115
2181890
2187301
2172914
2189104
2155222
2170640
2190857
2166953
2169017
2211224
2183974
2198822
2207517
2268199
2283236
2290149
2186249
2175168
2377919
2187711
2169557
2205534
2190066
2195746
2203330
2203550
2188102
2219349
2208429
2185216
2214871
2191258
2541700
2218368
2207557
2202969
2244225
2210924
2220561
2236781
2236650
2232353
2246679
2222484
2262649
2381576
2245476
2236761
2265404
2249104
2221503
2230159
2240518
2224249
2240057
2217606
2304675
2264582
2238515
2229177
2613541
2246378
2245838
2262548
2339460
2258200
2272307
2246639
2281243
2282766
2253011
2268098
2299817
2272237
2265574
2282134
2342996
2296481
2293235
2273689
2447017
2295218
2287945
2300468
2302482
2291011
2297091
2295548
2294006
2313392
2308122
2312270
2292944
2312369
2382438
2327688
2320445
2316427
2370536
2338688
2315184
2323239
2331465
2328639
2314734
2353606
2338367
2610887
2352133
2343086
2331725
2360097
2333899
2332697
2345571
2349298
2339229
2363433
2355068
2351452
2362622
2527223
2642254
2363213
2350791
2342134
2399720
2356681
2379553
2365146
2452978
2362392
2382529
2402084
2405170
2390743
2386376
2387848
2400001
2374083
2376097
2423453
2386155
2388689
2406482
2412153
2382278
2411361
2449421
2444522
2416862
2388279
2397085
2417142
2401273
2393870
2435355
2408305
2397396
2410740
2758027
2413966
2422932
2402224
2433672
2439102
2492951
2416641
2432340
2413055
2419606
2460611
2435385
2422912
2443911
2773595
2454941
2464729
2432139
2432460
2460041
2445814
2459399
2466011
2432169
2444713
2485416
2508179
2451575
2474667
2849725
2472002
2488853
2497148
2478174
2471632
2457476
2484225
2486820
2461673
2816965
2482311
2449612
2442448
2472142
2433221
2477823
2455433
2444862
2443490
2473495
2450914
2496006
2484786
2466101
2466973
2479997
2466071
2454200
2475950
2462454
2475088
2500184
2463456
2473285
2494514
2479206
2462885
2488622
2477893
2474176
2479987
2478154
2483734
2506817
2532263
2495716
2521112
2507898
2502588
2530700
2503831
2515462
2527033
2499193
2509130
2525140
2519759
2512948
2545537
2513238
2504522
2524338
2519419
2602341
2511145
2492941
2639098
2531832
2502268
2519369
2551037
2534316
2569200
3171044
2652413
2507818
2500454
2563911
2827835
2547902
2530279
2542682
2547691
2538374
2527464
2577556
2532152
2542352
2573028
2537012
2557339
2564221
2573649
2559733
2588365
2579850
2563420
2566385
2561617
2599325
2577857
2571305
2576994
2590760
2580301
2567618
2677469
2575152
2574601
2594036
2605057
2677119
2623560
2622989
2586823
2609976
2603343
2602682
2617279
2643878
2663593
2607921
2628980
2618912
2614584
2601370
2610987
3155446
2591781
2594457
2957622
2605488
2610206
2629030
2607160
2606870
2637185
2637085
2615416
2637396
2611588
2618591
2683570
2698898
2708716
2646422
2629841
2648155
2645480
2637125
2746756
2677549
2640010
2640381
2949608
2636073
2633970
2696444
2655468
2649127
2654137
2673461
2706682
2704539
3004439
2657923
2679323
2660969
2668072
2690433
2671017
2695723
2691464
2670777
2693659
2734414
2723724
2702114
2698257
2681266
2673823
2733502
2682268
2709337
2774778
2688850
2687387
2708566
2721530
2684952
2702745
2720899
2688419
2736397
2735786
2704989
2729835
2710049
2747207
2740054
2733642
2762525
2753328
2730816
2904926
2766763
2734504
2788493
2759710
2742488
2748259
2779296
2730336
2745604
3110052
2746857
2739323
2862188
2747267
2749692
2804502
2782762
2777432
2788372
2770911
2775229
2800675
2797329
2779406
2798912
2815522
2783344
2810904
2793993
2816053
2834857
2810283
2845447
2848332
2847611
2853161
2860465
2851168
2858290
2867037
2850006
2850737
2903934
2843253
2850727
2795095
2771862
2753479
2857399
2809090
2982257
2871805
2803771
2827944
2857639
2816304
2826472
2860245
2845717
2842441
2875543
2881033
2857890
2988830
2870683
2817766
2837052
3160425
2834827
2850416
3025467
2813929
2849435
2866044
2850827
2847772
2930844
2850296
2861677
2855034
2926535
2903754
2845908
2922088
2885921
2888426
2871424
2895228
2885791
2921597
2889288
2874761
3144656
2899315
2875172
2890921
2900428
2890710
2925243
2898284
2889859
2887915
2901670
2976847
2862138
2872937
3112326
2983450
3013755
2917439
2904485
2967120
2934670
2933679
3282749
2924231
2941263
2986546
2942204
2944438
3005230
2979673
2973853
3232938
2902582
2909584
3020007
2897082
2928259
2951321
2901620
2892784
2953806
2953024
2926596
3273161
2938167
2940621
2986996
2920174
2944249
3003997
2945560
2955249
3004148
2981387
2954667
2963273
2970907
2975555
3000882
2965897
2968192
2995612
2986436
2951832
3007475
2968362
2974383
3080348
2970526
3000111
3045964
3343981
2978532
3044452
2975315
2986125
3018334
3006692
3003006
3009909
3000491
3006603
3014547
2987207
3001713
3045023
2993468
3100685
3056975
3062836
3044833
3051385
3034223
3028502
3050733
3031298
3030887
3055652
3045323
3020718
3065681
3057817
3044673
3068025
3043921
3057626
3065921
3034674
3197953
3178548
3056324
3054160
3131842
3107447
3089714
3242595
3137843
3100194
3120491
3110724
3089144
3133195
3219663
3170944
3120842
3261169
3129217
3132824
3150036
3134387
3179249
3114480
3139306
3180691
3136301
3229642
3167247
3150096
3138464
3155045
3152179
3202752
3254246
3163761
3202271
3188316
3165274
3159302
3189698
3203223
3181463
3197523
3178057
3260438
3209394
3185540
3261820
3237586
3201009
3178167
3222509
3237536
3193585
3220846
3203214
3213322
3239820
3212059
3226887
3293018
3234420
3217008
3226566
3349811
3223951
3299940
3268022
3232838
3255799
3201380
3233348
3266239
3224933
3252062
3301263
3254036
3240491
3273973
3240652
3254637
3264365
3232166
3344732
3262953
3241433
3285694
3316520
3275375
3282859
3342138
3277198
3297576
3318324
3265297
3277880
3323294
3331598
3287017
3317021
3299199
3288189
3294300
3330496
3298838
3325487
3299990
3300391
3352527
3314567
3286936
3337429
3327250
3317914
3354961
3256280
3279813
3365611
3264846
3279743
3382572
3281878
3277649
3297366
3294059
3288058
3465855
3256751
3241864
3330817
3262461
3247574
3313104
3290844
3242795
3292728
3290733
3265658
3325989
3388122
3288921
3313486
3289712
3270386
3347839
3284592
3286586
3358277
3322702
3309598
3329786
3304719
3318435
3358247
3289180
3403460
3353769
3330467
3322562
3344542
3329153
3345464
3351805
3337018
3363638
3576728
3353258
3335265
3464912
3418237
3462518
3425030
3370811
3371772
3404913
3366352
3374708
3396798
3358187
3365100
3394514
3359931
3372644
3393021
3400815
3384776
3461607
3417766
3475974
3429097
3400044
3410363
3427304
3401347
3388804
3403050
3406125
3390727
3448923
3409401
3410222
3453772
3395886
3383363
3435219
3393251
3387120
3415723
3433094
3411134
3406926
3406415
3426523
3426052
3376301
3416915
3526045
3621680
3476995
3535802
3665019
3547063
3580625
3533168
3551822
3617993
3604379
3524392
3513792
3564105
3551462
3634634
3551983
3578532
3597115
3632230
3565557
3589792
3592436
3576207
3647428
3570256
3616030
3535422
3519373
3580304
3578771
3733926
3625858
3609899
3617253
3600572
3634645
3704702
3611862
3656284
3634103
3605601
3715261
3586155
3568794
3672053
3612323
3666342
3802913
3649031
3645424
3810015
3595513
3592627
3692740
3669187
3610630
3617152
3576748
3624936
3633653
3668546
3603156
3614747
3619647
4765427
3626289
3643510
3590063
3608105
3584843
3601153
3796111
3607715
3594490
3669548
3634614
3633672
3623304
3609268
3636147
3642419
3633783
3628142
3674588
3645464
3989986
3819262
3751368
3737162
3641156
3794056
3676120
3631698
3752270
3504395
3537416
3631558
3481273
3506970
3581928
3498665
3557021
3507962
3519102
3528840
3513392
3524813
3563644
3532477
3612884
3559826
3569244
3551982
3535833
3556550
3547915
3606502
3600401
3565728
3590032
3594280
3548857
3601303
3571668
3578932
3568623
3573421
3599520
3591144
3665621
3570717
3639112
3609347
3574254
3683564
3601944
3603287
3682321
3599390
3614997
3860879
3657827
3697780
3987431
3857623
3623253
3648790
3718067
3728916
3741089
3719790
3777906
3733616
3705864
3728957
3749274
3763179
3733285
3735970
3748623
3733766
3771245
3775131
3829000
3805968
3730951
3747531
3800207
3785160
3742392
3807621
3795780
3798244
3847935
3860498
3738785
3758290
3790260
3776725
3813242
3822368
3773368
3801710
3786843
3798976
3900752
3852374
3809164
3925127
3815706
3847073
3832567
3830864
3837135
3834771
3827327
5043557
3851461
3840151
3791241
4101420
3798945
3802111
3813342
3786582
3791492
3812460
4138709
3788025
3834140
3841373
3791130
3861129
3791492
3813562
3834921
3850130
3789508
3800188
3831976
3886516
3890163
3814975
3897155
3810296
3749255
4176989
3866298
3921069
3985246
3804375
4081423
3867300
3898999
3859857
3857944
3836554
3839329
3869044
3864686
3886125
3854788
3876337
3917814
3864996
3894651
3868062
3942438
4014932
3897656
4007588
3908206
4370954
3969718
3922131
3807882
3844869
3859626
3838868
3869114
3866559
3852934
3877800
3869414
3855389
3838287
3889362
3850751
3872309
3875536
3838007
4086162
3981149
3924937
3949211
3874123
3872069
3827739
4335118
3854958
3980178
3868813
3856832
3898467
3902525
3858074
3870857
4223344
3862552
3865126
3903217
3895572
3924616
3904259
4271221
3884432
3927841
3881176
3947358
3945053
3910801
3980308
3933321
3938982
3958768
3980608
3919887
3911171
3966613
3916360
4119143
3957657
3968185
4128900
3971632
4115876
3953709
4529865
3982632
4175466
4025019
4008129
4047270
4100999
4178752
3977643
4116567
4027103
4235656
4031822
4029528
4096701
4160569
4154296
4076313
4156561
4097703
4105036
4082205
4138397
4141283
4164976
4126425
4131364
4274868
4020833
4347992
4132186
4104696
4088687
4153846
4181046
4092815
4132677
4709976
4172861
4225417
4145600
4294233
4140251
4120715
4095028
4187958
4093204
4112791
4103815
4200642
4071204
4306476
4024959
4071695
4159867
4145170
4159146
4081774
4176528
4083196
4196855
4146032
4217412
4063710
4071545
4144398
4590196
4395078
4245774
4323648
4193789
4503437
4214928
4047531
4244432
4218134
4144037
4077777
4261203
4190483
4414694
4105648
4468733
4211822
4057139
4067097
4221400
4179072
4061787
4145941
4243219
4135974
4056979
4159085
4209609
4037833
4136724
4231208
4258218
4049264
4121757
4354654
4199469
4074781
4299092
4251826
4102682
4235886
4310554
4298341
4201814
4101560
4219617
4231398
4196614
4169485
4274728
4338114
4120504
4227381
5533886
4347591
4270761
4147594
4078919
4269598
4237539
4044275
4146893
4269628
4209448
4028366
4265290
4263387
4146873
4070012
4252176
4296978
4121296
4105377
4267454
4289835
4069862
4194591
4258247
4207664
4087224
4355716
4237630
4146382
4109224
4232710
4254391
4147194
4184322
4248490
4313519
4087514
4179513
4311505
4334898
4095199
4353462
4325330
4287290
4203577
4240174
4301938
4446593
4104465
4252116
4331742
4221651
4133258
4325821
4326854
4200020
4143778
4311645
4310633
4249010
4131986
4310453
4350015
4179844
4132927
4370694
4296828
4277633
4182699
4334167
4448496
4298982
5320435
4917446
4703544
4480655
4585727
4330370
4747104
4505140
4934397
4415586
4594273
4916604
4554381
4542559
4538231
4254020
4491595
4466480
4478080
4269298
4383527
4949224
4459186
4436003
4239213
4381333
4450420
4418100
4236598
4331081
4428880
4425393
4754758
4334537
4618507
4456120
4495823
4638284
4368269
4429141
4268366
4284956
4242008
4246907
4949545
4220939
4973689
4210560
4201834
4212624
4214718
4183741
4197295
4239714
4283153
4297750
4419503
4415275
4211331
4291268
4399296
4454938
4333135
4248329
4406930
4796885
4343604
4310774
4258468
4268215
4752123
4473031
4240004
4337212
4476899
4306867
4637112
4529495
4362679
4494290
4579597
4293532
4516882
4494200
4595917
4388917
4395920
4476918
4555783
4469545
4313319
4455258
4530176
4575529
5190536
4300916
4459988
4533021
4563457
4348203
4369932
4570580
4520488
4448075
4368520
4495813
4578455
4575218
4414203
4379951
4553088
4548970
4652029
4430974
4414985
4569478
4589675
4517493
4396130
4522272
4614180
4576781
4594624
4375592
4533452
4696792
4616695
4506121
4449799
4607388
4584125
4707711
4489923
4423851
4626453
4642292
4637653
4591488
4464546
4583614
4636691
4674371
4500572
4484732
4504018
4565972
4580708
4459386
4446663
4633506
4628286
4587632
4516591
4517282
4567624
4623898
4587321
4613809
4438738
4652329
4563447
4549081
4411559
4449678
4561112
4578304
4523855
4451311
4510951
4693525
4586720
4484973
4445410
4571191
4540775
4561404
4513405
4517403
4583183
4653121
4581349
4507605
4553459
4629538
4625992
4721126
4572073
4506122
4672076
4631552
4589014
4580388
4523714
4696421
4749919
4711929
4718982
4566252
4587772
4646739
4679791
4683357
4563768
4588333
4675613
4681353
4679079
4635259
4516812
4670833
4685961
4682115
4679901
4578425
4628396
4698043
4676985
4690239
4586009
4622566
4683366
4743237
4701249
4606926
4615844
4676484
4809829
4742976
4736194
4595095
4796805
4742745
4846326
4801333
4705087
4577132
4677366
4751502
4763714
4786236
4717489
4641330
4730894
4761019
4855632
4806392
4696211
4648914
4751722
4758555
4739509
4830817
4687835
4667607
4862585
4846476
4825327
4874768
4692364
4668640
4871441
4821030
4905745
4855643
4736263
4694467
5014204
4894134
4976534
4947812
4852066
4686263
4803968
4906516
4905103
4920541
4907698
4799399
4781897
4843761
4975001
4939747
4922125
4868155
4781948
4754617
4884475
4936411
4938735
5048787
5031496
4730673
4790053
5021466
5036525
4896367
4966365
4885027
4814838
4819537
4919760
5011448
4963710
4927545
4848048
4827231
4825417
4950156
4988756
4985992
4962769
4916174
4791785
4867224
4978718
4940638
4968921
5014985
4912958
4777079
4919470
4955917
4987454
4982476
4969491
4932774
4865120
4814618
4958261
5042215
4986062
4986873
5017149
4924198
4803257
5023540
5002031
5077059
5032757
4968700
4919049
4880238
4875109
4986532
5042385
5021838
5011118
5012550
4896278
4860261
4998424
5078221
5003784
5091605
4998584
4933545
4877252
4913659
4996301
5076898
5006990
5042796
5067542
4903420
4865201
4988707
5045261
5038929
5164198
5106804
5059356
5072370
5276715
4925010
4944145
4931662
4946059
5024753
4929578
4841708
4852838
4890416
5003874
4965975
4973278
5011839
4914861
4779493
4894314
5025083
4991762
4953412
5012471
4911975
4808175
4898251
4995128
5027518
5034180
4985681
4991071
4927104
4866903
5047294
5051722
5125508
5037276
5020485
4992664
4893512
4889635
4975012
5016978
5092938
5041233
5060768
5006499
4914271
4903982
5058895
5174246
5198701
5235349
5151074
5212237
5207468
5026436
4971585
5098067
5131919
5224329
5191388
5169407
5213278
5242702
5130677
5047685
5235929
5154752
5185077
5232794
5179296
5192410
5184305
5207868
5138411
5164178
5025264
5077239
5202448
5211415
5248993
5205024
5204091
5314594
5183214
5141036
5049267
5063794
5009284
5181160
5189906
5188223
5593435
5181109
5192801
5126159
5175158
4985681
5170970
5193782
5310006
5209952
5201987
5195606
5158137
5257669
5169108
5045271
5064145
5094140
5266636
5202118
5249104
5243444
5246209
5258752
5136016
5232023
5019774
5105751
5192660
5227044
5283678
5286633
5237122
5222525
5238274
5231582
5170220
5124335
5101283
5310827
5198591
5196838
5112474
5173235
5099009
5128092
5123233
5005026
5053585
5117723
5173886
5111682
5197179
5198371
5211285
5141898
5066198
5024542
5322258
5138201
5152677
5273229
5196398
5189084
5216444
5197770
5124646
5334381
5236911
5672090
5221022
5250596
5152487
5246730
5163277
5268961
5186158
5096785
5089832
5053165
5085474
5166753
5200265
5163087
5150303
5216324
5187331
5110550
5120318
5086847
5146947
5212116
5238084
5180678
5252991
5178775
5158519
5191758
5123764
5042696
5147949
5179256
5220491
5210132
5162255
5171643
5375406
5175549
5094380
5114979
5141356
5200425
5279841
5267828
5248824
5263320
5234227
5263761
5259012
5213729
5098147
5192510
5212176
5255505
5276675
5330994
5323530
5354317
5282686
5282605
5317259
5224459
5161213
5237473
5264924
5286061
5310777
5383140
5312461
5327788
5284950
5292844
5404539
5249656
5189775
5215502
5268600
5268089
5322979
5291893
5328009
5338197
5301210
5326326
5393048
5289488
5265444
5277335
5297893
5279710
5327558
5375566
5351471
5381757
5328339
5345611
5382820
5318151
5342455
5402656
5334550
5282125
5242112
5289899
5388019
5377169
5375526
5367551
5461403
5497429
5351783
5437529
5406192
5403528
5404249
5381317
5385454
5353175
5275252
5340231
5399039
5443059
5440044
5477793
5543404
5455653
5535550
5474868
5469368
5502970
5571565
5454020
5647584
5481941
5437980
5431108
5429544
5384182
5315907
5263591
5205464
5308463
5348226
5357402
5387628
5361620
5422823
5377730
5355539
5348436
5413195
5294507
5289698
5350730
5197259
5297673
5393970
5348897
5355179
5384412
5396695
5391886
5482081
5524439
5412704
5453499
5342155
5291171
5350470
5264142
5225330
5337436
5374885
5406843
5415629
5389832
5419527
5444142
5404849
5425688
5479977
5413516
5409879
5398879
5415739
5382319
5310086
5267628
5346002
5375656
5371318
5428203
5481891
5513849
5437199
5641544
5454420
5445584
5450994
5451455
5475118
5574100
5434834
5421511
5458869
5341243
5280983
5343718
5390914
5406162
5467765
5491278
5510744
5508069
5464960
5474938
5549585
5538866
5480589
5498251
5508039
5500745
5495506
5498401
5638908
5540388
5540669
5421661
5445164
5352614
5312681
5406813
5442148
5489415
5493192
5517666
5565815
5531372
5485537
5497990
5591081
5637045
5585440
5609245
5570293
5546119
5561517
5528707
5555526
5590199
5552430
5509531
5588706
5523728
5472414
5678120
5566757
5432460
5437790
5470851
5506436
5637677
5515012
5498511
5763648
5528166
5489465
5555066
5535839
5589899
5576805
5545027
5992286
5600478
5540318
5555075
5598295
5544446
5720668
5621246
5721600
5650119
5606189
5578809
5581874
5717353
5568900
5703758
5664686
5597913
5540188
5602132
5610306
5567518
5607461
5675045
5486229
5522395
5527976
5465120
5531793
5525010
5516975
5613833
5598154
5616197
5659627
5622609
5652684
5737630
5641443
5654747
5616498
5547531
5531121
5565755
5573740
5661751
5622629
5614434
5612360
5631304
5617049
5616067
5670467
5635713
5688910
5706873
5673191
5658114
5679884
5632507
5665438
5676037
5658334
5647395
5706643
5683140
5685334
5705341
5705911
5663734
5793302
5667741
5675296
5716310
5651412
5752958
5709929
5655880
5628750
5706052
5657032
5683210
5687087
5660228
5673181
5748179
5656350
5688049
5731057
5696324
5676577
5718655
5687758
5675977
5707604
5656661
5714507
5714036
5680656
5690523
5800495
5690875
5654678
5802629
5700882
5777402
5731318
5705872
5731259
5738442
5707294
5707474
5776491
5773726
5779366
5880181
5822275
5788894
5825361
5828326
5846169
5879039
5806176
5819770
5898846
5836792
5833165
5862369
5855165
5749682
5800055
5717783
5708226
5804513
5783594
5758629
5760081
5695222
5707745
5746566
5731027
5730367
5739834
5724777
5729234
5804532
5727371
5726850
5814180
5753428
5773115
5809061
5762535
5746796
5758368
5749742
5752276
5782572
5773245
5764650
5804583
5732190
5810864
5784787
5867949
5757256
5777393
5786288
5776561
5790718
5894498
5888426
5945431
5914584
5898545
5946112
5954968
5903454
5915025
5897994
5924662
5970227
5890931
5912150
5986947
5932567
5868971
5965818
5950009
5901730
5985374
5957873
5898685
5881784
5862920
5897894
5955690
5914975
5940672
5995973
5998128
5948206
6010320
5947334
5964646
6116394
5952925
5975035
6012765
5946552
5939701
5999610
5968553
5970887
5987018
5946152
5934731
5954608
5901139
5900829
6091709
6108129
6054080
6104833
6096487
6059129
6081711
6050022
6103791
6111004
6056875
6070531
6138695
6091649
6129739
6118849
6070380
6028273
6057917
6015148
6076872
6131912
6090597
6106947
6177587
6103160
6112056
6165214
6199156
6167698
6169862
6110072
6149525
6101648
6013024
6063828
6162418
6072674
6083474
6147321
6152300
6113659
6135149
5999450
6001383
6017012
5963293
5983581
6062856
6017403
5998859
6061965
6039413
6016431
6064108
6026861
6133376
6359731
6093042
6055303
6076451
6068766
6039172
6068116
6082282
6074899
6141150
6075329
6090106
6084105
6316231
6247674
8778425
6176504
6180352
6181263
6133937
5976518
5980656
5935863
5986386
5977750
5921066
6007585
6004038
6137323
5818218
5828787
5811976
5818789
5824289
5872958
5883226
5898595
5867428
5890830
5936514
5911298
5894427
5924984
5962061
5937056
5935322
5919513
5917820
5939450
5910467
5899727
5967902
5940291
5889358
5960308
5998128
6062776
5965648
6000542
5913212
5973993
5951502
5977269
6025597
5981708
5968804
6027791
5999720
5998258
6033413
6014137
6030216
6128406
6055072
6031589
6159103
6061113
6026650
6090116
6068686
6061413
6088663
6060952
6146770
6134036
6060121
6063898
6184369
6098051
6058098
6142583
6089535
6071592
6131352
6104543
6131442
6151649
6100155
6107168
6180441
6123968
6156107
6150136
6136692
6117737
6142793
6120201
6135489
6169823
6117747
6142783
6283320
6231795
6118207
6188206
6218401
6182776
6180131
6154174
6180041
6217379
6131702
6186042
6236404
6179810
6161657
6222870
6195819
6199036
6280576
6218060
6200890
6242776
6260358
6229762
6377062
6249028
6211739
6335455
6259577
6302616
6255359
6239340
6327461
6279934
6208703
6219233
6292337
6310400
6213042
6286235
6286546
6223411
6327973
6211849
6516878
6178639
6157250
6146359
6217249
6154965
6140158
6160796
6133445
6129558
6186473
6146559
6273322
6204716
6156839
6177406
6287357
6158131
6150146
6202442
6161757
6156928
6187144
6142032
6154694
6220255
6161547
6189038
6249628
6207992
6256291
6256992
6277119
6196331
6268694
6219103
6203163
6255409
6258344
6317543
6227778
6209985
6190761
6258504
6272210
6209675
6199336
6194337
6209616
6250249
6169151
6248887
6298068
6205348
6217149
6263664
6215145
6235172
6293108
6214013
6247314
6274364
6200989
6231325
6296474
6310921
6232006
6320468
6258014
6238728
6266549
6248136
6286547
6282769
6214774
6238869
6299830
6316541
6272160
6308507
6282148
6249749
6293259
6271839
6273582
6311702
6297426
6267732
6339383
6264275
6233549
6361033
6364830
6291235
6305360
6287838
6307384
6328744
6258265
6312234
6440609
6327241
6309428
6366262
6361613
6347979
6367174
6345223
7494752
6574174
6530193
6467588
6528610
6631158
6414661
6513162
6485371
6487465
6532908
6403290
6717927
6662396
6609058
6628974
6741100
6623454
6609017
6768359
6715041
6762559
6493195
6489478
6512390
6512090
6468600
6478268
6534160
6512730
6458582
6523250
6615519
6479269
6502152
6500008
6509525
6566269
6594501
6510667
6568173
6514484
6498936
6610931
6537857
6641097
6579183
6528760
6559566
6584653
6500479
6517619
6604078
6550530
6786713
6817019
6769622
6767207
7046389
6962796
7069051
7000835
7026793
6733976
6840663
6794247
6799597
6931288
6794127
6726553
6823591
7043594
6975239
6941437
6876167
6876228
6959810
7008970
7271132
7333906
7032594
7022204
7248360
7262916
7193178
7218305
6502702
6604780
6729047
6520005
6496240
6595062
7042944
6757439
6997079
6968487
7070684
7147114
6912033
7273506
7346730
7445011
7430523
7402152
7100559
7223454
7049104
7220218
7297710
7342171
7356228
7361176
7401951
7280148
7078368
6908436
6851482
6815466
6883591
7000836
7061226
7146393
6940054
6942478
6912294
6813342
6871930
6951205
6923734
6873582
6889411
6887498
6912264
7012106
6708360
6938502
7160639
6961444
6922603
7071385
7042673
7046189
7068701
7001708
7136474
7071345
7027856
7035850
7069091
7016154
7061196
7104395
7052491
7043834
7059053
7045047
7048353
7160609
7144740
7127048
7128370
7059554
7071535
7085461
7091813
6657617
6667815
6661464
6672103
6667334
6671562
6751439
6742032
6659660
6699413
6766817
6675369
6668006
6702509
6658018
6674177
6705745
6650974
6688153
6907845
6684055
6783367
6762479
6741801
6731853
6735600
6697821
6769562
6780492
6684406
6724088
6782235
6791061
6685057
6754805
6723287
6710163
6726142
6735590
6749344
6756838
6725291
6729538
6776144
6758011
6722406
6783207
6684306
6702920
6687251
6654381
6687522
6732855
6646866
6709140
6744526
6703311
6688743
6773069
6708661
6701236
6745989
6717326
6725591
6737984
6685718
6696217
6773389
6720221
6713028
6814544
6813241
6747882
6723898
6719290
6747732
6760064
6689074
6702799
6777096
6737744
6717626
6772107
6753964
6791983
6779419
6764112
6790089
6794307
6734697
6765915
6835713
6761467
6756368
6834641
6841944
6899940
6845040
6777356
6794347
6812601
6785651
6790651
6932230
6757971
6747271
6820025
6786813
6779830
6849017
6752370
6799947
6818531
6764713
6789097
7447114
6789699
6797413
6824994
6877610
6897947
6975830
6972834
6963237
6930557
6866680
6866149
6949492
6862512
6878682
6937250
6910560
6876207
6873152
6879703
6907756
6928584
6864546
6894110
6924536
6898999
6859657
6940215
6939383
6928394
6957677
7032554
7010283
6944844
6896665
6947538
6982261
6905952
6884062
6994765
6950333
6928242
6973255
6926309
6951325
7028476
6946547
6934343
6995887
6970119
6979447
7032725
6998362
6959540
7036280
6964820
7038595
7109715
6989505
6997650
7095049
7035259
6981991
7071626
7034007
7011125
7035128
7045939
7051488
7095760
6941948
6810346
6929575
6853125
6816769
6915800
6890964
6881527
6890714
6824292
6979076
6987661
7070414
6926019
7000125
6921390
6851462
6907725
6933442
6898238
6921150
6872931
6949332
6957377
6881267
6950995
6991719
6909809
6899800
6960322
6997770
6912043
6937439
6965892
6944212
7086613
7015433
7010674
7078117
7023467
6983093
7047501
7046419
7042132
7057049
7050015
7080412
7102232
7083317
7090350
7335119
7087595
7051308
7108132
7102533
7075693
7105178
7121126
7115366
7122569
7057740
7088596
7190102
7109845
7112110
7197056
7172931
7167701
7175867
7141433
7158635
7182008
7137316
7149298
7237169
7179924
7132387
7224476
7198839
7203848
7172380
7254831
7235216
7129682
7056668
7062379
7118492
7107301
7035419
7127037
7135542
7119162
7115055
7131465
7121867
7184041
7087265
7133299
7153997
7125414
7069832
7155128
7094738
7105918
7106830
7155790
7218455
7276732
7193689
7185986
7265261
7271301
7213125
7268226
7262425
7284877
7253168
7252698
7255843
7311004
7212013
7240114
7304302
7299163
7206974
7331582
7248691
7238652
7268447
7254992
7298151
7306777
7237039
7253109
7294284
7296497
7229304
7348353
7286640
7276341
7307217
7264089
7281401
7324610
7271582
7260963
7338205
7375533
7296508
7353482
7336221
7298461
7350477
7329688
7340689
7355396
7294505
7261263
7331041
7311465
7247257
7332504
7308590
7295266
7328316
7412772
7271522
7337924
7256574
7257416
7408614
7300145
7258027
7377246
7308580
7371285
7326693
7316044
7335038
7350266
7285948
7311446
7364974
7358392
7297891
7353573
7364182
7315533
7343334
7309241
7392074
7345868
7328687
7331001
7385131
7395079
7294745
7402633
7364773
7368059
7361928
7353402
7353362
7379570
7289976
7331252
7424904
7495202
7401290
7437025
7397864
7394728
7400629
7401390
7477761
7450561
7402212
7449038
7516982
7494721
7422429
7477139
7487919
7479683
7475546
7431495
7460999
7493859
7400749
7440071
7562997
7457042
7426736
7474134
7479142
7458976
7497546
7456972
7481888
7516591
7464046
7500682
7584116
7448677
7419994
7486987
7466079
7428089
7494561
7482469
7534223
7566763
7460608
7476508
7630530
7478201
7461020
7552237
7500802
7505922
7549512
7627124
7521611
7556936
7506493
7513746
7596498
7551867
7561634
7597951
7565110
7524376
7565671
7541978
7553909
7579527
7521510
7979981
7432858
7368329
7416949
7458345
7382185
7710197
7549272
7432888
7411399
7446002
7366817
7450380
7563568
7569899
7440401
7601076
7478452
7481607
7800351
7481508
7481116
7543321
7543991
7877833
7553539
7464416
7505541
7888253
7724563
7477630
7500422
7488650
7543271
7592721
7599343
7579948
7762332
7859199
7525728
7701460
7893823
7505171
7542820
7654064
7664092
8018782
8389361
7339677
7401310
7324028
7337143
7391652
7372527
7356508
7421427
7350968
7413052
7708143
7675152
7483871
7595707
7508857
7441804
7548099
7504689
7508096
7567856
7511072
7538522
7648133
7506102
7559069
7592391
7586319
7521471
7576080
8336835
7733659
7700218
