50
20
130
100
161
150
190
280
321
351
421
501
611
671
721
751
852
962
1042
1132
1263
1372
1523
1653
1813
1904
2044
2224
2365
2514
2695
2835
2996
3196
3367
3586
3787
3967
4198
4368
4598
4849
5070
5320
5530
5791
6001
6292
6532
6813
7083
7384
7644
7935
8226
8536
8816
9157
9447
9768
10088
10420
10750
11101
11401
11771
12142
12523
12843
13244
13565
14026
14396
14757
15269
15619
15999
16410
16862
17222
17673
18113
25847
19026
19456
19907
20358
20829
21279
21750
22302
22762
23213
23733
24315
24746
25297
25818
26329
26809
27381
27952
28463
28984
29555
30146
30687
31278
31899
32460
33041
33642
34243
34855
35435
39664
36657
37269
37890
38541
39302
39894
40455
41086
41827
42489
43130
43791
44502
45194
45865
46627
47327
47979
48810
49442
51045
55213
51655
52427
53158
54030
54762
55463
56204
56985
57747
58518
59260
60041
60943
61684
62555
67044
64139
65010
65792
66693
67475
68316
69168
69999
70861
71793
72724
73466
74378
78996
76191
77062
77975
78885
79898
80689
81912
82653
83534
84466
85519
89926
87351
88304
89275
90287
91279
92211
93252
94144
95186
99714
97199
98162
99214
100286
101308
102370
103411
104433
105415
110013
107599
108671
109723
110765
111957
112999
114151
119431
116385
117387
118610
119612
120783
121926
123028
124971
125332
126484
127726
128798
130041
131133
132375
151781
134740
135852
137144
138407
139528
140760
145419
143225
144437
145629
146862
148164
149417
154997
151891
153294
154486
155838
157080
163021
159645
160998
162210
163552
164955
170285
167771
168783
170255
171467
172919
178160
175605
176927
178320
179662
185483
182487
183860
185272
186675
191584
189530
190943
192486
193829
198817
196764
198076
199619
201012
206091
203967
205370
206922
208375
214487
211301
212934
214347
215839
221219
218895
220388
221930
226900
224966
226529
228052
232961
231288
232760
234273
235966
241797
239052
240715
242279
248109
277243
264579
253529
250323
251946
253649
259750
256855
258508
260121
266363
274137
265230
267024
276612
270240
271913
277473
275329
277073
278766
284957
282232
283926
289957
287342
289185
290929
296879
294585
296238
301298
299675
301518
307640
305145
306897
308641
314672
312418
314101
320292
317727
319621
325322
323408
325192
331453
328868
330732
336874
334489
336422
342894
340099
342053
347823
345970
347864
353223
351611
356780
355468
357341
363392
361459
363232
369383
367179
372579
371187
373311
379492
377068
379092
385153
383148
390753
387216
389200
395000
393799
399149
397456
399599
404939
403597
409367
407654
409769
416110
413996
420368
418344
424115
422422
424396
430507
428704
435255
433071
439132
437399
439544
445685
443771
450202
448119
454360
452467
458589
456976
462145
461334
466743
465671
467925
473246
472274
477513
476812
485098
481510
487432
485888
492401
490347
496418
495006
501007
499644
505756
504073
510244
508751
514302
513751
519802
518048
524731
527346
525232
531103
529881
536141
534629
540911
539308
569614
544117
550699
553264
551530
556880
556259
562601
561089
567720
565856
574192
573421
573431
580023
578310
584761
587467
585824
591805
590813
597295
598968
598417
605109
603406
613325
611942
611010
616601
615799
622201
624936
623734
630055
632570
631358
641527
639644
639122
649281
644282
650994
653319
652127
658388
661563
660122
666583
687191
668156
674698
677233
679778
678676
685227
687682
686931
696639
695136
694815
701408
703381
703832
708852
712428
714782
714121
720272
734209
726103
724981
732405
734308
737114
736162
743145
745879
745299
750098
754636
756760
759686
758583
766027
768191
770846
769915
776437
778841
782889
785282
784432
792376
793918
796754
799840
798758
804979
808345
811462
814517
813695
820037
823043
826169
828853
831338
831037
838992
840976
843200
846806
849292
852156
851876
858939
864610
864659
867225
870650
873797
873015
880349
883404
885749
887832
892461
894886
898983
904383
904944
903562
911526
914202
916806
919301
922807
928127
930000
932455
934620
938686
941873
944858
948144
951420
955377
953765
960817
963402
966829
970546
973582
978691
981115
983118
986435
993458
993097
996193
999139
1005360
1005159
1008817
1011591
1020438
1022322
1021660
1025367
1028793
1034704
1035075
1039493
1043761
1046466
1048539
1052277
1055232
1058819
1065251
1064559
1068477
1074047
1075470
1078785
1082252
1088103
1088914
1092381
1096007
1099194
1103381
1106167
1108691
1117217
1118860
1119522
1122978
1126524
1130001
1133387
1136272
1141351
1146341
1147202
1150579
1153514
1157591
1161498
1168141
1168281
1171668
1175264
1179623
1188759
1185844
1189701
1192887
1196283
1207274
1203486
1207114
1210800
1214166
1221680
1221419
1225136
1228953
1236238
1235345
1239403
1243040
1251275
1250614
1254050
1256906
1265531
1264980
1268266
1271933
1278495
1279487
1282593
1291188
1290808
1294104
1297771
1304463
1305175
1309332
1316886
1316326
1320192
1331162
1327456
1331153
1337865
1338666
1343165
1350398
1349606
1353674
1360958
1361058
1370375
1369203
1372780
1382097
1380534
1383499
1391484
1405931
1416380
1400662
1407103
1407524
1413445
1418996
1419025
1426048
1426670
1431328
1448921
1438241
1445915
1446276
1455072
1453700
1464299
1462355
1470731
1469558
1477203
1477494
1484627
1485388
1492832
1493433
1501598
1500737
1509382
1509322
1516616
1517758
1525212
1525181
1534279
1533687
1541842
1540670
1549276
1549888
1556249
1561228
1561780
1568663
1568822
1577268
1576597
1585674
1589822
1589801
1597505
1598487
1607013
1609988
1611432
1618665
1622772
1623493
1633411
1631268
1638331
1642970
1643040
1651426
1656004
1655463
1663107
1669939
1668637
1675750
1680198
1681952
1690238
1742734
1698333
1698192
1707288
1710735
1721545
1717969
1723329
1727546
1728067
1736403
1741192
1744437
1745659
1753193
1757341
1761519
1762851
1769644
1773952
1779322
1783940
1783991
1791855
1795722
1800801
1804449
1805881
1814487
1817533
1822642
1826139
1827952
1832069
1840024
1844713
1850113
1855533
1861594
1861604
1868307
1910184
1891429
1879157
1884637
1888664
1894185
1898102
1928168
1902560
1943285
1933467
1933938
1931965
1933658
1935481
1955619
1943185
1947493
1952463
1956710
1960878
1965927
1969564
1973892
1979302
1984061
1989080
1992597
1997325
2002174
2007374
2011672
2016140
2020328
2026069
2033643
2035245
2068376
2043491
2049442
2052527
2057947
2065592
2067025
2086701
2077915
2083475
2086330
2090608
2094666
2103201
2106608
2108401
2114462
2123098
2123429
2127696
2132346
2138396
2142915
2148174
2155628
2157141
2162581
2167450
2172399
2176197
2185173
2187217
2193799
2196083
2200662
2208516
2209959
2215419
2220799
2231128
2229975
2234244
2238571
2243661
2253208
2254561
2259911
2268547
2270100
2273376
2277604
2285849
2287933
2296489
2308661
2303812
2312238
2317337
2317648
2323799
2333557
2333508
2337715
2345730
2347534
2353535
2361900
2362681
2367831
2376356
2377729
2386405
2387707
2392356
2401913
2402275
2410459
2411862
2417943
2425147
2427872
2436278
2437509
2447428
2448280
2456385
2460893
2464670
2489165
2483666
2484116
2485498
2493803
2493393
2504263
2505796
2514121
2514022
2524521
2530822
2533136
2544999
2544137
2550108
2551170
2560116
2563583
2571358
2576868
2601443
2588269
2587898
2599599
2606983
2603978
2616190
2627331
2622141
2631178
2632530
2643050
2645624
2649301
2669609
2662155
2663228
2673136
2678025
2678646
2689436
2692812
2694525
2704915
2710585
2714873
2730662
2727315
2733447
2738596
2740731
2748565
2752151
2756179
2763593
2770135
2774113
2781466
2790844
2788579
2801483
2805451
2808446
2815559
2818013
2822812
2832861
2838702
2838602
2860563
2846166
2858008
2863998
2866684
2871733
2878576
2884768
2892111
2895197
2898452
2905736
2911346
2915424
2938887
2958944
2945099
2937836
2942995
2951261
2957452
2962401
2967471
2974534
2979022
2985563
2989861
2996273
3000050
3006793
3013335
3018525
3023704
3029084
3032710
3041817
3047037
3050715
3056245
3062276
3087773
3090929
3100176
3088854
3104714
3101328
3108531
3112028
3118069
3128539
3126755
3134910
3145028
3146000
3152853
3155789
3165046
3171318
3177319
3179422
3186946
3194891
3243000
3200572
3206903
3217252
3219086
3229525
3229335
3236698
3247027
3259530
3257336
3269789
3275060
3273957
3282523
3286541
3298643
3302971
3302580
3312839
3315083
3320363
3329550
3335330
3344388
3348565
3348686
3359756
3371368
3373281
3382107
3381636
3384261
3393939
3398217
3407054
3408446
3415509
3443712
3429775
3438842
3439363
3449041
3451977
3459560
3463277
3487762
3479187
3483234
3493142
3499876
3509994
3506718
3517699
3523799
3525502
3572649
3536954
3545440
3550358
3559034
3561389
3570236
3574753
3578841
3590593
3588138
3602265
3608587
3609958
3619727
3625818
3638101
3640265
3641517
3657066
3661233
3660503
3668046
3677374
3682383
3733247
3702200
3701298
3714312
3713460
3721124
3725773
3730903
3740861
3746121
3749587
3772801
3765327
3799490
3776207
3780775
3792397
3811361
3802977
3811111
3860463
3826820
3825057
3830918
3845404
3847629
3853179
3854041
3864680
3873486
3878707
3884628
3890809
3895347
3903743
3909162
3912769
3933337
3929971
3934770
3942494
3950439
3954397
3961219
3967089
3975184
3983600
3985915
3996574
4001915
4007565
4014277
4020790
4025538
4031980
4039934
4044393
4052268
4062847
4152964
4083165
4087032
4084868
4091980
4097871
4104534
4116095
4121466
4129070
4137125
4177128
4146983
4151131
4159476
4167310
4171367
4180284
4189391
4193208
4202826
4206913
4212764
4220388
4225177
4234304
4238763
4244093
4252027
4320904
4265642
4271653
4280029
4284557
4305977
4306418
4309784
4315044
4321956
4330612
4333097
4339629
4348626
4355939
4368232
4381737
4373051
4383651
4387097
4399660
4404849
4409208
4420198
4423715
4434935
4432691
4444232
4461304
4462676
4466624
4470571
4479728
4483785
4493584
4497140
4511366
4510956
4524831
4526244
4542996
4547564
4549899
4565737
4568973
4582168
4594651
4582879
4592497
4594580
4605380
4732577
4633263
4623133
4653509
4633984
4656165
4693173
4657988
4690298
4673688
4681111
4690318
4693994
4701950
4714182
4714773
4726365
4730853
4742244
4746181
4753945
4758694
4765477
4790072
4781797
4783941
4795652
4803387
4808106
4815991
4821360
4828023
4841207
4842530
4857898
4878616
4868457
4875250
4875761
4890899
4894796
4902100
4910826
4924952
4940421
4939118
4942705
4948595
4966459
4958865
4965797
4976818
4981075
4992226
4997706
5004830
5014858
5017984
5023104
5030968
5040546
5047408
5056876
5060703
5070952
5080219
5088995
5093093
5100977
5110315
5116958
5117759
5128187
5154457
5148966
5151922
5160368
5167370
5170576
5176367
5201855
5199741
5210641
5210230
5243993
5228213
5326315
5236810
5267466
5263970
5262427
5269409
5275421
5289197
5293535
5299846
5308181
5315795
5320273
5333778
5419157
5360428
5353225
5364345
5394862
5376367
5384843
5401754
5420409
5413456
5439825
5416551
5441959
5435897
5445776
5463037
5463880
5464730
5512670
5486561
5491631
5495968
5507370
5512689
5531915
5526465
5548135
5547053
5556651
5562242
5568482
5579323
5582579
5594070
5595693
5609308
5617173
5622744
5626230
5637972
5640617
5657607
5680741
5662668
5674509
5686101
5686962
5701980
5713401
5710576
5722668
5742846
5736804
5768834
5767542
5760408
5770427
5796835
5803438
5830097
5801714
5807004
5827702
5824086
5825188
5839274
5849402
5854993
5865262
5868788
5878166
5885229
5898553
5906549
5909694
5945250
5923900
5942856
5943787
5950169
5963353
5972571
5972090
5992658
5988630
6015811
6011112
6013236
6132046
6045866
6035998
6055464
6054352
6060253
6071534
6077746
6088204
6092172
6103543
6110055
6116356
6145931
6133999
6163304
6150590
6187799
6195483
6186496
6182950
6227563
6199110
6220699
6228594
6234145
6241137
6236279
6277926
6277094
6271834
6273497
6293204
6319693
6298493
6312560
6443592
6325334
6329331
6337766
6345050
6357943
6366720
6376468
6381778
6387178
6407886
6399841
6425579
6433523
6446568
6473507
6557062
6464020
6461205
6512569
6478707
6486091
6526916
6527758
6509955
6532126
6533959
6567992
6557253
6551662
6568323
6669660
6597928
6584854
6593290
6628414
6609409
6624688
6630508
6636369
6645566
6655405
6754067
6686903
6694727
6768514
6706268
6705597
6711869
6729692
6738658
6740131
6760830
6754447
6768053
6789282
6791256
6797747
6814519
6841279
6845125
6826641
6830048
6858330
6859171
6856036
6866875
6872746
6883637
6889587
6897732
6909104
6919723
6928970
6954739
6938868
6960448
6958766
6966129
7001475
6985335
6994121
7692714
7014048
7026190
7030058
7036419
7042310
7172211
7063881
7069310
7076904
7087774
7095288
7105367
7111548
7124212
7144379
7145211
7148106
7169105
7171991
7178632
7182509
7190836
7205502
7219979
7231841
7236189
7238363
7244384
7259251
7406124
7292764
7297653
7321227
7300729
7310586
7317430
7325735
7338809
7345110
7363244
7366320
7389612
7394061
7386818
7395203
7436038
7415541
7444394
7439976
7447841
7461376
7466185
7473568
7493065
7490710
7490860
7506489
7510156
7519694
7532116
7535553
7549208
7552495
7563474
7571339
7582390
7592448
7604801
7611233
7617164
7630038
7637181
7663109
7769306
7673077
7691421
7681182
7701229
7710446
7719603
7750291
7733970
7753857
7757253
7763124
7789263
7791777
7780697
7807677
7798730
7846138
7859262
7841530
7849434
7847410
7929783
7879159
7880111
7901801
8075702
7912921
7912531
7918852
7929632
7937177
7945382
7995314
7967653
7979966
7986468
7993230
8003540
8010171
8031151
8030980
8038063
8060104
8077095
8065835
8100348
8130254
8095499
8108424
8112721
8127288
8134732
8140773
8157735
8168625
8174927
8179555
8193130
8201906
8205954
8215942
8236400
8308003
8258792
10073960
8278889
8665734
8405133
8372952
8304786
8672887
8423055
8365439
8412075
8455155
8802838
8642361
8482746
8488586
8499968
8818137
8533841
8584434
8669982
8595144
8859443
8567924
8566310
8632302
8645697
8856738
8708644
8724904
8710257
8955831
8722399
8686583
8699207
8988572
9356513
10635930
8608108
8631010
8647381
8637442
8643053
8651478
8655586
8670062
8700679
8683868
8714775
8710778
8724534
8769597
8761442
8856527
8779715
8761121
8770659
8784314
8791336
8859713
8830309
8828275
8834828
8839676
8893265
8862569
8871365
8987670
8926267
8925726
8909916
8922019
8936155
8942236
9017135
9390566
9008439
8977692
9003821
9006175
9009792
9021904
9100840
9180608
9091683
11429129
9139572
9113484
9102984
9126428
9119184
9118183
9141095
9137508
9236431
9164908
9166722
9179806
9197358
9194242
9265555
9236972
9253111
9274672
9248573
9294518
9268731
9296542
9305639
9310918
9307553
9329594
9351474
9337398
9362324
9383964
9393041
9376671
9383062
9392670
9411745
9421394
9430109
9469503
9451579
9451279
9478499
9484560
9493105
9573294
9529684
9519585
9534042
9579586
9563176
9571882
9575839
9656638
9596106
9618128
9614871
9612738
9641932
9651589
9659754
9773635
9683558
9689429
9692906
9711640
9702974
9734864
9728501
9747617
9797820
9795075
9813098
9805864
9864634
9813880
9847151
9888127
9843194
9871165
9854675
9872678
10002478
9905058
9909096
9906401
9906941
9951815
9929864
10082086
9950793
10008951
10019161
10097776
10132650
10057171
10154871
10043946
10065456
10052742
10083960
10086475
10087997
10091544
10105259
10117762
10143890
10145905
10134754
10195707
10177593
10198412
10203621
10202158
10223428
10219050
10236903
10247392
10262601
10269773
10299398
10293809
10308805
10305910
10326449
10341296
10332950
10368226
10585819
10409192
10416596
10397861
10416374
10432364
10442123
10453042
10435520
10483829
10468060
10491534
10493779
10487296
10521750
10537049
10516851
10641100
10557456
10559249
10593673
10571051
10592020
10610855
10617377
10628507
10628408
10657972
10687176
10649757
10688659
10796177
10734513
10742408
10749522
10738471
10749461
10976040
10786810
10773416
10782372
10796719
10800606
10844618
10903507
10924665
11088769
10875645
10895923
10878831
10893698
10930125
10911762
10928062
10922110
10973445
11059074
10976172
10976192
10994806
10988334
11033868
11016296
11113836
11033998
11068172
11106973
11146166
11097857
11115580
11102014
11117944
11132000
11174829
11140616
11153941
11188394
11181431
11197671
11215544
11227036
11272260
11247083
11292076
11293679
11266709
11310711
11317884
11329085
11338061
11336418
11356225
11407199
11382604
11407800
11488349
11393153
11422908
11404795
11434179
11437445
11468071
11471898
11463783
11481546
11483430
11515570
11650770
11524366
11520810
11550204
11589917
11584086
11591650
11582713
11605176
11618390
11630823
11682488
11685594
11778356
11694200
11708146
11709829
11730167
11726550
11727271
11753730
11874333
11794175
11778226
11770361
11815204
11909869
12029430
11834760
11842204
11858585
11869785
11863955
11899370
11911523
11908797
11958599
11941288
11921702
11944554
11977395
11979559
12014473
12010546
11993715
12006168
12028920
12049128
12038258
12044570
12078262
12102486
12098679
12091455
12145416
12156637
12145125
12170442
12177345
12170111
12182935
12190279
12206850
12220014
12220896
12241514
12242546
12269415
12278832
12282429
12512615
12312776
12303478
12326932
12340457
12363860
12373288
12380480
12403073
12412079
12424933
12423450
12433860
12499521
12473453
12480736
12524487
12493930
12510201
12508117
12547089
12542991
12572446
12559492
12575642
12583357
12600167
12634511
12627698
12626456
12630233
12674986
12674004
12679033
12724297
12724317
12731440
12731060
12734295
12752840
12779690
12756817
12771584
12790710
12816348
12807311
12814143
12874576
12864166
12886287
12912105
12885025
12898731
12980773
12999557
12935999
12945848
12943854
12977577
12987414
12976194
13006930
13024273
13057294
13067021
13068144
13105253
13072202
13105583
13113859
13120351
13122394
13134968
13146208
13167969
13185932
13179700
13202222
13355326
13256793
13234452
13257174
13251403
13282220
13276360
13302177
13296547
13312886
13321263
13377667
13369862
13441966
13367187
13364001
13442717
13419515
13412331
13418693
13452866
13436806
13455341
13482151
13504522
13527063
13523647
13519459
13549936
13535830
13585591
13573028
13587264
13595230
13614195
13621057
13627740
13655000
13672954
13698160
13695215
13698951
13720631
13703510
13786384
13733166
13751860
13760245
13771326
13827390
13822060
13812332
13839242
13861794
13840254
13882222
13903380
13943645
13888303
13929569
13916445
13927476
13956469
13950618
14002794
14017783
13988417
14010509
14009707
14037358
14039312
14061302
14090336
14201492
14102990
14095797
14135840
14123688
14138395
14167068
14177748
14179973
14195171
14258798
14212483
14321755
14291689
14256113
14255883
14281841
14316085
14313400
14301818
14345298
14341472
14335650
14361418
14392606
14408816
14436296
14423423
14422401
14432179
14468496
14475980
14494725
14499704
14537785
14504613
14521705
14544777
14553834
14546771
14563963
14582037
14672023
14639354
14610029
14617683
14704524
14744267
14684036
14679137
14700627
14710595
14727627
14733889
14761279
14758294
14784321
14813866
14818515
14804058
14849202
14864230
15116436
15390673
15242910
15239744
15413256
15483055
15490509
15585975
15238172
15293224
15435748
15312809
15324702
15321455
15375767
15424447
15352173
15375987
15411092
15514794
15398828
15223695
15130723
15138196
15148265
15151731
15176878
15194500
15204089
15220299
15246737
15255264
15554988
15326264
15330292
15283395
15311847
15639465
15467366
15649583
15895498
15820299
15825659
15839905
16156531
16105647
15896821
15876464
15916829
16047440
16193491
16049664
16155871
16296751
16181508
16084359
16183852
16267558
16268369
16321377
16906690
16507862
16433545
16740283
16493686
16495970
16770198
16537057
16503144
16802297
16628135
16648472
16854323
16533740
16749800
15841630
15844514
15849444
15845166
15873368
15922839
16010241
15927589
15919123
15952214
15922799
15945101
15959097
16002217
15989984
16028615
16050486
16078528
16074170
16085651
16284439
16527780
16639997
16500890
16711419
16510397
16505928
16908745
16630389
16810082
16703074
16704547
16903265
16701631
16948509
16727069
16915138
16870184
16834387
16926468
16556734
16376911
16397429
16375458
16429749
16405634
16435009
16477768
16448132
16446489
16471356
16478840
16504838
16503004
16533411
17147748
18219982
16736547
16559519
16583062
16618438
16599613
16624409
16638525
16637383
16697995
16813419
16733671
16738540
16714145
16853733
16739933
16779827
16757726
16760451
16807098
16840208
16874332
16848494
16879291
16869092
16866827
16884821
16894589
16917071
16979977
16992179
16967594
16989545
17018629
17021734
17114046
17058533
17054476
17066990
17160532
17153920
17096123
17131048
17120749
17143982
17232015
17175119
17197120
17194956
17192351
17241031
17270536
17298858
17287337
17264725
17279823
17319096
17350754
17364640
17588214
17393063
17372665
17367696
17440500
17429380
17414422
17456380
17451501
17602961
17520398
17543932
17503708
17520689
17520839
17581211
17609514
17566754
17606167
17643567
17660918
17693258
17693328
17686947
17664795
17674113
17733022
17763568
17746226
17741849
17775891
17783234
17831163
17872440
17870607
17846804
17880105
17860699
17987965
17951658
17888070
17934566
17969220
17992774
17989598
18004896
17975091
18101785
18035993
18058456
18086547
18079705
18064898
18062983
18151878
18100613
18273212
18156246
18186592
18138634
18244660
18217370
18255581
18243468
18301244
18523286
18327002
18278793
18315291
18320550
18317705
18418572
18359703
18364031
18419272
18395109
18518086
18479204
18686849
18453506
18480988
18556227
18545947
18574320
18509140
18564181
18526491
18702167
18672122
18655732
18648418
19281189
18934047
18799758
18686569
18707558
18697148
18702819
18829063
18730170
18779050
18780723
18768921
18879145
18833290
19027641
18873104
18821368
18928897
18843019
19548564
18935439
18885026
19015427
18914761
19037619
18984921
18985271
19106767
19309231
19092460
19080498
19028993
19040544
19209276
19083604
19105064
19139958
19132424
19249401
19260641
19405620
19244722
19202174
19301156
19264789
19287701
19289575
19305354
19271972
19423543
19495567
19396254
19480610
19690298
19654993
19455914
19460903
19488254
19506137
19497721
19501518
19541272
19561349
19565237
19554427
19524281
19618305
19598258
19610119
19692622
19627241
19837350
19666654
19679968
19724661
19711477
19689255
19775525
19753624
19998008
19787949
19773341
19789772
19801403
19874238
19880701
19841939
19913060
19910105
19964886
20300317
19956110
20003348
19983140
20016602
20040556
20036709
20050565
20073798
20096319
20259992
20127889
20147145
20102332
20336445
20220951
20127097
20304606
20192168
20206124
20195564
20223446
20240808
20259343
20332368
20288877
20319604
20375698
20334191
20457940
20432593
20458612
20360640
20375327
20431872
20404832
20499958
20439476
20641800
20677416
20572713
20546334
20581418
20521959
20610593
20561091
20656277
20611865
20627394
20739020
20711460
20698906
20856187
20673830
20740442
20734382
20749991
20799463
20807177
21008710
20863222
20868220
20847222
21119726
20986429
20924615
20931177
20913454
20977563
21000366
20934453
20962205
20998712
20999493
20994084
21059755
21142608
21064954
21140895
21100270
21182182
21116450
21164510
21136086
21195577
21160332
21368516
21411316
21255978
21310970
21306482
21350133
21313554
21337369
21378295
21353529
21810003
21448575
21377774
21407087
21483049
21502544
21484943
21532200
21483309
21480725
21636463
21574268
21522062
21566665
26876915
24648119
24063186
27353517
21931320
21632307
21694932
21745656
21818671
21801229
21771774
21850570
21810375
21844449
21833849
21849078
21898248
21963479
21998955
21881277
21914990
21897016
22771926
21997703
21938463
22062493
22004385
22063314
21991982
22107415
22071770
22140988
22114569
22134706
22205487
22112636
22234831
22243477
22172466
22252154
22198234
22370553
22319159
22341170
22498131
22634603
22408034
22353843
22336311
22294995
22401822
22524569
22398145
22469397
22534558
22456113
22526884
22500935
22618583
22658276
22643840
22533085
22619886
22585753
22528366
22649170
22619194
22963191
22761768
22677553
22809546
22768952
22712197
22749485
22750427
22757119
22854150
22949466
22824104
22868596
22881881
22930641
22926082
22950528
22983408
23132816
22988789
23043622
23144088
23216501
22983100
23032310
23137165
23151181
23114984
23169204
23102951
23078626
23163554
23183821
23202866
23171658
23319371
23319722
23356330
23261284
23207284
23238522
23393980
23391516
23641858
23530443
23453049
23385013
23347684
23589352
23414608
23530663
23443722
23514113
23577900
23452498
23575937
23500207
23572650
23671253
23633884
23648340
23870493
23688186
23647450
23918221
23795204
23763045
23723882
23783011
23957574
23823666
23746524
23804701
23815642
23874491
23884680
23813848
23836941
23977341
24002368
23983142
23998710
24057830
23968154
23992580
24267709
24094568
24081865
24057519
24089409
24194323
24265485
24147907
24210773
24165971
24200705
24165079
24177833
24292845
24245097
24294980
24281965
24365199
24580169
24338511
24377614
24686365
24479412
24472339
24347057
24403882
24445229
24604985
24431553
24625012
24497997
24563638
24574939
24637425
24720809
24656920
24637765
24673572
24683851
24655849
24636863
24962577
24842124
24738903
24841132
24796188
24845780
24768146
24980821
24790168
24828228
24891726
24857512
24868312
24944914
24947389
24879563
25057081
25162418
25087229
25096506
25217590
25187254
25050090
25026807
25075507
25121352
25184498
25200479
25215957
25289834
25204576
25239801
25242326
25254729
25463585
25379670
25396632
25509099
25605659
25584389
25747041
25892450
26187546
26215538
26515654
26000049
26499924
26570265
26467635
26530431
25777627
25830796
25813032
25836827
25926733
25695605
25789450
25887011
25676691
26128077
26492853
25871512
25846586
25865851
25802414
25824635
25784962
25969633
25916355
25981186
25891239
25874067
26030907
26030808
26033622
26168092
26470171
26204238
26297100
26165937
26060562
25997776
26007424
26158814
26098943
26158573
26935041
26937426
25989721
26071954
26170326
26269910
26178501
26272786
26285399
26518822
26524793
27368125
27013348
27405644
27099367
27387471
27631192
27303745
27536036
27792060
27685012
28368497
27761673
27400835
28717303
26335192
26437712
26605202
26566982
27646420
27642693
27629058
27508425
27509005
27632745
27878890
27667089
27769829
27844066
27940394
27828578
28076677
27901813
27835972
27992100
28156505
29078964
29106626
27106592
28246443
27694431
27683840
27942860
27926169
28003372
28134685
28419403
28193294
28418000
28183917
28252123
28512184
28625765
28529437
28544805
28527453
28685926
28834782
28184558
28704090
28522614
28512996
28393525
30666814
28252134
28321321
29131101
28762619
28585310
28797683
29075458
28800199
28557370
28760236
28821019
28566777
29030786
28557810
28664469
28868526
29061564
28901657
28634022
28905254
29245043
28865971
29169564
28955026
28915704
28938225
29082823
29075359
28824614
29227330
29290768
28960196
29266553
29423563
28941261
29121445
29117808
29358373
29518580
29184290
29144898
29421331
29205942
29609671
29223304
29486632
29157503
29400102
29257929
29354688
29326275
29399901
29496641
29348216
29584103
29399471
29558285
29479068
29583842
29499476
29773514
29536044
29496350
29625369
29532247
29651347
29705959
29536464
29695489
30015081
29631640
29744880
29771470
29829266
29763415
29864133
30102154
30064143
30078289
29905820
30125907
30142718
30227105
30102644
30155522
30166693
29949942
29919856
30400867
30225101
30261509
30246310
30189966
30450208
30054095
30401939
30356384
30456440
30114336
30263312
30452732
30422607
30337970
30603943
30618319
30186400
31864257
30618640
30415255
30444489
30879164
30510722
30498890
30562447
30509870
30733815
30502306
30454658
30477901
30721202
30720971
30711654
30612830
30700995
30731541
30809184
30871780
30777566
30809916
30713187
30624873
30878292
30803364
31019024
30950676
31017951
30948573
30949585
30994047
30862624
31197324
31089164
31259901
31306036
31168371
30987717
31082713
31130821
31205610
31139708
31204909
31214557
31355908
31464429
31491310
31415138
30695436
29971796
30289614
30712367
31455443
32072326
31663869
31644372
31727707
31438171
31579874
31749548
31686922
31773963
31895438
31974294
31647600
31868119
32303285
31902933
31969156
31889078
31709825
31961802
31955350
31894498
31885210
32047902
32001786
31984024
31506409
30479578
30522567
30657898
31669371
30667415
30809489
30844073
30786776
30948356
30958685
30869900
31000111
31016281
31044002
31132036
31031790
31045716
31262469
31199622
32305550
31703575
32007319
32618711
32235621
32497797
32402261
32379067
32490734
32310400
32443606
32556495
32686236
32732372
32969269
32627637
32800307
31156442
31216223
31312752
31366893
31498266
32317022
32227717
32741929
32839019
32717434
32811427
32656731
33053788
33120522
33795813
33067173
33212482
32871882
32862955
34081051
32885928
33149075
33153913
33368822
32944947
33441576
33164884
33425146
33300745
33451164
33907389
33033020
33464820
33105785
33592776
33258287
33125140
33221419
33575614
33696939
33605790
33425937
33443992
33361580
33598429
33777520
34738741
33194792
33540171
33609399
33747906
33365197
33680100
33630798
33689888
33854173
33750740
33787138
33556180
33929131
33915516
34673249
33759728
33852169
33643583
33871104
34012005
33951603
34146434
33757944
35341397
33829447
33923562
34000115
34477729
34177954
34146406
33978214
34389245
34219190
34074612
34341186
33989845
34175309
34202149
34582433
34464044
34143269
34654386
34291163
34202750
34414763
34622447
34573006
34367044
34361384
34488189
34665928
34350704
34775250
34335406
34501215
34754864
34948212
34725711
34454808
34568059
34541749
34541218
34363770
34761777
34858466
34607482
34833580
34744144
34683893
34735809
34903630
34719629
34820326
34862624
35103871
34788015
34775613
34830895
34883843
35095335
34942442
35027941
35068837
34998558
35269019
35186466
35194801
35120954
35018635
35162912
34970335
36096922
35129079
35057236
35156250
35186426
35214858
35365998
35403107
35322537
35103562
35328529
35210541
35398499
35483837
35310035
35284297
35327076
35469480
35508282
35395042
35534823
35619670
35640578
35652641
35644817
35551534
35593140
35552786
35600835
35658492
35556342
35833986
35737418
35813298
35828516
35965862
35819249
35611986
35913213
35756082
35897915
36098697
35861207
35869984
35902855
35819180
35886835
36125718
36126661
36243588
36162157
36218381
36138803
35794225
36104570
36144714
36146207
36156596
36135668
36430885
36270347
36242556
36171424
36613412
36329326
36386382
36334807
36332332
37437479
36416167
36321692
36497007
36478032
36526371
36541890
36745589
36531652
36913190
36649160
36657276
36565877
36583388
36705174
36815980
36647859
36769774
36659981
36876632
36720894
36686810
36949517
36954897
36709062
36895257
36715053
36996725
36935100
36853039
37048771
36876913
36833843
36987177
36998329
36891893
37340964
37323522
37053902
37111188
37060254
37212657
37154549
37134432
37124332
37081153
37209570
37239546
37251668
37370469
37424689
37413158
37423267
37321528
37387340
37546705
37372172
37503966
37540243
37590888
37591247
37644388
37525678
37960343
37760734
39145769
37885124
37848046
38171765
37930317
37990860
37811909
38340217
37899771
37987244
37999105
38416188
38107346
38086256
38242467
38155785
38180311
38002071
38012620
38063825
38149203
38541139
38123787
38516897
38273777
38176396
39548588
36856892
36976323
38348104
36898348
36888810
37042084
37098689
37076729
37379129
37060097
38458839
37603595
38168221
38693093
38560457
38665222
38834665
38521635
38738918
38630057
38767982
38504935
38827364
39141956
38722730
39150552
38663520
38593881
38623957
38889228
38961072
38879621
39047582
39199183
39038885
39203010
39056508
39074461
39318543
39275814
38891072
39082867
39149421
38942647
39088117
39086023
39069011
38890031
39116401
39401850
39086305
39088580
39050709
39024681
39375601
39307686
39316702
39277249
39407150
39407350
39351076
39393394
39502938
39319958
39447374
39296766
39565073
39423169
39432126
39482520
39602342
39512414
39872372
39681681
40113600
39777087
40006673
39699854
40149448
40118911
39671061
40144648
39858829
40073706
40336995
39737574
40095127
40006142
40197806
40094535
40009298
40614248
40166749
40171387
40295097
39992606
40029866
40067185
40162303
40240899
40246869
40101711
40237532
40183863
40267899
40115476
40155019
40270884
40410092
40345833
40389124
40275864
40628056
40380087
40368805
40366051
40459363
40490260
40444546
40555371
40674632
40664834
40752317
40600327
41085516
40753410
40776313
40719848
40627086
40742250
40736629
40831194
40741909
40966886
42590354
39515818
40261900
39533881
39723151
40962968
40838127
40810125
41106394
40841142
41274907
41526473
41394398
41480099
41645897
41547113
41410560
41581797
41261934
41330121
41833904
41446537
41328478
41723109
41509033
41476342
41438402
41675992
41583601
41574213
41539579
41648080
41259240
41758995
41894867
41819027
41702771
41605493
41698937
41828667
42200847
41851269
41566040
41700159
41923102
41628065
41639666
42363838
41920087
42001748
41855196
42160102
41817716
42138912
41988012
42141868
42307114
42155322
42057410
42235020
42223168
42215697
42399737
42110662
42289914
42191521
42255640
42384810
42386943
42775353
42275247
42366135
42615366
42848228
42876481
42160373
42531402
42283011
42564663
42439060
42441445
42263575
42832910
42830625
42685949
42577730
43052870
42717268
42986166
42657497
42667135
42709113
42768673
42719472
42688244
42709153
42718681
42768823
43066586
42773963
42847830
42768242
42871755
42841358
42881723
42808928
43087794
42939129
43003360
43293528
43051699
43805126
43110809
44242517
43142317
43463653
43118333
43348740
43385288
43748531
43306111
43708957
43494420
43367455
43361855
43615624
43913126
43745967
43749122
43859818
43614694
43721974
43757741
43852807
43752110
43888663
43822781
43705854
43647467
43984010
43973590
43978880
43736551
43909822
44198648
43765104
43822180
44017541
43616419
43990922
