40
50
81
90
120
150
120
160
140
210
300
371
381
441
391
631
612
631
481
651
741
732
742
951
892
1092
1152
1062
1362
1343
1674
1343
1593
1893
2144
1984
1713
1964
2294
2054
2435
2585
2164
2896
2856
2806
3156
2916
3226
3667
3637
3797
3697
4108
3797
4258
4809
4389
5129
5691
4929
4519
5641
4799
5170
5832
6563
6202
5771
5921
7064
6171
7154
7965
8146
8396
8607
9719
9518
8696
8596
8967
9909
10359
8857
9328
9909
9939
10200
10210
10851
11883
12013
11782
11963
13135
12754
12554
13195
12133
13396
13255
14248
13606
13756
15029
14758
14838
14728
20168
16462
14878
17343
17373
17394
15429
17363
15780
18275
18656
19618
19277
18495
19437
19047
21381
20589
19677
21120
17523
23695
23164
23104
21591
20479
24517
21841
25909
24066
23625
26762
27192
24477
28655
26711
31289
26410
29666
29646
29576
29206
29396
29366
32061
29537
32261
32983
30328
35197
32813
32552
33383
34777
36429
33785
32191
37622
35267
38263
41990
37041
36610
37601
39646
38213
39345
39025
40036
40537
41870
41799
41820
45416
44465
44725
45036
46128
40056
43513
47480
46959
47240
48693
51398
45287
53031
51708
48252
47751
52150
47811
49534
49164
52480
56508
58712
55476
54203
53472
58963
54374
56407
53301
58561
57089
55907
60566
63791
58472
63481
67128
62219
61037
65184
66336
68100
62760
64534
70605
68490
62369
70424
69082
68351
73771
74893
74492
74983
68942
75404
73179
69262
76306
76877
82718
82658
76566
76967
77538
81435
79201
82257
80583
84050
82077
83168
82999
88228
85804
88679
86626
83720
92587
89060
93879
99459
91054
89511
95692
91895
93538
88609
95102
91424
99991
97436
98769
104379
107946
94330
97606
96504
103287
105521
100632
105351
99970
105591
109629
111533
112274
115801
109559
108457
103698
117164
112144
111112
110651
115861
109419
124858
123796
116692
121481
113747
120981
121742
120971
126001
123686
122674
123024
121372
126371
133475
132823
130639
125259
139416
137773
135057
140879
137903
132633
139646
142733
136811
133224
143704
140799
146580
139396
141249
133254
147592
140538
148944
149204
151198
140197
145667
150186
146990
149625
162159
154054
160627
152591
143023
158192
168632
162199
149775
164744
157059
166888
165045
155507
166367
168782
161859
173121
156469
160536
172168
162570
157420
172679
172329
169122
168912
184772
179633
171006
171808
180114
184311
181646
180234
186336
170956
180153
193579
190513
182488
186415
197276
189512
193579
193078
176076
184231
205833
195243
196775
205823
200342
205923
188259
197567
208658
214339
205432
199991
220691
214239
196936
210311
216764
220150
224117
217865
219168
211814
216162
216814
227203
229929
224909
228426
222083
225570
236301
234407
226111
218617
237412
231482
228395
238975
239707
251159
243855
250067
227885
225249
234728
245719
256309
256679
289011
267991
251310
246400
269464
245609
251850
261528
268031
250718
253524
265917
262250
265617
255628
282880
269434
265696
273923
278732
280225
264795
251640
264214
276557
276397
260757
286436
278842
274403
283400
290594
296726
276498
284662
286436
280355
297317
300023
296315
283200
272540
305052
310963
301034
298459
302056
289883
307988
310643
330420
310732
288720
306845
328236
305031
328256
312265
320421
332054
323667
320581
322184
321564
337623
338516
324249
330039
330620
335890
351581
334378
347663
355248
339457
337033
337303
338044
338916
340549
344567
356981
354887
339096
360327
353103
345800
360528
349657
349516
371869
347623
370116
353534
372651
366048
366709
381348
374445
366820
374264
365948
387169
372099
384253
388120
378021
371949
387529
372580
374244
384022
399041
388060
391397
372540
401756
372370
421705
390956
405022
405043
398901
368072
397579
413618
423488
427355
404712
428638
400564
425852
436071
442995
415873
438196
429990
416434
427215
440400
431693
395535
449507
436071
442054
438356
455288
421974
434438
426123
477351
448465
433717
452322
443416
441983
451852
445209
462853
463404
468694
474656
476839
470798
482831
469906
465187
483672
491858
458404
453866
507758
469726
498260
489885
479385
483702
488652
489493
487079
483222
511395
489483
482711
463795
498931
517787
499603
488893
506997
507137
510133
529299
529971
510944
524551
536884
530842
500435
519420
519811
524099
556191
504231
540420
529810
563535
555890
534780
538306
530752
530742
513950
540200
533367
530742
568955
533537
574475
551953
568544
546502
563394
556862
563865
569015
567783
554738
583913
561972
575408
576780
579145
602930
582861
602008
584024
601557
592039
582661
592079
586008
599003
587330
614813
606487
630933
617086
619642
626244
624822
623458
594534
642896
613059
615915
646543
648277
650411
616246
627366
613360
610515
630102
643737
660049
610024
608541
622297
654758
672392
647585
652594
642105
658396
641764
648206
663184
638428
681259
662494
680628
679285
652514
665780
640541
664427
666381
667573
671831
676230
669698
696669
705746
658215
691448
682832
696258
696548
696538
701979
711617
708822
683363
730192
713451
721086
729521
736995
719703
734821
726265
728429
721356
728119
717378
732898
728469
749830
754569
775930
724442
720183
741774
738648
774658
755611
746323
756523
743749
778044
778825
769758
761872
772513
776992
741224
771861
780288
739921
739139
774237
745162
765260
777573
788023
794706
801218
781671
779898
817980
796529
795497
788023
776671
803162
824342
814403
809674
805887
830944
802100
843959
832397
821136
791049
851835
809674
837767
861062
808722
815535
822378
857486
812480
827017
852205
849009
876552
875590
866944
906719
848208
848719
845512
880268
882553
889046
860231
846935
853748
880369
888545
878756
891981
913663
900417
903382
892341
898644
907781
903182
879978
908944
919574
889347
908833
924053
911007
909554
910406
939311
902581
983085
1039643
950903
926898
940654
939542
908733
1011429
1079098
1060943
956264
928832
942177
939202
1101752
1107683
1048630
970421
959690
938570
968147
1045935
1090470
1084247
970892
946616
1013953
972144
1114165
1097553
1090309
1002853
988325
1004044
1060363
1134283
1106120
971633
1008433
988765
1011058
1144743
1103995
1051856
1031227
1015707
1004336
1064771
1230006
1146777
1015567
1047798
1000679
1041316
1066965
1193466
1108985
1095138
1060181
1041776
1108133
1208034
1111269
1029854
1068598
1090289
1075100
1177525
1245234
1085369
1052156
1097103
1074780
1098846
1236738
1229765
1144132
1106440
1120437
1162246
1246277
1179329
1094387
1133902
1106359
1152468
1311291
1179509
1100229
1131979
1125256
1184850
1237159
1208344
1143701
1111480
1130897
1244474
1324897
1239884
1134283
1159541
1139052
1247880
1368830
1197504
1150384
1182926
1164070
1321110
1310569
1264571
1166525
1151426
1231448
1299468
1299148
1114756
1201501
1185832
1276104
1381695
1262177
1195059
1215377
1183818
1350827
1394119
1240526
1230517
1225177
1323263
1399589
1354923
1225497
1263399
1228783
1407134
1373229
1213354
1246497
1278859
1344905
1476987
1321120
1237720
1261977
1294629
1385722
1443673
1268388
1245035
1308435
1420569
1416882
1297785
1263340
1303015
1441349
1471115
1286563
1295010
1317392
1379401
1457980
1385933
1332020
1297234
1453001
1557300
1396603
1329185
1306551
1441028
1470084
1388367
1337460
1336228
1441729
1506182
1424197
1358671
1348913
1439014
1456969
1429516
1360254
1340487
1430778
1552360
1429286
1359493
1335377
1501543
1543894
1475083
1350466
1429436
1500992
1579662
1429265
1413697
1392355
1563622
1559254
1433303
1474281
1482407
1658543
1518957
1429757
1412964
1572880
1594852
1484962
1459633
1430508
1635530
1574413
1510360
1494130
1544937
1650056
1519779
1520169
1500522
1636310
1670476
1447911
1451999
1535719
1708067
1544095
1497126
1496403
1580935
1735279
1543664
1580574
1561458
1786096
1576656
1502976
1493438
1720271
1680656
1561287
1480693
1615731
1741121
1508467
1542001
1538895
1776227
1650969
1542602
1533815
1692056
1743846
1561338
1580214
1714620
1745058
1577258
1570866
1662891
1655357
1577017
1601554
1746962
1657311
1593439
1561448
1645779
1615942
1660497
1660798
1627213
1632614
1684873
1675325
1619278
1594631
1695213
1620871
1636931
1659885
1626932
1707546
1657921
1638595
1662039
1681978
1657240
1633385
1724709
1693400
1683601
1657270
1734898
1737594
1635329
1669965
1699641
1740619
1646230
1692067
1733736
1728376
1666869
1674654
1721503
1708719
1731602
1717255
1783341
1736071
1727855
1797008
1758444
1768993
1790154
1727905
1767560
1760697
1747573
1824379
1796005
1721633
1791056
1790565
1737143
1817906
1829389
1811695
1846181
1786888
1773182
1792518
1788741
1841212
1786487
1853104
1819009
1845970
1810442
1804521
1850599
1791537
1882531
1829188
1894874
1805773
1925562
1859025
1878282
1860649
1811214
1790946
1859496
1956521
1861029
1901316
1902558
1931324
1878622
1869646
1836292
1947363
1941693
1885626
1937766
1936584
1949779
1940460
1914501
1917357
1953656
1956672
2002429
1892179
1876809
1966761
1968745
1895305
1903740
1927135
1999624
1896727
2009262
1966660
2023960
2009823
2029189
1957193
1912698
1968835
1973984
2061201
1949929
2004322
1989634
1907037
2070930
1968785
2020313
2019772
1982210
1943707
2056692
2028889
2096959
1998741
2051242
2036334
2057965
2035101
2048617
2020392
2070298
2033959
1986588
2101178
2107108
2000034
2095867
2019231
2052885
2068023
2065970
2091318
2076500
2052884
2044038
2147215
2118520
2157395
2082902
2086399
2134581
2149470
2156814
2106217
2123199
2122838
2084566
2122257
2181019
2107600
2097019
2143618
2148458
2169578
2162875
2158266
2130012
2179387
2215234
2208692
2209444
2220865
2187482
2254520
2186831
2227337
2228009
2224963
2223160
2202971
2232578
2218270
2219283
2205506
2188113
2245693
2147886
2284527
2252425
2229742
2279998
2233910
2228970
2260981
2280990
2322880
2264719
2264799
2353288
2287913
2325856
2295378
2303082
2300407
2307110
2274728
2324493
2282323
2348489
2331787
2265270
2288073
2378456
2291810
2372885
2363978
2270430
2324974
2339722
2290318
2323741
2401339
2318742
2403995
2446145
2394366
2359269
2387243
2402011
2383786
2340915
2432970
2387994
2344000
2402932
2397993
2440904
2421268
2426808
2417741
2362676
2373546
2428692
2417190
2386351
2390439
2482625
2388896
2363687
2450844
2386281
2486823
2356485
2439563
2494147
2463568
2493916
2507202
2450834
2524876
2445885
2534353
2545524
2554291
2504387
2470882
2501040
2429884
2527350
2578498
2550995
2520507
2560553
2604637
2579610
2573367
2459550
2526819
2489667
2491161
2539513
2558750
2596322
2575802
2577085
2698817
2643361
2568528
2551937
2635275
2627731
2592905
2648421
2629926
2596020
2606140
2729124
2661696
2647549
2634013
2539362
2598185
2575532
2678227
2657188
2584890
2586984
2679701
2705740
2668119
2662968
2680732
2669702
2609747
2672156
2590791
2696573
2639483
2782215
2731509
2735607
2716882
2607933
2764172
2705720
2698296
2738903
2645475
2839506
2768690
2679209
2771004
2679099
2709447
2808797
2769191
2711662
2767427
2730928
2795622
2765945
2787356
2839054
2811842
2702464
2707523
2805701
2789820
2806252
2820639
2868581
2780242
2699889
2933865
2986475
2881676
2818986
2933374
2872869
2803887
2874131
2923696
2926290
2828966
2817343
2827302
2851458
2869022
2836580
2860625
2880033
2960055
2824246
3001254
2960445
2915039
2909068
2972589
2944355
2968051
3006914
3015190
2947371
2923916
3050257
2985814
2959975
2912404
2966447
2982127
3060156
3003899
2897586
2989872
2964634
3007356
2984813
3045919
3069193
3029127
3061959
2999861
3077990
3043004
3023345
2974693
3043764
3070035
3062560
3031662
3036701
3056169
3174323
3311656
2942551
3443978
3097297
3139076
3140349
3229189
3227926
3230431
3315132
3039206
3382000
3117185
3692202
3156990
3313499
3196936
3479876
3278022
3302859
3580498
3153374
3490496
3355409
3556293
3186407
3694896
3246161
3650091
4349355
3594926
3139648
3165647
3286197
3375327
3191226
3459487
3284233
3401758
3796089
3746936
3375067
3440642
3384855
3404062
3642307
3353635
3509272
3375447
3518871
3426805
3352082
3408590
3487130
3375607
3642166
3362542
3371329
3568104
3453647
3421344
3676582
3349497
3507249
3590628
3405945
3342986
3589365
3448898
3548157
3624752
3443046
3630193
3451282
3579446
3536103
4161065
3318238
3431634
4387187
3401728
3425413
4013675
3367332
3449368
3544259
3493433
3398351
3477071
3429560
3348576
3639801
3500305
3478213
3440191
3474115
3802081
3528269
3564307
3515865
3539731
3655231
3484075
3474887
3696029
3566802
3511567
3578624
3568275
3521205
3814314
3590748
3508551
3768396
3542146
3553717
3701349
3680189
3518490
3881052
3566682
3999828
3767354
3742047
3489625
3787142
3540171
3695969
3646735
3716919
3627168
3723872
3735864
3703342
3811279
3677383
3876062
3661001
3955504
3779919
3861203
3664970
3886522
3769138
3864099
3809084
3743399
3797592
3756403
3889267
3750663
3816097
3660862
3823542
3746414
3996422
3759469
3799206
3902282
3824884
3921418
3812601
3942780
3837448
3932038
3912522
3932489
3819584
3863158
3807692
4039974
3762245
3947308
4047158
4256106
4331271
3945915
4158591
4042710
4158099
4173719
3914435
3967947
4079821
4369684
4067797
4022360
3937058
4277086
4445247
3964020
3883215
3978176
3816619
4176375
4203476
4306453
4153932
3749691
4042800
3926087
3955734
4100981
4046197
3921288
3980351
3959080
3914595
3900919
4089279
3987224
4203076
3900639
4177417
4080603
4109386
4266817
4013424
4123804
4164993
4196092
4204638
4086203
4199038
3997032
4246349
4089379
4089679
4311392
4009507
4294180
4056717
4117312
4237581
4222693
4143983
4000309
4290142
4140336
4253572
4256498
4005970
4197294
4053179
4436731
4247631
4135457
4384512
4204388
4439907
4404680
4108025
4500954
4180703
4327673
4390302
4181614
4509310
4223846
4392196
4546150
4091543
4520280
4499712
4377539
4268069
4285162
4335418
4459345
4275183
4423586
4207404
4368931
4374202
4317714
4463623
4392016
4355316
4440689
4281374
4460297
4384512
4404700
4445859
4262939
4671619
4518888
4262018
4600173
4347340
4394390
4640220
4299740
4268390
4495684
4452642
4559856
4385524
4469393
4407295
4379182
4581487
4601485
4371146
4447051
4547733
4518638
4610843
4394240
4658083
4509110
4379372
4523647
4518356
4683401
4729219
4516894
4496114
4613808
4457741
4586968
4751181
4520190
4767762
4700273
4439035
4616664
4478280
4631132
4775817
4529548
4686457
4748285
4558042
4808961
4770898
4570637
4714571
4760969
4585205
4879515
4693310
4607006
4825373
4716174
4701315
4825513
4700594
4639467
4770789
4825132
4677460
4654436
4592789
4638045
4688281
4699292
4630521
4580656
4704592
4456238
4829129
4682460
4742975
4689012
4779295
4727596
4843396
4743897
4694192
4635981
4805715
4955089
4698090
5122709
4751341
4739459
4779615
4810614
4680817
4715683
4848577
4725863
4859757
4720802
4941113
5063516
4875578
4788722
4955109
4921165
4926455
4971270
4826315
4965540
4944540
4928158
5017318
4830883
5105606
4978935
4931675
5053968
5088224
4934330
5055050
4980728
4958506
5078365
5104294
5003051
4942606
5007510
4966341
5036625
5129953
5120054
5011247
5207682
5164529
4959859
5052806
5069588
5169228
4866841
5209986
5148959
5174077
5138980
5175770
5020956
4921866
5111258
5269709
5184427
5070270
5227049
5097051
5043198
5190740
5141025
5233881
5191461
5108903
5224533
5097882
5052525
5080228
5118962
5227600
4945681
5128400
5115515
5218001
5066863
5298284
5157094
5226527
5101459
5003542
5111688
5042476
5280210
5209715
5258558
5125745
5169097
4982482
5092492
5039570
5150562
5610209
5181131
5101679
5205157
5200037
5179138
5135844
5294717
5154770
5105717
5210657
5125084
5282775
5146995
5166533
5301981
5260202
5283936
5287133
5429184
5253469
5428603
5231817
5231597
5378487
5372656
5362627
5513395
5270512
5268888
5273567
5339332
5349912
5490812
5260603
5537300
5381623
5448751
5324845
5444153
5482686
5316529
5365052
5426258
5411700
5397865
5454432
5412382
5463339
5461846
5326357
5389257
5406069
5513565
5365373
5352488
5504337
5397603
5508075
5628013
5472647
5438631
5435496
5535978
5417452
5508706
5321949
5502493
5591003
5512673
5576084
5482967
5550515
5614818
5574662
5533463
5725028
5592856
5628774
5793688
5516250
5452017
5643553
5596433
5625468
5578779
5469651
5721120
5616892
5518294
5517292
5758211
5771407
5699169
5726862
5498296
5705521
5607684
5821542
5687557
5621130
5667448
5832032
5618856
5859444
5898439
5649604
5660775
5802185
5812505
5702936
5780223
5683979
5781686
6146652
5964064
5979954
5838023
6007957
5985765
5937483
6019479
6000895
5746890
5893810
5870356
6054055
5866087
5938615
5915351
6159276
6054877
6025541
6019780
5847502
6172040
5976628
6092068
5863773
6117527
6038886
6152062
6094643
6005813
6159196
5952101
6208680
6083872
6219391
6382512
6081117
6152083
6147634
6325614
6036051
6159506
6160348
5958343
6121665
6014881
6190546
6235993
6151822
6085746
6202629
6010933
6193261
6245941
6140891
6240191
6078803
6174475
6137685
6310995
6222437
6230832
6228538
6214551
6254929
7825213
6200104
6352525
7009006
6410175
6519614
6837730
6233978
6265299
6319131
6175186
6229410
6363105
6297941
6309723
6351884
6269216
6178393
6481811
6443338
6286509
6456092
6340683
6428780
6170378
6309973
6301006
6301828
6369166
6368204
6449539
6131934
6419322
6251682
6397581
6357133
6207428
6612110
6365940
6258295
6338097
6449470
6344660
6404243
6338488
6292129
6193962
6432547
6406848
6235982
6407870
6481210
6492372
6499866
6419803
6381941
6373826
6444621
6323931
7322184
7091544
6368926
6402981
6392952
6404173
6567635
6507049
6464699
6517489
6577574
6531726
6573606
6486921
6314171
6570080
6562164
6608583
6652076
6404263
6616378
6519593
6626718
6578676
6640524
6527769
6745264
6615797
6472534
6652957
6708905
6530314
6510706
6902213
6813323
6833432
6610086
6743560
6744382
6727700
6649852
6779670
6691241
6612932
6610467
6555081
6634713
6611789
6732580
6568837
6593184
6796602
6682494
6960294
6563307
6589997
6557285
6887585
6972437
6643339
6870393
6743340
6669108
6835616
7018154
6844844
6739062
6686762
6822932
6987475
6561263
6989840
6671132
6886594
6819666
6883939
6865754
7023624
6765152
6675751
6672996
7005590
6934986
6835014
6957178
6866636
7180875
6882435
6871835
7086154
6819976
6973368
6895140
7004188
7076736
6937139
6896662
6979601
7087837
7109338
6945806
7094971
6994950
7156388
6949544
7025228
7400473
7121492
6905049
7011902
7208216
6946317
7158933
7029475
7093488
7172949
6957258
7084982
7234977
7025678
7117434
7050626
7331071
7216201
7266679
7434679
7004849
7098658
7128455
7216743
7117865
7190212
7033162
7144755
7220931
7201083
7278330
7195923
7252160
7300142
7303238
7320039
7128124
7462943
7263262
7317926
7182027
7296135
7364715
7314669
7483652
7254184
7309459
7353624
7176436
7462662
7415802
7360256
7527315
7537084
7597689
7355437
7406194
7446982
7414781
7441622
7488692
7394261
7153041
7504091
7507888
7411855
7567382
7364465
7381046
7508269
7567622
7363142
7484984
7407317
7430159
7398991
7447102
7369825
7564085
7654738
7520121
7596026
7745882
7740471
7726405
7721104
7825765
7593581
7458865
7494984
7825855
7538827
7604372
7588993
7570328
7600344
7662984
7795317
7552574
7571910
7666109
7734270
7703972
7588723
7803712
7721816
7792912
7951404
7489733
7745762
7782832
7904324
7815414
7976532
7732136
7840122
7979037
8090489
7661140
7738418
7825363
7764878
8066413
7941364
7732056
7853658
7912149
7903944
7965871
7715274
7954690
7704152
7910436
8097382
7739791
7712959
7820504
7918601
7912350
7967394
8178758
7981912
8030014
7986400
7875529
7882623
8187063
8030705
8064390
8129233
8203365
8046916
7972755
7999346
8011969
8139022
8080230
7965561
8082033
7936626
7965060
8119064
8107912
7964589
8083156
8107882
8141467
8213263
8075410
8288146
8200920
8099316
8194217
8154050
8144923
8224925
8251366
8012761
8232651
8158269
8257117
8087744
8119895
8413726
8137869
7961604
8221288
8136016
8191311
8140244
8350936
8226328
8094647
8246196
8285391
8216810
8396583
8242449
8300529
8278467
8335316
8236668
8168238
8374651
8206380
8512884
8468170
8628977
8374070
8242239
8334324
8332030
8645067
8378318
8269861
8459563
8474782
8399438
8437080
8367768
8658593
8476626
8476094
8396663
8558793
8543103
8374140
8481645
8437912
8672569
8568581
8247809
8442059
8620791
8395671
8489590
8488117
8588148
8718928
8532953
8709720
8632353
8585293
8835740
8466617
8559012
8429295
8772539
8581966
8569793
8586695
8859967
8441749
8810452
8634096
8545467
8569323
8819740
8777650
8698589
8591635
8775506
8569302
8546349
8686075
8728466
8784462
8582197
8866018
8892769
8737122
8837705
8726863
8765116
8874054
8739637
8794331
8943335
8689181
8710091
8570605
8879875
8807446
8864445
9069376
8989624
9109993
8867110
8927545
8946041
9067432
8933026
8880436
9023759
8797097
8977540
9029179
8853735
8722344
8954978
8930501
9071350
9032446
8972671
8884303
8901816
9109633
8957132
8954818
8808839
8799592
9214703
8897278
9071860
8977050
9062724
9014291
9141985
8998010
9027606
9132125
9120744
9027266
9188633
9198562
8998050
9020663
9202270
9204453
9135482
9183604
9325785
9005795
9123048
9234521
9208641
9249249
9519875
9181089
9235403
9173574
9243117
9210615
9250161
9415616
9507130
9277392
9259508
9227427
9410697
9104564
9049328
9282192
9046632
9279928
9556415
9055680
9554140
9345814
9350793
9395348
9487444
9214923
9102990
9184285
9200656
9441165
9367354
9590781
9380900
9419483
9331676
9560653
9478036
9144940
9413582
9416127
9591912
9331767
9489998
9475130
9481332
9798828
9514545
9344471
9516028
9438360
9780302
9738242
9386791
9676403
9607191
9613183
9809628
9721069
9621549
9640556
9672166
9651436
9643030
9519154
9532258
9799007
9705268
9680001
9543220
9879812
9818725
10087427
9692194
9967840
9843051
10134437
9927182
10070225
9815849
10085323
9805740
10270416
10354938
10090744
10073551
10232094
10352844
10031952
10275426
10068111
10358845
10225240
10054334
10184573
10233727
9890472
9845546
9816641
10150148
10087828
9959824
9975574
10034807
9815719
10097276
10205994
9785061
9620076
10050888
9999710
10073662
10285054
10228998
10413169
10345970
9907765
10235981
9855044
10118326
9958732
9950316
9981746
10143455
10207306
10081987
9942111
10454969
10178341
10096275
10219499
10307007
10288191
10365187
10218688
10369745
10111704
10140659
10237714
10167611
10520543
10425883
10373413
9994941
10538708
10509002
10438237
10370037
10436002
10466982
10486338
10568285
10418228
10906560
10795608
10657194
10498752
10252412
10303450
10383712
10637516
10424250
10514683
10493763
10554258
10683444
10774878
10530532
10297508
10384734
10093840
10778255
10686811
10475207
10625784
10644370
10672684
10574607
10418559
10735634
10564698
10792893
10663977
10524301
10640262
10727739
10741455
10826868
10660591
10604704
10756593
10588694
11491144
12463459
14390593
15855779
11136328
11595453
11647172
10930144
12192942
11167337
10520403
10917481
10776942
11068238
11167157
10765190
11323826
10901220
10903734
11800655
11199999
11120749
11170353
10927129
11078327
11019094
11047519
10957377
10911760
10912992
10745502
10880731
10773526
11039713
10849922
11256287
10889788
10724763
10977656
10755562
10720054
10702039
11241749
10744120
11034554
10678846
10993866
10936045
10937709
11044633
11805344
11074430
10816728
10723902
11094148
10880831
10918252
11199409
10942809
11081033
10972446
11069921
11172056
11009746
10853168
11136628
11260134
11191634
11117112
10877304
11216331
10951645
11007852
11026469
11193597
11277848
11437182
11235828
11248843
11465125
11452801
11672891
11716054
11743506
11541501
11713248
11783973
11680115
11557912
11875207
12087161
11896788
12197642
11872822
12387985
11381967
11743826
11544837
11244033
11501734
11260054
11601766
11505341
11993071
11598941
11660237
12636329
12425125
11401213
11515721
11712747
11816825
11439025
11467820
11528085
11484993
11508848
11508317
11319848
11351708
11345396
11587889
11412355
11472980
11490804
11504380
11234796
11546600
11912418
11518446
11580275
11510301
11447722
11407065
11460075
11323755
11713759
11537052
11782019
11708610
12039370
11864036
12277735
11810213
11935101
11969878
11633466
12130494
11977021
12237428
12566425
12569541
12667708
12431548
12656247
12580822
12299587
12338821
12212190
12790162
12755696
12546477
12706212
12377615
13005132
12715430
13115592
13300125
14357541
13332065
13182280
12501712
12891525
12598266
12449973
12380901
11927196
12018971
12267505
12189165
11969536
12029491
11980327
12016076
11952113
12192392
12080468
12176611
11841503
12300638
12070790
11906417
12028799
11868694
12030153
12102861
12158247
12096750
11909312
12484519
12177604
12208282
12208743
12122549
12131295
12395790
12220115
12282734
11986259
12163577
12151784
12187753
12108402
12144892
12231496
12001308
12035353
12478748
12207811
12067924
12045942
12005145
12172504
12392303
12248419
12129331
12244591
12143759
12200117
12571645
12327039
12425787
12159760
12501291
12491462
12535135
12679661
12536428
12418212
12529154
12396361
12609037
12372385
12433191
12545425
12723975
12531629
12482655
12485832
12471444
12550054
12501201
12401340
12575854
12370472
12445675
12554182
12537580
12432449
12312721
12582916
12351015
12248590
12585792
12727773
12519135
12575383
12338581
12507292
12578508
12521319
12822944
12617523
12672247
12382144
12731049
12989402
12748854
12974363
12995544
12914790
12885373
12987498
12818877
12542230
12763751
12617954
12910922
12781956
12689450
12863902
12914519
13094382
13454189
13182871
13046951
13315854
13063543
13002557
13144598
13618802
14056376
13803515
13803495
14067017
13850074
13780921
13651514
14092475
13949743
13928904
14063981
14118385
13925587
14161688
13630374
13276108
13635394
13137134
13353947
13168413
13008849
13167722
13030640
13195916
13004000
13136773
13100865
13294083
13105763
13386930
13142403
13280948
13423059
13375679
13095214
13174364
12697736
13140550
13408040
13151652
13184113
13267092
13447025
13426346
13280246
13480719
13160849
12785924
13287500
12827623
13138827
13401899
13309903
13295877
12757599
13680691
13212187
13223729
13494455
13535594
13155809
13426335
13329681
13541325
13124138
13215784
13219962
13101065
13574889
13613533
13734443
13586450
13578555
13400146
13577534
13359017
13395817
13658427
13577674
13645303
13950766
13569818
13631948
13240821
13626717
13546334
13361451
13610526
13499204
13511077
13549660
13755332
14020920
13723953
13457745
13920849
13840044
13680610
13547816
13929074
13770852
14021891
13796741
13732219
13698023
13548508
13621157
14084641
13479657
13923754
13881253
13913374
13750633
13945645
13604355
13795129
13822871
13659400
13762215
13768537
13663898
14465157
13933884
13851687
14062849
13764570
14011812
14066345
14115469
13885742
13931709
13755753
13860694
13916049
14314879
13911790
13976214
13984961
13968189
13961195
13972747
13923563
14330399
14069342
14007233
14214809
14073960
13979349
14160235
14174722
14023985
14086374
14185182
14307807
14594714
14254124
14643517
14874237
14499151
14629519
14830022
14715374
14709062
14245688
17927269
17618731
19737801
14148622
14778784
14439889
14383440
14461039
14709202
14740110
14453544
14474524
14707819
14518819
14789184
14721735
14606816
14789054
14983274
14948468
14999947
15068447
14931165
15084768
14901990
15004434
14775628
14641022
15220727
14978005
15009083
14930474
14854689
14781921
14893143
14932247
14900226
14735592
15411912
15108323
15017229
15178758
15023140
14750651
14966171
15192603
15111008
14944290
14730121
14971431
14702799
14811857
15325838
14976231
14992311
15169049
14877492
15109856
14870659
15161193
14742576
15162156
14864238
14746793
15053298
15029393
15062545
14717237
14870680
15153710
15239402
15214024
15306722
15313915
15063808
15749195
15842143
15805813
16052334
15494299
16126725
15674563
16018880
15778471
16146072
15580753
15608908
16378705
16054888
16775993
16254248
16161351
16184365
15982611
16671554
16783317
16364839
16604947
16280388
16621659
16720638
16393434
16710458
15349523
15262837
15456216
15818488
15635368
15309496
15551709
15720521
15525558
15670515
15457529
15488778
15503547
15174850
15352759
15434455
15136577
15849496
15883742
15962512
15761558
15974004
15927595
15655677
15769754
16093522
15936863
16071360
15840840
15946071
15685704
15697166
16076840
15535468
17537094
15935681
15528945
15771077
15942624
16324953
16273606
16956417
16493034
16943713
16298663
16882265
16201678
16837731
16653650
17236141
16316356
16525426
16261773
16016595
16343839
15947794
15896756
17267591
15874905
16191679
16455843
16626628
16698996
16661585
16568257
16553289
16749082
17845704
15987019
15983471
17022333
17133906
16805760
17410864
16779670
16933805
16398634
16530526
17353505
16799729
17027703
16977778
16887786
16984721
17074854
16756095
16865604
17110902
16879000
16800531
17268843
16570372
17036039
16692123
16833513
16435023
16687324
16570552
17185263
16961287
16969172
16625366
17553797
17068140
16643351
16961998
16410787
16515797
17221373
16961036
16616990
16654402
16728513
16624655
16715227
17005430
16997045
16511690
16700570
16971046
16756015
16889570
16860675
16909198
17004980
17278973
16835297
16771314
17039776
16871265
17018957
17076697
16773138
17068621
17163092
16856707
16990953
16970454
17209160
17435811
17330431
17226883
17295074
17246661
16662096
17209269
17150808
17132844
17115962
17390715
17263844
17622438
17819433
17218257
17448346
17169864
17638969
17539129
17497720
17526675
17736776
17853669
17631234
17727979
18222301
17610735
18815122
18133182
17471780
18915293
16945126
17342925
17425963
17510925
17584235
17841756
17016522
17571580
17410163
17516746
18002984
17445049
17789636
17791440
17697711
17619522
17189232
17761012
17362252
17725845
17905347
17425151
17787092
17602851
17507528
17759869
17444067
17624672
17813653
17960101
17159325
17771382
17557725
17736005
17518930
17539169
17543377
17861734
17099400
17087537
17170756
19131896
18086693
17508671
18045435
17718862
17649179
18320839
17640763
17542625
17904987
18164722
17951626
18185722
17888826
18246377
18235446
17783986
17798273
18070432
18116440
18174902
18057317
17931527
17852386
18122862
17989438
18403287
17734661
17794075
17939772
18008704
18650618
18869095
19660194
19101939
19374259
18842074
18701626
18317764
18814251
18569154
18286464
18904833
18919161
18395882
19602313
18956091
18189549
17847146
18186744
18445858
17939553
18431361
18035115
18661550
18471087
19008772
18451058
18600283
18116279
18239023
18004166
17641043
17589745
18013593
18007312
18250074
18219015
17705245
17751884
17628981
18728908
18814871
18246448
18490994
18482548
18328183
18490793
18807748
19357366
19520007
18127340
18460927
19496351
18834770
19470502
19382895
18968485
19104273
18852083
18929209
18861571
18958456
18831083
18944459
19118440
18900455
19206760
19310647
19933144
19026826
19233941
19398314
19157274
19216718
19042136
18635059
19459231
19738042
18698370
18700764
18438674
19176652
19082252
18818499
19698547
19072563
19184937
18714290
18862263
18788581
19207661
19036274
19059328
19164809
18591917
19178075
19283606
18765688
19476944
19331787
19361083
19218502
19093363
19405649
18763574
19099425
19149590
19421148
18972432
19505589
19259089
19406260
19039841
19480531
19317219
19129311
19115165
19398284
19329042
19305007
19566766
19397553
19822383
19021817
19718445
19406009
19295598
19444292
18920113
19226787
19269819
19430506
19008030
19240283
19760385
19767980
19442990
19418442
19545796
19628834
19667958
19344892
19712284
19261443
19774071
19873891
19509036
19487524
19759673
19404316
19406059
19928586
19272584
19267776
19534064
19641418
20042713
19823916
20028175
19730197
20262282
20372823
19610339
19687255
19871687
19955097
19605340
20054395
20175747
19858272
19742821
19558680
19642070
19767438
19696222
19716441
19655735
19671315
20040028
19868391
20032925
19919168
19721430
20283212
20205433
20157323
20178883
19925921
20271220
19993429
19564902
19910852
20141913
20252935
19962690
20341844
19752761
20204271
19833594
20467032
19787547
19937824
19958813
20049656
20207347
20636295
19620699
20048444
19771026
19935679
20134248
20055308
19953664
20441534
20405615
20366130
20497360
20500075
20149867
20389024
19709758
20387551
19901273
20003398
20261902
19769132
20316035
20486560
20447195
20206727
20496048
20023316
20071869
20430413
20402850
20611688
20547596
20407459
20385216
20378805
21882883
19836911
20212917
20044597
20302239
20553417
20544089
20996301
20345561
20500246
20645383
20387481
20916891
20380347
20365028
20808604
20470900
21325971
20690970
20701600
20807171
20595728
20393382
20991563
20582323
20897334
20412148
20218689
20861354
20820447
20787204
20540753
20971455
20805779
20283352
20442285
20753990
21369684
20398962
20936538
20396939
20797252
20975081
21003405
20807552
21154083
20754901
21051818
20791211
20837670
20463686
