100
80
220
271
331
561
401
761
701
1172
1242
1512
1342
1974
1944
2254
2956
2395
2995
3026
3817
4389
3627
4549
3947
4209
5020
5842
5401
6923
6523
7574
7264
7996
8226
9188
8206
9969
10369
9307
12273
13105
12504
12423
12164
14257
15490
7304
7464
7955
8356
9688
9047
10089
9959
9919
10691
9108
10560
11883
12824
11351
12033
12323
13265
13736
12424
15109
12684
15048
15670
18645
16662
18605
15710
18556
17473
21161
20079
20089
19688
21090
21681
19928
22382
22843
23154
24958
24036
23264
29606
27863
26450
25459
26660
26711
28855
27773
28204
29997
30348
32642
32191
33314
33795
31811
33894
34796
34606
37302
34747
36599
36048
36599
36620
41629
38143
37652
37271
36690
39736
39836
41899
40908
39736
40978
44785
41169
44905
40417
44935
42261
44124
44575
50105
45947
46809
47992
45126
47281
47069
49073
48713
46449
49825
51559
47901
52250
51979
59464
45267
52049
46479
41198
42912
43644
44395
45868
44325
45888
50015
47200
48312
49815
51257
50696
50135
51438
53873
63752
52219
58191
53292
52480
54494
50296
57760
57079
59173
55736
56728
60185
64874
58441
65435
59043
64924
60516
63361
64684
60936
66907
63130
64974
68771
67689
67689
80794
68831
74402
68160
71346
70033
72558
78149
76375
76135
80733
83038
149244
155085
162199
165656
184923
263472
253814
244987
95211
92737
83108
86024
84882
86024
88529
88970
83019
90383
89821
94921
91073
86435
96524
138384
93649
93418
94961
101283
108006
100953
102546
103768
102044
99610
97466
93578
112504
101504
108197
101233
111282
107024
103668
107986
114429
116462
113387
106453
114448
115811
106032
118867
122213
140969
112375
123786
121502
116051
123094
113777
125339
125219
122423
128324
120159
126993
127503
142492
135529
134546
130539
140728
131471
137272
135649
139867
141931
141811
136821
136280
131330
139526
142853
143153
146330
144266
146128
154455
143193
148012
156979
156429
151458
378081
313527
225760
157189
158803
157320
153403
167640
166468
160436
162911
161177
166688
158853
175945
162029
172399
168020
168291
178650
170906
176677
174913
165075
194200
180254
177869
177879
181696
187508
180114
186305
185224
181587
190834
186455
183731
190052
188379
194941
190454
192036
192107
197477
212535
193479
192778
195052
201164
191014
210973
190192
205031
209720
207957
204621
212545
217785
215020
212846
214950
206304
236832
214058
219970
206163
227744
230710
230770
225379
232363
235278
232143
226843
246540
238836
220831
228075
241821
248403
232213
239807
235710
249135
246160
235820
245709
241200
251019
248403
250077
246029
256469
256590
254706
250738
253804
251731
254756
254746
256840
258203
257210
257982
282949
268021
264635
274975
275055
278271
261949
278211
281246
296926
284502
286386
292898
275054
282569
278631
295984
310552
289382
287990
308007
293640
304460
312315
286766
293279
307867
311995
306655
314169
298830
299782
326643
313498
296445
319719
303519
304681
330490
300343
327906
311003
341831
322315
323176
324639
336572
328386
324389
330741
340760
335319
336953
337554
328537
340870
350188
336181
344036
346872
351020
355228
359375
372219
354366
351069
359365
352122
353644
382049
370417
372159
366789
371278
362811
366890
400244
368002
376318
368202
379283
367321
375566
378341
387629
373903
398239
382670
390454
428146
416294
518589
397698
403008
395404
386758
392007
421654
407327
406605
404963
411725
428617
408238
406695
396677
411464
422736
423617
419651
415222
424269
423297
426714
426784
473773
450990
423137
438256
440219
420321
459075
450539
437083
468864
452713
445630
460778
453365
424920
458765
453795
448335
471539
464676
469906
458053
510704
503761
474965
524259
493201
468583
495615
481358
487179
459025
500274
500123
486358
488982
490866
489363
498831
504652
537836
510053
490045
487960
494614
517086
490426
506566
524601
503430
500344
522877
520542
507007
549327
541442
537916
550389
517888
513369
544438
512086
526755
528237
521234
550691
532555
545741
548456
545400
577541
562263
570067
549548
518268
556290
545861
570628
565709
576409
522005
560670
554037
571750
558475
579575
591979
569707
606467
577923
579715
567292
629430
590166
590947
579485
580337
624451
613320
579245
597159
607729
596908
585827
593822
603330
641283
606727
618970
624431
631855
634680
621605
639029
640913
642855
666591
632236
621485
650851
635602
639199
651262
643928
655641
649438
652244
645080
653837
640011
682291
666882
652274
654178
654839
683364
658877
684606
662433
664547
686840
684305
710846
670288
692851
692010
683433
662113
668445
688292
711477
681961
702509
672202
719231
663476
732967
700516
716607
710726
725564
732266
738979
712128
698202
720404
795316
714944
752715
756162
718370
746904
735312
763366
743538
763105
751764
776200
759589
739891
772333
751062
765640
808291
763456
752976
785798
770830
804454
784235
807289
896710
782432
791920
787572
842466
788794
784807
770730
1307693
1052957
807159
810105
806929
799305
802159
833379
767323
818621
846384
1156826
856533
810496
850562
812931
841184
860882
856132
815926
851674
858818
853177
848128
844209
915846
858738
840232
862064
865731
846454
1022841
864559
927369
899245
884877
880348
907791
876271
898303
876391
888685
1056405
905417
921658
967284
880109
903342
946875
909134
898584
928581
928110
966553
1092443
933049
974970
929403
953478
934482
996410
938811
944291
981642
955402
1128131
975620
987353
980429
964710
963708
964279
981502
974859
996471
989086
1163759
962375
1048008
981672
983846
1037829
988075
1010286
982374
1002993
1157878
1035825
1082915
962045
1018492
998294
1072014
1009866
1023552
1030606
1031587
1168177
1014424
1135927
1071453
978386
1014805
1068378
1038250
1050794
1252158
1099477
1056144
1107031
1071133
1094597
1113684
1073046
1083175
1072795
1311090
1047848
1134092
1097202
1130165
1136857
1156125
1094818
1056735
1308275
1070220
1156356
1094978
1094106
1121549
1219446
1146486
1121328
1124304
1105659
1119595
1169190
1149201
1162447
1190099
1205539
1165392
1163439
1177746
1179079
1209597
1148279
1168649
1132489
1160874
1121088
1195239
1198806
1208163
1281193
1181634
1189188
1245936
1230015
1198506
1181803
1217482
1202293
1264942
1228833
1218654
1221940
1212351
1249082
1245866
1230195
1178057
1283809
1247970
1243562
1257357
1257768
1250946
1267357
1262908
1292765
1296573
1234554
1263950
1303496
1281413
1299088
1263739
1322933
1361667
1221249
1305619
1337310
1355455
1321189
1295621
1279470
1336458
1306000
1323424
1331098
1330367
1340206
1306251
1356657
1359062
1324616
1328203
1390803
1333843
1293858
1313675
1525439
1391944
1361195
1347680
1363560
1380322
1393698
1534116
1337000
1395722
1393156
1371596
1411371
1382607
1393557
1490622
1420600
1437491
1395571
1427783
1447961
1423725
1403366
1418756
1394729
1401983
1402805
1421821
1440627
1491815
1468551
1422101
1440628
1420779
1479651
1481145
1439194
1435607
1463642
1505711
1459232
1467779
1461938
1480443
1500251
1525429
1475314
1453512
1467528
1525439
1489982
1529005
1516462
1523384
1445156
1548443
1519047
1552421
1507314
1569804
1533414
1578420
1539345
1561978
1525659
1559224
1564253
1572148
1518135
1552360
1623576
1607756
1585804
1543364
1652552
1546168
1515851
1623776
1635098
1558462
1607055
1618195
1599140
1583730
1620279
1588329
1627183
1610081
1722705
1653293
1633786
1594370
1625179
1561507
1667570
1653403
1664925
1710352
1620741
1634076
1687097
1730650
1766338
1643394
1615190
1652962
1682509
1744817
1665917
1642762
1744828
1684392
1649235
1718757
1720321
1693259
1678220
1699551
1659665
1768583
1756089
1739246
1718678
1776468
1728286
1718597
1828567
1708237
1754516
1750658
1755387
1748133
1820361
1711294
1757471
1735790
1761018
1753574
1758413
1814680
1794031
1854457
1770616
1822064
1897218
1866660
1832044
1831823
1797387
1800734
1882830
1870478
1854897
1841823
1822295
1879434
1889924
1876889
1832374
1832053
1894042
1867692
1944919
1916234
2100255
1938587
2288454
2653219
3616868
2920198
2633813
2106958
2158145
2136956
2324783
1958464
1969195
2011506
2019641
1922286
2021405
1872682
2465602
2373907
2019331
2720799
2414725
2218530
2367184
2025412
2718154
2001337
1964606
1935010
1842604
1908089
1961700
1990706
2169717
2068033
1927886
1958695
2014371
1968394
2022938
2168535
2208431
2069987
1925923
1913740
2053456
1949478
2042024
2059418
1949307
1985206
1981158
2070178
1970367
2151293
2127988
2661836
2007819
2438641
2213621
2063986
2053567
2112227
2209574
2477755
2604236
2061481
2007668
2206738
2350492
2228590
3371519
2482434
2071340
2181139
2063495
2147224
2143859
2207991
2119632
2050961
2150180
2574720
2339522
2117598
2129601
2283805
2232066
2186309
2168906
2199494
2257795
2175138
2165159
2234171
2141504
2344090
2202680
2266642
2211978
2180999
2296530
2225754
2229282
2268887
2230093
2230443
2239551
2234501
2282282
2253828
2262986
2201078
2277593
2226667
2393645
2275299
2308883
2282583
2244971
2305627
2230394
2285839
2345573
2264188
2296760
2282132
2418222
2369900
2289195
2327459
2348198
2251714
2264579
2418502
2328861
2379067
2303623
2401410
2329793
2307921
2271752
2313542
2307320
2358268
2374218
2359971
2341085
2512982
2337458
2408784
2293995
2456164
2373857
2351044
2491802
2362405
2450473
2418912
2416047
2462135
2596331
2415396
2439322
2474299
2509425
2413813
2416168
2441566
2451044
2466253
2432849
2474308
2506480
2401930
2482053
2458108
2493175
2528822
2617061
2479328
2460171
2484007
2544382
2466754
2444672
2495128
2564370
2487654
2552096
2523132
2551936
2614996
2550283
2623022
2472225
2621479
2502452
2577255
2560112
2567366
2648330
2510578
2550304
2575562
2506841
2674831
2577125
2591101
2751116
2609757
2498655
2723874
2716490
2662587
2641488
2769281
2677215
2657998
2681364
2673608
2687896
2702294
2644903
2751567
2708195
2588295
2628963
2651877
2748672
2731249
2674169
2673368
2741298
2719637
2680482
2714115
2782295
2614737
2629645
2840647
2799789
2713485
2734975
2753651
2682656
2808124
2921992
2824386
2683918
2782667
2779931
2783177
2771335
2834235
2737460
2839745
2853181
2776515
2814818
2924447
2832411
2847039
2807994
2860374
2839885
2843703
2890191
2937592
2748301
2864062
2923555
2829656
2864232
2882056
2858471
2912915
2824716
2879411
2897946
2896333
2916893
2882908
2928635
2946379
2940968
2970976
2960475
2931750
3011162
3032312
2901353
2981044
3567604
2940978
3014589
2966417
3159636
2834596
3071487
3052811
3047322
2941780
2935518
3077349
2944936
3274856
2934055
3064504
2968721
2945578
3139738
3173561
3309171
2976145
3173803
2984902
3153874
3035578
3282279
3316805
3093849
3048794
3143485
3026551
3107607
3012104
3045919
3092377
2982969
3246120
3124639
3198099
3056880
3196646
3010711
3039667
3018225
3056459
3160257
3094652
3207888
3090835
3198029
3146791
3141400
3147112
3140779
3075586
3216985
3210603
3149606
3213538
3146360
3110141
3102497
3193921
3189432
3250108
3112926
3198850
3201385
3202006
3228597
3295664
3380166
3169915
3272050
3179423
3166097
3186747
3311244
3226062
3337264
3287469
3346050
3190494
3346411
3400665
3287099
3275907
3442234
3413460
3412598
3249927
3433257
3350860
3317817
3371740
3363904
3292940
3323689
3316524
3438246
3272030
3344037
3358625
3490306
3418098
3486068
3362812
3490546
3411325
3445751
3324509
3462583
3442024
3487080
3382170
3457142
3385095
3558587
3366049
3406936
3503010
3443887
3467483
3682332
3431564
3573985
3482321
3575188
3415994
3537686
3576320
3455941
3605195
3520063
3513319
3492069
3544590
3520303
3685679
3580718
3526555
3545612
3617538
3533748
3697902
3470007
3722619
3595646
3590838
3500836
3696078
3452453
3639931
3626115
3571882
3559247
3569517
3543527
3657084
3643458
3487130
3674377
3601107
3683154
3647826
3758407
3575368
3763186
3619793
3742456
3759379
3637377
3769949
3653788
3748148
3572041
3731506
3642716
3765781
3651693
3822770
3741746
3681411
3723080
3645782
3794456
3580387
3856675
3781642
3745312
3768086
3711898
3605365
3771242
3684436
3767805
3659809
3816789
3807531
3763768
3762595
3669818
3722849
3821227
3770490
3764408
3819955
3787162
3848489
3765300
3766032
3776822
3747517
3795078
3896570
3817029
3880260
3878045
3868607
3850363
3905478
3847818
3807030
3841495
3869058
3860241
3837759
3888666
3832579
3861384
4009626
3921177
4040455
3970502
4135637
3999597
4025567
4220990
4052287
4110649
4190771
4078748
4191353
4184079
4147459
4236569
4036367
4178529
4172086
4044673
4053199
4146106
4115398
4107453
4054903
3931968
3988707
4100740
4064802
4083578
4208545
4325769
4049262
4209027
4311853
4172718
4071955
4065753
4123935
4130747
4179060
4172096
4076914
4049051
4211601
4074520
4069741
4125637
4040665
4107113
4033462
4582880
4724910
4192474
4717686
4870759
4168348
4220879
4221560
4189058
4297055
4156326
4388970
4238272
4229636
4273058
4304719
4338233
4486075
4316712
4286474
4339064
4604331
4305801
4463642
4378580
4431932
4434487
4565396
4788893
4417955
4537092
4657742
4630560
4515431
4556799
5560594
4377638
4541470
4504871
4604681
4425409
4497396
4648204
4556389
4675025
4909503
4824450
4388428
4308166
4869165
4403998
4578491
4564845
4862833
4988823
4391664
4782219
4476647
4702889
4488669
4464463
4653053
4365856
4699872
4446961
4479712
4614139
4445487
4768073
4605873
4725772
4715973
4534587
4667832
4602176
4732384
4502055
4636602
4590634
4619419
4503288
4690184
4660778
4618778
4502547
4541019
4771008
4555768
4629649
4597588
4648244
4609601
4761720
4699963
4613548
4718848
4615732
4599471
4723217
4780897
4616865
4743816
4868714
4607106
4811815
4824350
4773563
4682830
4812087
4741482
4597267
4680315
4894072
4830993
4914953
4815413
4835060
4850811
4868914
4919000
4853596
4772652
4799352
4883763
4860980
4748756
4871901
4828387
5016536
4843757
4765467
4901547
4974617
4989305
4980708
4848877
4990236
4765718
4863204
4910174
4986129
4993753
4989265
4846943
4995908
4844207
4919041
4996558
4959848
4858896
4990006
5004724
4967102
5029631
5046413
5011577
4973204
5038829
5044680
5002830
4940972
5215586
5190027
5249340
5081360
5197652
5110977
5075589
4984205
5052315
5151494
5131776
5112941
5011197
5078815
5012048
5055501
5047806
5140012
5020474
5079146
5292853
5030253
4933127
5046844
5216919
5116306
5161012
5248138
5168346
5094245
5118331
5116156
5107390
5148287
5125945
5169678
5178245
5236606
5352167
5048898
5240965
5145893
5296781
5241285
5172664
5069407
5233871
5142686
5291591
5209194
5326988
5256684
5326357
5385339
5080268
5309675
5233790
5292482
5366724
5268116
5337910
5243629
5282143
5360492
5148578
5551226
5404467
5350493
5443271
5354782
5490530
5449843
5378516
5496361
5515478
5501452
5668901
5557558
5378577
5381592
5402542
5466815
5222179
5303274
5525507
5442529
5506371
5393615
5455945
5459772
5502644
5543351
5645426
5574020
5559763
5573509
5427800
5516951
5645927
5586113
5434283
5622632
5719867
5521039
5586895
5516139
5459842
5574209
5593025
5632541
5503525
5694349
5520747
5419265
5589960
5515297
5578718
5695602
5598807
5696634
5485471
5634895
5544273
5623795
5748933
5670554
5610660
5727432
5630457
5662578
5685502
5584680
5721521
5630667
5664693
5613585
5765865
5720749
5771607
5747761
5839165
5680162
5789060
5640797
5719296
5844385
5780583
5777889
5701022
5875314
5820489
5820750
6002146
5824297
5802184
5775403
5817604
5828054
5844125
5789129
5827783
5837512
5915922
5880373
5865375
6017174
5826982
5995573
5848934
5962560
5829586
5901454
5790342
5957971
5882618
5974172
5897607
5888960
5893449
6027234
5994050
5900242
5934998
6177741
6184344
5917064
6016443
5976227
6135060
6049085
6020451
6127104
6011714
5961689
6093550
6196427
6100093
6108078
6152142
6211304
6035640
6083140
6119470
5981446
6120992
6271699
5877538
6209952
6098510
6242284
6174956
6119219
6190756
6246011
6139618
6147032
6130120
6132435
6199713
6327627
6213359
6317117
6164065
6184845
6058443
6377823
6302539
6202729
6356171
6219721
6209471
6407308
6278874
6395997
6314592
6350440
6368485
6382421
6349418
6373795
6448136
6401858
7523708
6393602
6540873
6196196
6333809
6490888
6344760
6486450
6362393
6450771
6398151
6301407
6538789
6476351
6426766
6597842
6781883
6564108
6425975
6518160
6493644
6531335
6432336
6487852
6366961
6463085
6470329
6561613
6483183
6716769
6511838
6657445
6541234
6378103
6556173
6682013
6539050
6718142
6561352
6909857
6544921
6666744
6660852
6606128
6663577
6786542
6608783
6670270
6817932
6706079
6728401
6659339
6726216
6640964
6571201
6636946
7846233
6637117
7665879
6858048
6896291
6875662
7774957
6917101
6928472
6519112
6926228
6969571
7255276
6749111
7048291
6901822
6977205
7203888
7172147
6712842
6997745
6802683
6948370
7236841
6923353
7129335
7071956
6884048
7060975
7228725
7000259
6984189
7041708
7057238
7372509
7236449
6920277
7127943
6966986
6919826
7413307
7051587
7183850
7106702
7280273
7078449
7104017
7261748
7080933
7141669
7044103
7384692
7161707
7281375
7144063
7126540
7102304
7359444
7207996
7097285
7030417
7106271
7270945
7357150
7367470
7220189
7203737
7222694
7403478
7404540
7118625
7244455
7192275
7397768
7320370
7476608
7379783
7132632
7478381
7742935
7335939
7412625
7288068
7396164
7472219
7448514
7539268
7725011
7627596
7519650
7728959
7489583
7448965
7622987
7618148
7529759
7556790
7297747
7412486
7480916
7838608
7724179
7473612
7511013
7523788
7833448
7567651
7573193
7656471
7582159
7547723
7728479
7442252
7691368
7644558
7734960
7530731
7722296
7661982
7560187
7507226
7591617
7757133
7787200
7611646
7570958
7726464
7965039
7755920
7803471
7771210
7590575
7647003
8026256
7656882
7870629
7782331
8138380
7890647
7739188
7763004
7811336
7724350
7910264
7774646
7712788
7920535
7781038
7964538
7807308
7835702
7840372
8162355
7574043
7902350
7939169
7953677
7751703
8070751
7890196
7754227
7779826
8365343
7938779
8016017
7916687
8104395
8062485
8341768
7953497
7920504
7950321
8151215
7977112
8059579
8157717
7820614
8011017
7976000
8349141
8164980
7959889
8119283
8379570
8098194
7978505
7709031
8069098
8260853
8021878
8117870
8303775
8044881
8080860
7986140
8190630
8330085
8012430
8031866
8001318
8106068
7972243
8170801
8414206
8325877
8089256
8293937
8346096
8390491
8328101
8269980
8327892
8307943
8383126
8337068
8500089
8793679
8595191
8132910
8357838
8691144
8652079
9310736
8185410
8105808
8130214
8331298
8013843
7858546
8171322
8172545
8163268
8230095
8122659
8287113
8487916
8150813
7964908
8311219
8124313
8270893
8161674
8452619
8137538
8266154
8258328
8468699
8339954
8492264
8429094
8305939
8341748
8452969
8491113
8310328
8384008
8395760
8455775
8285560
8409406
8386232
8321068
8342740
8055862
8366895
8500941
8387615
8487665
8483227
8549343
8495912
8584921
8339553
8404658
8516611
8533644
8394618
8806073
8606232
8498828
8368097
8572919
8488146
8625539
8731922
8529867
8470743
8663792
8804600
8734156
8761468
8613005
8564763
8525828
8534746
8529365
8667128
8680494
8621320
8661227
8494068
8683610
8620319
8738204
8759685
8892147
8643433
8906765
8926813
8615530
8912957
8854285
8863373
8846170
8946551
8759183
9022556
8885495
8876677
8895754
8819289
9028928
8980124
9000794
8769493
8986047
8846149
8812546
8981107
8744576
8915963
8897898
9031553
9135030
8874754
9110083
8853473
8865877
8802025
8902387
9073183
9181619
8816092
8929448
8899181
8804991
9046211
9112667
8757290
8995895
9000624
8963964
8969274
9041882
9028468
9068443
8915301
9073373
9198983
9117517
9079134
9150841
9019330
9137535
9143917
9125913
9450482
8996977
9103470
9167933
9153826
9406077
9282101
9334651
9029519
9204854
9073714
9279326
9349188
9247335
9376400
9308572
9058805
9453467
9273354
9528230
9263996
9303823
9402360
9327607
9191218
9311297
9229059
9322779
9402230
9528160
9417820
9390638
9488584
9282251
9428921
9329101
9325063
9739202
9980232
9624955
10051318
9735936
9756977
9977577
9614685
9868639
9945576
9912744
10195914
9751215
9847900
9926008
9850786
9903315
9988157
9971386
10108577
9999850
10202005
10271768
10022242
9836879
10179362
10462051
9770322
10342603
10200031
10842927
9836268
10055065
10421644
9843180
10347993
9871214
9968370
10528648
9918695
10340689
9891824
10199451
10432795
10080864
10271567
10067929
10415773
10002153
10432595
10261058
10230600
10367030
10225800
10577241
10350598
10561771
10449628
10657864
10400393
10523919
10358404
10277769
10465157
10191946
10724312
10209500
10763286
10188720
10788674
10455478
10547214
10429790
10770750
10643247
10844671
10706527
10753828
10331282
10287909
10123716
10206834
10419390
10221382
10586107
10573904
10496627
10494352
10177068
10251650
10307877
10343165
10459426
10644770
10425942
10525382
10400534
10486848
10400012
10385304
10219469
10387378
10525221
10659428
10490926
10544318
10609161
10422626
10857896
10461129
10509211
10542284
10582631
10359576
10624411
10575818
10590296
10591999
10463725
10478673
10219017
10238214
10150718
10496707
10257150
10444297
10341882
10472070
10380265
10425321
10658376
10298158
10312986
10405724
10282969
10398780
10412747
10377770
10489543
10376819
10341071
10609803
10517276
10508830
10578363
10413539
10561180
10451962
10638928
10509411
10684105
10607418
10384133
10696208
10551311
10533447
10537605
10717889
10762995
10472300
10750851
10606066
10954129
10859900
10616185
10839080
10843568
10678273
10529059
10927198
10676590
10771982
10648636
10889015
10660529
10946655
10906419
10854890
10664658
11140064
10874127
10806859
10708701
10837717
10699354
10796439
10821907
10942598
11064369
10809865
10873506
10964729
10891991
10694936
11111840
11093054
10710505
11148810
10794125
11025506
10994417
10906899
11048619
10853978
11084017
11044933
11209917
11117391
11044953
10942357
10982573
11190571
11263269
11037709
11210438
10986681
11075832
10944251
11207884
11143320
11236077
10944641
11228443
11316080
11528995
11200409
11412082
11164180
11257828
11201721
11103194
11098474
11416401
11316461
11406191
11369652
11843495
11236668
11533574
11301051
11424767
11365193
11424677
11350415
11772821
11405110
11459032
11556198
11407964
11317783
11390011
11336840
11285121
11213304
11296101
11337751
11341438
11473330
11301552
11260493
11331289
11330988
11569112
11695774
11450045
11439885
11467008
11633325
11555666
11674073
11542742
11639576
11556788
11823577
11621893
11511462
11533634
11602486
11522733
11810542
11499549
11702206
11544435
11720872
11570975
11724479
11706664
11682318
11853024
11844717
11656368
11877671
11682208
11630539
11601054
11947624
11878492
11674002
11858054
11707856
11830841
11721663
12029370
11896596
11967812
11704089
11971319
11860487
11797448
11782900
11814911
11625439
11936914
11961460
12024641
11942544
11770897
11908599
11989814
11941252
11900895
12174046
11924500
11959727
12058566
11984014
11710261
12045380
12051041
12179646
11897699
11955529
12049498
12169256
12060449
12111176
12313272
11920683
12237557
12104854
12188834
12018419
12098051
12053165
11893411
12365631
11935741
12114061
12256713
12116927
12378165
12305557
12126495
12201829
11957052
12147776
12471854
12276952
11990316
12453038
12230553
12121625
12364589
12504776
12316517
12499387
12501320
12582555
12368878
12504035
12589308
12434242
12616510
12433311
12552468
12516539
12344451
12459941
12539453
13118486
12885452
13214691
12635957
12428832
12877137
12826199
12502272
12634674
12624004
12888869
12412530
12205857
12689428
12554190
12560703
12538431
12454962
12598285
12831860
12497793
12920088
12808757
12546967
12708485
12659291
12862699
12812673
12711591
12598125
12866677
12535004
12472304
12676894
12775453
12707663
12583527
12583126
12853431
12544903
12820909
12402121
12711541
12674430
12721199
12627561
12831841
12671154
12999029
12662397
13005552
13113367
12751086
12934917
12926982
12809658
12862679
13225511
12895632
13041490
13088961
13032232
12997707
12921301
12866165
13232654
13132012
13243736
13159595
13097026
13197768
13073111
12773439
13076417
13109319
12852580
12947741
13118086
13187048
13216374
13244447
13189853
12967679
13157682
13217706
13189362
13120421
13356480
12991905
13347103
13221824
13516285
13313458
13094171
13225170
13164404
13369766
13232123
13228787
13015621
13366089
13124798
13414982
13518359
13486429
13390866
13265768
13311184
13417468
13469777
13529651
13458315
13791360
13266279
13598873
13538188
13480417
13421444
13434379
13257913
13607349
13380977
13398430
13395556
13153654
13703833
13581670
13406476
13524672
13320803
13899357
13808503
13819975
13859580
13558627
13605646
13672112
13569437
13685598
13819735
13887233
13383211
13899125
13455570
13710476
13896170
13731045
13778706
13527246
13490326
13813092
13613902
13646293
13566962
13973287
13817840
13692963
13587411
13883706
13841025
13368894
13857316
13988336
13912411
13929614
13773616
13806479
14134054
13768937
13898414
13838430
13906279
14179320
14083317
13811319
14208315
13914455
14123684
13985259
13784987
14085702
14030467
14204497
13860131
14195361
13908774
14053250
14066335
13993215
13943831
14086833
14396514
14396524
14532453
14214387
14336599
14569433
14309158
14523766
14497216
15127258
15043838
15047786
14753795
15055130
15285980
15142817
14814802
14980748
15274438
14769045
15084005
15025704
15203062
14891748
15289476
15139751
15191400
15195448
15171151
15327369
15355723
15070840
15082001
15562137
16036071
15567828
15388155
15681044
15527701
15482145
15379920
15269439
15463179
15568900
15824468
14631653
14649397
14805184
15024372
15039921
15417762
14751241
16489625
15052194
15130544
15325045
15253899
15661316
16407068
15547870
15121216
15581855
15389428
15268347
16046621
16067100
15402713
15749685
14545999
14992411
14869496
14971781
15430025
15441246
15410297
15267855
15630938
15804018
15173156
15937503
15449402
16249648
15307522
15154910
17398379
15733593
16507389
16778436
15865405
15490160
15969334
15885503
15909589
15823806
16235521
15897777
15834135
15739746
16341763
16222256
15851829
16114761
16010552
16415555
15703737
15960367
15941099
15885513
15784411
15600641
14970940
15257617
15367285
15198964
15241756
15089316
15081611
15076811
15870395
16097828
15696463
16200945
15887828
16804106
16653668
15899239
15502493
15541368
15621320
15823085
15473638
15544774
15722332
15887578
15958463
16179214
16107276
16150248
15633453
15726621
16144367
15590672
15586033
15451937
15502504
15513504
15405529
15634886
15876596
16408731
16110423
16337696
16355781
16248206
16143747
16434411
16372282
16404573
16096096
16150669
16168213
16371250
16394594
16169104
16457554
16102728
16083050
16218499
16450761
16126693
15909830
16060367
16483263
15744043
15897566
15619056
15560163
16013768
15690261
15656287
15834055
15896254
15823004
15760465
15961598
15992698
15911814
15897937
15684059
16062571
15822163
15978160
16127125
16101265
15894520
15978040
16072991
15780013
15781145
15706953
15892748
16099432
16219711
16015231
16019790
16017165
15974653
16275206
16114801
16122425
15829697
16696290
16464748
16427287
16280647
16687443
17052479
16740965
16578505
17066696
17135257
16857277
16830787
16442186
16890300
16746706
16807272
16912051
16821279
16674008
17447923
17614601
16694797
17480856
17000680
17240908
16493834
16806159
16791411
17304159
17102174
17814883
16437386
16372853
16325122
16000042
16589847
16203450
16613542
16464418
16803154
16357093
16361522
16506348
16363966
16423761
16437938
16590949
16511247
16697993
16553398
16943511
16605797
16382151
16397130
16599736
16836608
16630695
16781122
16916520
16532928
16323870
16775321
17109257
16743319
16655412
16653799
16604404
16734142
16485548
16860853
17083268
16966325
17021530
16422047
17248092
17074581
17036880
17272850
16928092
16861464
16699445
17246790
16866926
16908996
16878418
16548578
17023213
17264263
17365356
17402136
17362851
17450819
17293339
17440610
17225058
17176836
17095321
17201112
17501506
17677141
17582971
17333254
17718509
17783874
17249254
17617266
17760710
17803392
17365166
17543907
17195091
17036920
17402456
17288550
17319057
17350277
17346660
17277268
17142481
17096533
17518919
17141258
17201113
17464905
17519820
17101202
17143102
17566940
17467510
17063670
17393128
17499842
17408268
17462091
17572591
17666520
17763054
17545550
17790086
17753857
17627065
17569245
18240264
17201563
17579605
17397787
17598851
17712989
17351780
17575576
17834611
17538395
17636583
17801428
17595425
17828669
17701918
18062495
17735672
18172885
18099545
17797750
17700265
17967885
17580396
17707368
17701978
17623268
17857244
18112450
17621875
17886299
17712328
17706597
17668394
17911166
17632986
17836654
17984908
17902460
17916117
17640660
17910936
17923580
18037107
17782140
17724360
18302363
18042467
18160433
17913191
18366315
18075240
17767893
18154971
17790868
17943639
18072695
18407623
18165452
17997862
18213543
18047156
18068446
17919132
18284239
18002731
18214976
18103694
18073025
17965069
18181583
17913060
18410449
18003323
18733405
18134061
17846323
17985117
18130586
18015044
18232800
18624497
18162436
18198615
18590482
17991731
18318093
18483598
18495371
18607875
18452139
18702666
18341026
18455495
18608967
18663201
18744796
18575484
18668862
18579811
18700332
18328683
18896085
18347388
18311370
18459392
18466055
18309837
18706804
18348691
18755387
18792678
18670414
19082571
18565555
18732784
18423113
18661818
18659363
19004432
18732432
18806154
18958334
19206577
19056480
19054878
18930971
18776928
19018308
18632893
18747652
18790694
19159587
18879583
18440346
19059637
19053405
18735168
19052664
18699330
18904191
18958795
19032415
19106336
18798218
19108329
19213530
19235201
18932675
19084604
19274667
19169857
19292662
19319893
19090777
19125612
18961650
19251933
18866068
19271972
19052964
19117748
19700930
19042254
19103160
19430805
19089584
19450893
19524253
19253537
19408763
19366602
19343779
19164777
19358146
19690660
19334561
19338549
19398433
19597864
19341124
19490979
19185948
19477523
19950756
19789658
19151322
19264718
19475670
19299825
19397942
19726018
19508913
19554410
19429653
19604326
19466583
19971766
19160178
19188573
19461834
19386530
19955615
19723322
19925248
19833142
19626288
19654351
19738151
20289262
19666214
19492913
19409214
19683216
19411848
19872777
19716670
19627099
19912714
20017544
19548519
19785571
19776384
19970484
20004118
19789619
19926059
19572334
19876826
19844604
19764241
19768509
20129457
19725556
20058451
19919246
20120910
19816941
21444465
23672033
22963732
20127885
19785361
19814477
20240429
19932121
20462081
20033224
20522486
19711931
19946408
19976986
20003757
20287198
20359396
20422936
19913345
20350107
20237473
20352983
20330601
20111372
20459877
20301134
20437905
20702590
20316133
20466049
20558255
20532636
20321894
20252642
20497760
20288250
20291586
20247712
20375696
20440430
20135178
20400785
20493701
20247342
20579235
20539859
20356250
20388000
20617608
20777984
20358454
20503069
20425732
20290754
20725303
20501977
21082304
20702370
20844501
20914485
20432796
20605635
20932398
20859369
20734692
20357732
20359015
20943119
20558605
21108735
21054151
20578503
21043691
20583713
21264431
20782322
20963327
20986171
20765680
20810306
20833289
20916087
20792502
20931676
20957536
20719522
20393711
20994667
20631975
21343392
20628870
20968026
21221269
20971893
20890238
21222963
20915106
21104256
21314356
20807580
20950744
20893965
20774618
21394470
21411833
21253060
21682349
20936947
21069409
21144803
21719760
21527493
21290110
21419086
21395281
21135656
21073608
21362949
21257949
22851529
21052137
21894583
22188935
21923679
21772590
21960018
21899312
22362796
21782309
22857590
22746387
22035762
22425206
22106878
22137987
22081139
21988382
22833163
22111737
22036444
22411088
23019559
22449963
22876045
21910063
22556655
22204234
22456205
22118370
22865715
22491041
22875174
23121012
22551516
22865324
22463718
22924107
23026933
22322960
22618173
22432459
22544313
22196690
22731990
23432556
22373186
23328658
22828525
22820930
22621329
23171188
22085297
23200594
23292590
22859092
23283432
22545355
23079754
22756357
22720569
23554268
22887486
23200183
23179554
22971667
22624375
22789009
22797505
23015541
23131342
22212118
22718054
23121904
23095133
22383005
23372552
23372221
22830007
23509593
23343868
23639881
23941457
24257800
25046975
24063138
24305672
24291865
23603352
23794115
24126640
24092444
23743820
23945344
22922994
22864773
22906213
23260949
23169685
22898258
22674480
22329462
22551897
22700480
22368457
22812504
22797946
22481031
22735647
22275771
22458709
22875645
22271132
22407311
22612803
22599899
22653741
22301670
22945087
22398074
22735137
22702975
22707955
22791303
22822032
23077159
22953884
22712523
22485570
22778909
22782386
23065185
22360231
22758581
22979983
22722262
23143214
23386850
23841737
23687673
23970332
23921619
23811659
23638018
23836236
23312948
23438167
23402739
23015330
23625234
22501291
23129308
22960586
23403651
23660241
23838230
23335691
23387140
23633449
23449148
23407328
23486108
23201315
23194652
23548978
23114319
23394895
23739762
23500015
23268724
23442315
23300755
23333728
23234439
23288522
23387109
23655923
23468635
22975354
23755432
23415684
23511517
23803684
23246030
23362763
23112536
