40
71
90
100
110
171
201
261
271
321
421
440
541
611
681
751
842
942
1042
1152
1302
1392
1543
1684
1854
1994
2144
2354
2474
2645
2826
3006
3186
3346
3567
3727
3948
4138
4358
4598
4799
5020
5300
5540
5820
6001
6312
6532
6853
7134
7404
7704
8015
8286
8586
8907
9188
9528
9868
10209
10560
10850
11231
11582
11912
12293
12664
13044
13415
13836
14217
14588
15008
15409
15830
16240
16731
17132
18495
18013
26811
18926
19347
27471
20047
20528
21020
29295
21981
22502
30818
23464
23955
32371
25007
25558
34175
26620
35296
27682
28233
36789
29365
38362
30507
39263
31659
32240
40947
33493
45045
34715
43050
35957
49403
39253
47369
38512
38903
39544
40226
40887
41598
42179
42841
43562
44253
44944
45636
46317
47058
47730
51938
49223
49944
50725
51446
52158
52929
53701
54473
55244
56316
57118
57889
58691
59532
60344
61125
65363
62788
63609
64441
65232
66085
66916
79459
68740
69571
70402
71304
72186
73027
77556
74851
75783
76614
77556
78487
79409
80371
81263
82255
83227
84900
89288
87073
88065
89028
90030
91041
91993
93035
94027
95069
100579
97092
97774
98726
99798
100789
101841
102883
126939
104998
114325
115096
124944
117331
126648
119414
128542
122430
142979
127249
117110
145023
119465
120507
121628
128301
123953
125055
126307
127479
128642
129865
131036
136156
133471
134674
135866
137138
138341
139573
144371
141987
143229
144531
145794
147076
148980
149641
151675
153098
154380
155703
157035
162525
159600
160922
162285
186972
173045
186761
183425
192763
199094
188034
198213
181912
175980
177314
179358
185659
182563
183986
185439
186861
192462
188655
190087
191570
193003
195197
199736
197502
198984
200366
205847
203302
204594
205126
206609
241685
209714
211167
235042
232597
240974
242036
236134
244299
248988
223681
225084
226657
234281
231144
232718
234341
239841
237507
239160
240793
246564
244049
245682
258266
253206
250651
252344
253998
259939
257364
280588
276360
301176
288012
289845
307759
270880
272563
278384
275097
274566
276280
313759
280187
283162
290536
286670
288463
290305
296477
293863
295626
302389
301196
324470
340079
338346
341472
352843
312167
314081
329770
317677
318890
324059
321454
323288
329179
327155
329179
333347
330932
332846
339258
338596
368794
385835
415832
382670
352994
350388
356300
354377
356210
361801
360067
362111
367722
366178
368894
370156
372130
421493
398319
410512
419398
430580
401304
386847
399681
390625
392658
398981
396857
402808
412515
425530
411033
409770
415181
435970
457680
455777
458131
422745
424037
426732
424147
440829
428596
434928
433626
437703
442812
441901
447732
483459
513516
508697
468270
490081
464183
459745
466196
464253
470074
468861
474793
473340
480002
499009
532391
550204
510260
484481
490533
488939
495352
494780
502926
501263
509568
508776
542771
558660
574671
564912
527031
520438
525518
525508
524256
532331
542180
538984
536920
565173
584058
612191
570824
553060
555295
582475
563850
562167
566175
567938
566445
595129
618944
633722
593116
589248
586072
584048
590590
592414
591702
598255
596742
640224
687132
646054
610758
613924
612211
618724
617421
623933
625998
633361
672885
697521
668667
640024
641226
641155
647107
650063
649120
655623
683926
714985
730123
666243
665261
672164
675310
673426
680009
683826
688054
764838
755180
697211
692612
697992
697512
704154
703643
710296
745872
786398
760390
724613
724262
723220
729772
732307
735453
734832
804493
802328
742556
745772
745291
755030
761051
765149
786309
840691
815423
777493
778183
774887
781599
784556
787521
831313
871790
815333
790036
796177
800996
807809
807338
814050
893741
882569
823279
826314
820894
830512
834419
837625
909010
910592
842985
846341
853334
857553
864586
863734
949446
927364
866780
869926
871518
881518
889352
888471
969313
933756
891447
899031
903178
907166
914470
970725
1007424
915591
921212
925972
927955
930690
957200
1039825
956649
938985
945478
953593
959745
984501
1057268
998709
966888
970385
973962
989220
1002094
1077978
1007665
984291
987577
990793
1005621
1038964
1116820
1051547
1018054
1012575
1020469
1029306
1148309
1120287
1035717
1036959
1040236
1043442
1069020
1169459
1053371
1050325
1068549
1064061
1067327
1166805
1156495
1077887
1077597
1086704
1094448
1167275
1175781
1095580
1095130
1099037
1114065
1203543
1211198
1119946
1125517
1126428
1138471
1186101
1235954
1147227
1170802
1143380
1147959
1228541
1240182
1179748
1165081
1168026
1172655
1289325
1240823
1175450
1184277
1194887
1231496
1328569
1217760
1201248
1235534
1221457
1283654
1308982
1221697
1229602
1230894
1244240
1386487
1272854
1244871
1249199
1256102
1336864
1350379
1261993
1260230
1270368
1349087
1393781
1283514
1287010
1296909
1295126
1445738
1310334
1335230
1306617
1313450
1439237
1373913
1387549
1336493
1342605
1461959
1415982
1346782
1354157
1371739
1487988
1396736
1362121
1391847
1384173
1509107
1387199
1442162
1412787
1415872
1543803
1444626
1408249
1408649
1454255
1619676
1436632
1419830
1426934
1587485
1472739
1435369
1454225
1456980
1599097
1461709
1479923
1469513
1527673
1607633
1499970
1539285
1482759
1679067
1502486
1490924
1510260
1580071
1610939
1518857
1561897
1526721
1685830
1575252
1543473
1588737
1652217
1635455
1544214
1550125
1606030
1694848
1622140
1577597
1655012
1720576
1627991
1583468
1602774
1846152
1618874
1655814
1630576
1618533
1781230
1692162
1635165
1743258
1717600
1677445
1646917
1750722
1709234
1668728
1756803
1731707
1720325
1696079
1681312
1741855
1788242
1686481
1708834
1759920
1803091
1716428
1739521
1890725
1799885
1726968
1758727
1836353
1757024
1854327
1759038
1831905
1779787
1775128
1775138
2022613
1763596
1770540
1864026
1909070
1806206
1800446
2641427
2442904
1742236
1768406
1771912
1827487
1845861
1859287
2242267
1837475
1922645
1890435
1898300
1963823
1931572
1906505
1911545
1938605
1952923
1956920
1956108
1983440
1968882
1975395
1989460
2010781
1989311
1982327
1999420
1989832
2016742
2019908
2046949
2031170
2046027
2040267
2036670
2038974
2069581
2048803
2061466
2079721
2091794
2063761
2061737
2076294
2357183
2058461
2090842
2111290
2097154
2123193
2118654
2119616
2124205
2127651
2153559
2175401
2145805
2135296
2154632
2162897
2195018
2196180
2173107
2177565
2189407
2529526
2268616
2175470
2201781
2232458
2273656
2216268
2237097
2233049
2248949
2265330
2244060
2268195
2273976
2250983
2590821
2256864
2286680
2294975
2293112
2292390
2303451
2308181
2304404
2332085
2322958
2330833
2349187
2339981
2335512
2337104
2362573
2346182
2358865
2396226
2383943
2382992
2383793
2546368
2394773
2382511
2397408
2427645
2490644
2432684
2428216
2419029
2445329
2436151
2452752
2453894
2455637
2776902
2425181
2480114
2462421
2540397
2484953
2482288
2501474
2496184
2544655
2500482
2526581
2508106
2550937
2535688
2540066
2556257
2691541
2557529
2542171
2543784
2586524
2581584
2599138
2580612
2579079
2627350
2594179
2590792
2615338
2931382
2612312
2619095
2618393
2659651
2674129
2635626
2665532
2671263
2683036
2661204
2679629
2686402
2713843
2704676
2674540
2681102
2714605
2736646
2715075
2744351
2749030
2752877
2729513
2778605
2773054
2740784
2770360
2774567
3096923
2752716
2788764
2790607
2807229
2804614
2821626
2827557
2852685
2829571
2840622
2831785
2851953
2863374
2878543
2850019
2868824
2864917
2893321
3033714
2930351
2887690
2905895
2907237
2922205
2940159
2923898
2977288
2941872
4091925
3616060
3012014
3026862
3177044
3814983
3064382
3117833
3077727
3413369
3084400
3309974
3078710
3066607
3058030
3312279
2869767
2904071
2984011
2883072
3045727
2911675
3016102
2962280
3356352
2992106
2951180
3123834
3008427
3108766
3043673
3203604
3983241
3231997
3060675
3401847
3379125
3506825
3527553
3051097
3169510
3599379
3580342
3191341
3125166
4412367
3459605
3846343
3087225
3973832
3059443
3218783
3252106
3291329
3322688
3327828
3311026
3293153
3364126
3336364
3324151
3337035
3380557
3349709
3397098
3357474
3446931
3867192
3419421
3150033
3299845
3968613
3282102
3168529
3669621
3179298
3206450
3633032
3304204
3362112
3575394
3439328
3733861
4020570
3442985
3569622
3566857
3554043
3551999
3526742
3554224
3566997
3588848
3652108
3551469
3631098
3616260
3633513
3570484
3611111
3654692
3614607
3589349
3654712
3600811
3639384
3618936
3614147
3600941
3626429
3644263
3757245
3652268
3809964
3831214
3679719
3724724
3694467
3705107
3786770
4155213
3765961
3742868
3792411
3754941
3766312
3834391
3761663
3792120
3811077
3871860
3793884
3781682
3803853
3821326
3830042
3851713
3835773
3814433
3869246
3821466
3975155
3887540
3874075
3836064
3931533
4319652
3923137
4030890
4127171
4698014
3696251
3835453
3626920
3829992
3651066
3850911
3752516
3852674
3850701
3833138
3900795
4162498
4070664
3719264
4385777
3840071
3852424
4090632
3999591
3883322
3972170
4631900
3855129
4858717
3821115
3941472
4009048
3926063
4016283
3931042
3958434
4173538
3933918
4004049
4133403
3998129
3995634
4044986
4052010
4081956
4048603
4057560
4179299
4071447
4161325
4271853
5018066
3929689
4014329
4970968
3957182
4069944
4179219
4135787
4234743
4196752
4237939
4226477
4256996
4332858
4281171
4354599
4555476
4327799
4369477
4358155
4322598
4372382
4377652
4417887
4400695
4371821
4440771
4417727
4548753
4417727
4443476
4461330
4452522
4837466
4434649
4464756
4489052
4490424
4510952
4512235
4488370
4556879
4535739
4576586
4539106
4591645
4551589
4581976
4592005
4584541
5079181
4517515
4612764
4737208
4646979
4648612
4655424
4646287
4672797
4669611
4993190
4678849
4695330
4678137
4706781
4690230
4715828
5228071
4701140
4977240
4696181
4781601
4730446
4749692
4781942
4790188
4850561
4786842
4830073
4804895
4783836
4854248
4803563
4850852
4840723
5240314
4822990
4876870
4861051
4878554
4902720
4912538
5022134
4918759
4953144
4908209
4987579
4905655
5022946
4976157
5007526
4991397
4999251
4990714
5010292
5003960
5018697
5013748
5027674
5067018
5145326
5047341
5070765
5139484
5114778
5079352
5122613
5094239
5122623
5099440
5131500
5119697
5178989
5144083
5156687
5170944
5210418
5264349
5196060
5205589
5182465
5284667
5293013
5255182
5217511
5342146
5405695
5873986
5381980
5721408
5736867
5774839
5497197
5378785
5429701
5344770
5488030
5396869
5430351
5377833
5486086
5380408
5470908
5380418
5471469
5473582
5423639
5446081
5441903
5438647
5509581
5754941
5497538
5423077
5496065
5465758
5471108
5476669
5482249
5431624
5519620
5484212
5565695
5482219
5489342
5536502
5551188
5484874
5540469
5617393
5603797
5600261
5585544
5607034
5712202
5629756
5582788
5640437
5589912
5667667
5620769
5662708
5719014
5664962
5627212
5652509
5731257
5667307
5690511
5683508
5811779
5683598
5744713
5722160
5821998
5854879
5725246
5792282
5785169
5806729
5773226
5756885
5785459
5838199
5753750
5850672
5770081
5858166
5830785
5854690
5805828
5933337
5868064
5846474
5893893
5901578
5917688
5881810
5961941
5914642
5953916
5938166
5918580
5994262
6077358
5990725
6072399
6007567
6045849
6054085
6078450
6153822
6052912
6127031
6061729
6146849
6239282
6157940
6231498
6217862
6169832
6212512
6161777
6306098
6236277
6266163
6289908
6265011
6324923
6220347
6293284
6414713
6278155
6371631
6271914
6639385
6293765
6422638
6429781
6326266
6525230
6367915
6409883
6425483
6382221
6464697
6417157
6479314
6365099
6463454
6408601
6449618
6437655
6428589
6481257
6545539
6543414
6445350
6516935
6546911
6531903
6495254
6508729
6521043
6579722
6535419
6555877
6583570
6547181
6581035
6601012
6613617
6622784
6582889
6629176
6669591
6679600
6759531
6697324
6668440
6787283
6647500
6774539
6739884
6744453
6736668
6759050
6765122
6862705
6771183
6804646
6763017
6799366
6889275
6902800
6851704
6874327
6829512
6938047
6906567
6884265
6910024
6898993
7215459
7295598
7027676
7397591
7400527
7075264
7291812
7153492
7329442
7023918
7005574
7033256
7017616
7025752
7056529
7032064
7051900
7103899
7035900
7407900
7124187
7071508
7126371
7139575
7164302
7406527
7077649
7265643
7221990
7195751
7202314
7358958
7196262
7223183
7222622
7294738
7276884
7339762
7290279
7328952
7333501
7281973
7334192
7342978
7314534
7344090
7349150
7345192
7390447
7415935
7385959
7420544
7414212
7415274
7446613
7426014
7412339
7455098
7473834
7434561
7455900
7475538
7447415
7960239
7648453
7531944
7499102
7525832
7523127
7562631
8551902
7562040
7610732
7720808
7636180
7615721
7619418
7627693
7579763
8140999
7803354
7610782
7696473
7687596
7663321
7995255
7733453
7698096
7673930
7699158
7751927
7723553
7726961
7769600
7942886
7766885
7757016
7812972
7750624
7829663
7821979
7838129
7849831
7844461
7864248
7871602
7847997
7877002
7842668
7842968
7875259
7868326
7915806
7886530
7881721
7919592
8061770
7928429
7935352
7944079
7972141
8002378
7937075
7973053
8124428
8013278
8036703
8032585
8072359
8037404
8049897
8115701
8098619
8060116
8195290
8279318
8302612
8329653
8441483
8398463
8324283
8219065
9464958
8080545
8349831
8065366
8184951
8274049
8399003
8393924
8491087
8537525
9161578
10064546
8611373
9368237
11050399
14954320
15287367
15143286
9224466
10595564
9792084
9078592
8905166
8660876
8833331
8381120
10560178
8830876
9003420
8795880
8789989
9001687
8710309
8686644
8693017
8691614
8650797
8708266
8675253
8784909
8779951
8709137
8701863
8942927
8992620
8911868
8775742
8847206
8859519
8896319
8898563
8821669
8868276
8916116
8902250
8997319
8850523
8909945
8992360
9005714
9037695
9020703
9038958
9075015
9466441
8965408
8982200
9108208
9077691
9128977
9156549
9113717
9236198
9274850
9106414
9101024
9052162
9083201
9150817
9333651
9086086
9150056
9281874
9184150
9190031
9231269
9182297
9204147
9261055
9213696
9327159
9280571
9202334
9402982
9215880
9299667
9274880
9358057
9236399
9272737
9396489
9295529
9345574
9441775
9362155
9335084
9465068
9352917
9406588
9477332
9429332
9454178
9480156
9479325
9474777
9548064
9569686
9494364
9534318
9587358
9594932
9638124
9612065
9659955
9615562
9631421
9607486
9611103
9620581
9663732
9676146
9732822
9770272
9776184
9707514
9713385
9754483
9729355
9786022
9846676
9832350
9802453
9846015
9853459
9847628
9863297
9815287
9833902
9881992
9887833
9843971
9878897
9858449
9869719
9926616
9973204
9967363
9944750
9893313
9906007
9922749
9921357
9928109
9924422
9914334
9989625
10020052
10231039
10064736
9931105
9939581
9975088
10067071
9976210
9948608
10024250
10005145
10008720
9996538
9929833
10087770
10061981
10022897
10011556
10120080
10075466
10095204
10145659
10170034
10081307
10124248
10133485
10121342
10195692
10148384
10135539
10155267
10275111
10249483
10221752
10323974
10169283
10230057
10226441
10204699
10290200
10279229
10291894
10375311
10244204
10252409
10266776
10387062
10276634
10353218
10401620
10410295
10457675
10438229
10444350
10543968
10396891
10518089
10477231
10460520
10419984
10438299
10532616
10500736
10569465
10503942
10542564
10571458
10555519
10591266
10635079
10703077
10629588
10677829
10713315
10628767
10661308
10662100
10605163
10666568
10730488
10677328
10732181
10758922
10738704
10793076
10828152
10725518
10792344
10839442
10849742
10794579
10845054
10925565
10872305
10889256
10902090
10890709
10919233
10973765
10893625
10940272
10909545
10981330
10999193
11072381
11023249
10997981
10947826
10971531
10972723
10952295
11072701
11049989
11053947
11194351
11090325
11168462
11139417
11022237
11117035
11148554
11186966
11279130
11242441
11230748
11187217
11224287
11282145
11298717
11380620
11391521
11295741
11400568
11352127
11392383
11390439
11534731
11439261
11411188
11432227
11731139
11573713
11535903
11734787
12007760
12198128
11992271
11806692
11908253
12094252
12120842
11684302
11886251
11706564
11725439
11745286
11820658
11837410
11841868
11889998
11837690
11804948
11819816
11864030
11819175
11918502
11839944
12027627
11863759
11891922
12438260
11998412
11922619
11938500
11922620
11977553
12104351
11990167
12043467
12002019
12004273
12017508
12033919
12025263
12157872
12001137
12089544
12160006
12253682
12064857
12056611
12077351
12086548
12106085
12156891
12151661
12149586
12139808
12558926
12243753
12331879
12271466
12344543
12351095
12394647
12384699
12414655
12470831
12668643
12589133
12530293
12489305
13000988
12679372
12616344
12624370
12776726
13104112
12666659
14079756
13344193
13270475
12400759
11857527
11811251
11903083
12227753
12045150
12012739
12071369
12080967
12211082
12331128
12418332
12386442
12291874
12346526
12437508
12446625
12431216
12296623
12906270
12785933
12826800
12744655
12874049
12770895
12632184
12604863
12349923
12355804
12387143
12877395
12402221
12422489
12440724
12433410
12445974
12721121
12719328
12998803
12886522
12900860
13097338
13021055
13743905
13092149
13087019
13129019
13340666
13160447
13154596
12888005
12754614
12756348
12659816
12666569
12747431
12719198
12716773
12790261
12815038
13009894
13082371
13075668
13015856
13605815
14676819
13427820
13114371
13728776
13448879
13459299
13525864
13348631
14013121
12958868
14050742
13104432
13383958
13384819
13272618
13376724
13340125
13232783
13238173
13235339
13322672
13318315
13298126
13293438
13320969
13360724
13372937
13349673
13378577
13393496
13331179
13629890
13628117
13682829
13697848
13645389
13435495
13430806
13438310
13437569
13448839
13881413
13433971
13277538
13293708
13255136
13307684
13207826
13454520
13568715
13750206
13619570
13748683
13380421
13403013
13418823
13455862
13593171
13571510
13526656
13589104
13629108
13601176
13706515
13909536
14317683
14306272
14387845
14182419
14292336
14640230
14926649
14589285
14696516
14729237
14221352
15405088
14928843
16180076
15965472
15380773
14683772
14262329
14450754
14857999
14307905
14203339
14369431
14614652
14525023
14804399
15390821
16858892
16512791
15616806
15519683
15896973
16119331
15586800
15918744
15696156
16524564
15580799
17072794
18363562
28526331
29350271
19308207
20986503
17656121
16096018
15098442
14333553
14517058
14865213
14959450
14690795
14866476
14798408
14888908
14801333
14792506
14732774
15729939
14843673
14819056
15247362
14844815
14957357
14925958
15037738
14943320
15235069
15393356
15206395
15064498
14881434
14959971
14995177
14998283
14925897
14992523
15421349
16793459
15254776
14640140
14396512
14516517
14759444
14660438
14725991
15129520
14791595
14746009
14656280
14716343
15251569
14790893
14723747
15478917
14781605
15031085
15210432
15301273
15384931
15462616
15604293
15543829
15510246
15579917
15547857
15536705
15677901
15512089
15757731
15757130
15652975
15867498
15847791
15990669
15835237
15753443
15932690
15692709
15557004
15609783
16001159
15741400
15775745
15640832
15677982
15626344
15633357
16037808
15752511
15923803
15814998
15805471
15766558
15857689
16845757
15744286
15764845
15945354
15693991
15823114
15876916
15851327
15960362
16145109
16372067
16279693
16019314
15990639
15897064
15910298
15951175
15906181
15989447
16038228
15981993
16046475
16030875
16029152
16199983
16149448
16249466
16102891
16071661
16163685
16044129
16271438
16136594
16138728
16227375
16110445
16387185
16205974
16345236
16237734
16427360
16559719
16766088
16681719
16573245
16436147
16554179
16428713
16884139
16542326
16786576
16766869
16821572
16784482
16793990
16721574
16807675
16699762
16695916
16661140
16617438
16774954
16726613
16880853
16804489
16825118
16834707
16908085
16716284
16735971
17038880
16739528
16840086
16924105
16807024
16905169
16823065
16811483
16828595
16876725
17242463
16769964
16851809
16947638
16847330
17204271
16905329
17157553
16931940
17298769
17006780
16972476
16979469
16993385
17126655
17022389
17062404
17171219
17064739
17474329
17172963
17152073
17440736
17359263
17319017
17338203
17437680
17432380
17322303
17521798
17330118
17562605
17351879
17346699
17365163
17833605
17446567
17390982
17543249
17419737
17448180
17501150
17459131
17834627
17693391
17679315
17700334
17725631
17714250
17735169
17926649
17758794
17713819
17740409
17820831
17624932
17664186
17736973
17940205
16441437
16738746
16787577
16914296
16973327
17110495
17115645
16987053
17042187
17068596
17177381
17425938
17156131
17230210
17168003
17152514
17174535
17644509
17438442
17504827
17773742
17820641
17868340
17694673
17796255
18004827
18094315
17282608
17823947
17780935
17813307
18014816
17808187
17975631
17989117
17950494
18072033
17899248
18039672
17849355
17952849
17969580
17929875
18004446
17943812
18078775
18023231
18018913
18691898
19728758
18885633
17955975
17983527
18084406
18151282
18031698
18178704
18212086
18200995
18421340
18236132
18440266
18779413
20185187
18421870
18425989
18506470
18419746
18610085
18496361
18440075
18516129
18600056
18461746
18505889
19401863
18491362
18581501
18565721
18614223
18771168
18714081
18794322
18563517
18643728
18682992
18699643
18785064
18752563
18832974
18797187
18984639
18881956
18737725
18705675
18613011
18686769
18676320
18656662
18729329
18732765
18754155
18832704
18730020
19355487
19015257
19081841
18923313
18783652
18536967
18612730
18797046
18780485
18752984
18784592
18796536
18807205
18877097
18792788
18769865
18722837
18645271
18785775
18884641
18810882
18739187
18757802
18726834
18816283
18886295
18842412
19033551
19105356
19089166
19027399
19010658
19196948
19265187
19208460
19534653
19203901
18935546
19640984
19536947
19577684
19806554
19791386
19868461
19798510
20019325
20424998
20596991
20516940
23676291
35468967
28459485
20487064
20558839
20519866
21950896
21292679
21095999
21189275
20698532
20667995
20626897
20703802
20804702
20898187
20794963
20734059
19750199
20490671
20533802
20628440
21216226
20718900
20707889
20695226
20619333
20692741
20690937
21224431
19978919
20776719
20664167
20787098
20814550
20861498
20838535
20867289
20921982
20868802
20909018
20871888
20870506
20931129
20992264
21072345
21140143
21061124
21056716
21184506
21254417
21402967
21315983
21206677
21126747
21200035
21705897
21857130
21166732
21285946
21317717
21404730
21597672
21228618
21203071
21230332
21825160
21849005
19882347
19923214
20043059
20271850
20253856
20216886
20357190
20334929
20369614
20427983
20462588
21165209
20317225
20528341
20673736
20634241
20943353
20652375
20580990
20460504
20504357
20482165
20582504
20863492
20649539
20619493
20624342
20696247
20687611
20578877
20660099
21067045
21043690
21123781
21254678
22008725
21234680
21362320
21978549
21121407
21731163
22706006
22612701
22488438
22318758
22268073
22706007
22707589
22608834
22453421
22237235
22645553
22475864
22384292
22554241
22822666
22307958
22107461
22534685
22542740
22210715
22709564
22194565
22260429
22333967
22398999
22300414
22524525
22677703
22554101
22361218
22376477
22834688
22384001
22445356
22386857
23443303
22947110
22730423
22693843
22675439
22559591
23139502
23021069
23085921
23435698
23372019
23152275
23873692
22966286
22685989
22844286
22697020
22781439
22758034
22903588
22726926
22865096
23011331
22937442
22958422
22859636
22885154
22899320
22977026
22984310
23066454
23064270
23048550
23170560
23248918
23163146
23009638
23090319
22919017
22936490
22850668
22848004
22913436
22924247
22989330
22939065
22959263
23049633
23006482
23051146
22885214
22868192
23149450
23076664
22894952
22997294
23147487
23055714
23051586
23090229
23157546
23181220
23354877
23409390
23458592
23452401
23399350
23326564
23296587
23427183
23938784
23807037
24166623
23971817
24019427
24130165
23930069
23972629
24088716
24068038
24130826
24073588
24129163
24570202
24013044
24055704
23907536
24064982
24059933
24015759
24054422
24152877
24183645
24031910
24332455
23796256
23038031
23416804
23536448
23777321
24359296
24231696
23617740
23282401
23645764
23558049
23748146
24550084
24598014
24363914
24367551
24452380
24406655
24504578
24549123
25591512
22622620
23116479
23159549
23328957
23190899
23566364
23302579
23430339
23383040
23220995
23386537
23485943
23354306
23370186
23633581
23785807
23857251
23717969
24575502
24503477
24705216
24864536
24822265
24751083
25096381
25276290
25154050
25135155
23689926
24153869
24249949
24556146
24373462
24473259
25173136
24409260
25087204
26460447
25659771
26052420
25605068
25483329
25553101
25569241
25545205
25444376
25550515
25992888
25559973
25377880
23780697
24053801
24441621
24697180
24616419
24960025
24961157
25014758
25150533
25687423
25145383
25586443
25000691
25601852
25165812
25900684
26726587
26074431
27235294
25276440
26162516
26235614
25634984
25416333
25803100
25792190
26003087
26472158
25897989
25941240
26955818
24577486
24994350
26004589
25690950
26258447
25921102
26407437
25958382
26102173
26395203
25869445
24373993
24628862
24749539
24892438
24938334
24806026
24787290
24775268
24717389
24876398
24871919
24783773
24806867
24910382
24926823
24960075
24921533
24882459
24930440
25002885
25037882
25039795
25061285
25118834
25094197
25766020
25673376
25987107
26422194
26664531
26749249
26217720
26601261
27373944
25161955
26237918
26056717
26022653
26704927
26679178
26677564
26913799
26769427
26628933
26728951
26759438
26938375
26695048
26722339
26750682
26594668
26727017
26713081
26870868
26726266
26749570
26806728
26754489
26891277
27007224
26894091
26936050
27074050
26957200
26890515
26904792
26666233
28743059
26975485
27589249
25507124
25490512
25723120
25729923
25840340
25802089
25885636
27540347
26718311
29447393
27235523
27286940
27115548
26961509
27202090
27401566
27130145
27093036
27285869
27231817
27320514
27266322
27321937
27306056
27316576
27222519
27081283
27402518
27512796
31476348
27962541
27882259
27764639
27865919
27873524
27654611
27891928
27669069
28039556
28330472
28231888
28644203
28405504
28728922
28241625
27923197
28040848
28231526
28071616
28143972
28232989
28034416
28033284
28231637
28324482
28108015
28654943
28064643
28031941
28030449
28314102
28163428
28399262
28363304
28095401
28114677
28226076
28629304
28436211
28293403
28268827
28362222
28317949
28204065
28193064
28364176
28163769
28303152
28264609
28339179
28343357
28369476
28297560
28404021
28444076
28964364
29478161
34169513
37858930
34255193
29547181
29168538
29780680
29380788
29722631
28016121
28692744
32901579
33787684
29878443
29633432
29563522
29584130
29942513
30498239
29867904
29452482
29569021
29508318
29409321
29801458
29406586
29692393
29716178
29465567
29477740
29484653
29508087
29527784
29532674
29406035
29471257
29441763
29479994
29430000
29429238
29471738
29763497
29722240
29595101
29488470
29320324
29745333
29462601
29267955
29728271
29782032
29490113
29396818
29592336
29308331
29457883
29575603
29406235
29646186
29560044
29732699
29527844
29545206
29915183
29886088
29576756
29278625
29728151
30229033
29661766
29933216
30140005
29506604
27819081
29880277
28795608
28604267
28685711
28687634
28699386
28834300
28987027
28884775
28934879
28896797
29051077
28883482
28908019
28846353
29004730
29050336
29064333
29232047
29188336
28945449
29111221
29131228
29134685
29150484
29065484
29198965
29248519
29268506
29271953
29289446
29308852
29396657
29242567
30013578
29746235
30114016
30339059
30390165
30618656
30987879
30564624
30584290
30872522
30768005
30535088
30497347
30804173
30840362
30630447
30460588
30609337
30927666
30811237
30783445
30684048
30853967
30646157
30789086
30700188
31040538
31106482
31633764
29373223
29561447
29749481
29941351
30527965
30523626
30541400
30974654
30885316
31205328
31236146
31297271
31295729
31133122
31092466
31481638
30687705
29567799
29894904
30153991
30051989
30318651
31175512
30128172
30136379
30163629
30247047
30244441
30250503
30285719
30401597
30449227
30376941
30439619
30383312
30341314
30388422
30896367
30458314
30487949
30330142
30374857
30465777
30723292
30633122
31813802
30572228
30632872
30630117
30542101
30615028
30640335
30556989
30663439
30921684
30730125
30648511
30729113
30741806
30896978
30955459
30971238
30877292
30931143
30878133
30946081
30876179
30945821
30966599
31030921
31223382
31077318
31016033
31071376
30933737
31718724
31188997
31069693
31131249
31144514
31199427
31194899
31248529
31250814
31277734
31205709
31502307
31361512
31320094
31341414
31289596
31282313
31406657
31481748
31425011
31361522
31409211
31407989
31491507
31565706
31560196
31406937
31811348
31676103
31662468
31607454
31519939
32339491
31819764
31692133
31931333
31783655
31725236
31758088
31765862
31765982
31807260
32065986
32033245
31840813
31946311
32036911
31900966
32121931
32219685
32350702
32298123
32310757
32249682
32245104
32313562
34551460
32253489
32454808
32201000
32275460
32227039
32235215
32944539
32341935
32436513
32481918
32376881
32273526
32331105
32393362
32406386
32386149
32634966
32646077
32397580
32418429
32472180
32449117
32402098
32455949
32489502
32592978
32666736
33574302
32493961
35245114
32091494
32564554
32994242
32928748
32834922
32828891
32830263
33057370
32950018
32972592
33075895
32957783
34063412
32954437
33175032
33019520
33232350
33404974
33175212
34433618
33319714
33055307
33210729
33188787
33055697
33108396
33165814
33221048
33220368
33304785
33265121
33270211
33573992
33410053
33379977
33369227
33421144
33599800
33398792
33457002
33438477
33476168
33517105
33486327
33520762
33550468
33637872
33714185
33545108
33606913
33674501
33536311
33701091
33695090
33642531
33722781
33741066
33665965
33770752
33790199
33785169
33786542
34772726
34824574
34768679
34828541
34787824
34858858
34526513
34725096
35335234
33996076
34540850
34844942
34701182
34862746
35521544
35401669
35360732
38202305
35961260
35014691
35067420
35482791
35414773
35855512
36251506
36314345
36319374
36249744
36197074
36144686
35926405
35891389
36240446
36208406
36142601
37208246
37366263
36986820
36615741
36818332
36997790
36786623
36668941
37420185
41342300
37425173
34977721
35046872
35201742
35346454
35184550
35320987
35397200
35297192
35895917
35217813
35382813
35260373
35072700
36185392
36976189
35034168
35091786
35678449
37122174
37728865
36659914
37518619
36922157
37099651
37142251
36845534
36840765
37103579
36956301
36877985
36862035
36738602
36901529
37000816
38233904
36954879
36992189
36955831
37204448
37130970
37028688
37212704
37071899
37012638
37291913
36995886
36867926
35926916
36835394
36733012
36766224
37478354
36974246
36242930
36319064
36331707
36281653
36287494
36298786
36330144
36354089
36347968
36404404
36448988
36485657
36499844
36498561
36470568
36546401
36578381
36509502
36655827
36602716
36577920
36404935
36422578
36449469
36461041
36628034
41061091
38055138
38435953
39073563
37887092
37986208
38430343
38470278
38457164
38551912
38628556
38554807
38623005
38578943
38472943
38685222
38577641
38466271
38350253
38303004
38343601
38457044
38271335
38534489
38386992
38188158
38256386
38298285
38399826
38473073
38830025
38876132
38610813
38473425
38507689
38630099
38458546
38841887
41254794
38792194
38888876
38737791
38974026
39069535
39802584
37013770
37196082
37202965
37244304
37241057
37394335
38256617
37533187
37462403
37378696
37444049
37445682
37542824
37576087
37893143
37591175
37642492
37652400
37612585
37835454
37570016
38044137
37823032
39000425
38110742
37990376
38110301
38645949
40554768
39615793
39362006
38736048
39111945
39079514
39057242
39131582
39088281
39109100
39279440
39153924
39276163
39311350
39243092
39370812
39450803
39253722
39332870
39320828
39135469
39396129
40033157
39278558
39561841
39901780
39262728
39475338
39534219
39256517
38654815
38525291
38856285
39370781
39055389
38506546
38682317
38661047
38670986
38776795
38898694
38926106
39027215
38881151
38909705
38830165
38901268
39058104
38793676
38929983
38835495
39026965
38924983
38955441
38931535
39074154
38900437
39072150
39282135
39449169
40181666
40020122
40373267
40173301
40294418
40263370
40730518
41311040
40945483
41035862
41528619
41916038
42049148
43049149
41297645
41578162
41488624
41455701
41266366
41792676
41470851
41454449
41684242
41646641
41406890
41355614
41495176
41751929
41932749
41366344
41278288
41574495
41508340
41813615
41333262
41280993
41757279
41649737
42096676
41842880
41762729
41607728
42029040
41468536
41635810
41536684
41708447
41953578
41937809
41984205
41526805
41966161
41750797
41731651
41985438
41744665
41859892
42074415
41936947
41758431
42276445
42092269
42088322
42543417
39702084
40380670
40832189
41295580
41242561
41626443
41744214
41764583
41778900
41849693
42278068
41886061
42038417
42151901
41690123
41591157
41493213
41768700
42666989
42689171
42642333
42650208
42948909
42879288
42859742
42738514
42640038
42736320
43131984
42739636
42926608
42956383
43084133
43053236
43141351
43122486
43240247
43335606
43215411
43243863
43365513
43683040
43266096
43991630
43429393
43841789
43793368
43591277
43765765
43778780
43925306
43697066
43192277
43387755
43209550
43447006
43239205
43271666
43315930
43253392
43291243
43512288
43580978
43671308
43568143
43537817
44000647
43500376
43570187
43552744
43624990
43791032
43793247
43615823
43710531
43775905
43947678
43508963
43967154
43717053
43768170
43930525
44044820
43881803
43984667
43963236
44015205
44273450
44109451
44291865
43933781
43995758
44117938
44165437
43929042
44485248
42261206
42085446
42455722
43831248
42858028
44073374
43994285
44246709
44177730
44486100
44158102
44379108
44548527
44306683
44392013
44607989
44916499
44488815
44469358
44250877
44569657
44660809
44627456
44871614
45229958
44848832
44946525
44741289
44540803
44940404
44732754
44621815
44668903
45084114
44926557
44942558
45004284
44904636
45388486
45111235
45256909
45190043
45295651
44824125
45009223
45245127
44554227
43569796
43328462
43545291
43722343
44754324
43589614
43505616
43773960
43643034
43830627
43944722
43991679
44136473
44396862
43892984
43885260
44123568
43787676
44079195
43977843
43895259
44050611
44017979
44018430
43910517
44222915
43939512
44125893
44039460
44038428
44071450
44110704
44129920
44098651
44248883
44145859
44407191
