50
70
90
100
131
180
210
210
301
340
421
491
611
601
682
801
982
901
1082
1132
1282
1322
1553
1633
1893
2004
1894
2184
2405
2515
2725
2745
2996
2876
3015
3186
3347
4017
4018
3998
4448
4328
5230
5060
5170
6071
5320
5671
6202
6222
6512
6944
7194
7224
7655
7715
7745
8316
8036
8417
9358
9218
9007
10420
30959
9708
10530
11111
11752
12253
12193
11933
12043
12894
11833
13706
13195
14197
13205
14407
14918
14849
15259
16311
16592
22092
17714
17403
18044
17894
19488
19006
19417
20600
19487
20449
21341
21651
20959
21300
21041
22002
23836
23956
23675
24187
23445
25589
25759
27533
26050
29857
26380
27262
26781
27732
30909
31530
30038
29587
31851
30208
31399
32112
31170
32241
34717
33463
31701
36890
35207
35518
37201
35567
35939
38354
40127
38273
39956
40056
41229
40317
44896
38965
42862
43753
41329
44215
43213
46959
47060
47661
47060
47160
49454
51569
48903
51118
50376
50005
54825
53933
52089
52831
55235
55085
55445
54043
58842
55135
59072
57590
58762
58120
57490
63421
61678
60967
65124
61587
63782
64933
66347
66897
67348
67679
68190
71326
74352
69442
69873
71347
72699
73340
71516
76085
74472
75404
78420
77267
79081
81285
78290
81535
78750
81385
81986
82547
86565
82056
81886
90743
83279
85363
89892
87667
86144
93949
91024
87718
92556
94380
92857
95943
95001
97005
93949
102385
99630
100382
99068
102926
103427
100642
106613
102024
102946
104148
115470
114328
111523
106833
111723
105671
115110
110541
108827
119939
116152
116362
117585
120260
121332
115420
125629
127173
117774
125941
120189
123496
128806
121121
118937
125690
131982
127033
135568
129788
132162
132172
135569
136390
135288
135579
140708
142762
139667
148363
143925
143544
140718
144415
141470
145317
146710
156198
149024
153543
152241
156067
157901
158592
151128
154264
157761
153382
164443
161818
155877
165415
164364
162730
170565
178781
169082
172980
171187
174863
169403
175144
177118
173882
178200
181646
171818
185645
183610
177669
179683
184612
191756
191324
187728
191986
191355
189481
194070
195824
187387
197286
192768
193359
200152
196164
207977
203789
209209
209139
203168
208507
208999
212716
210031
218878
210882
219809
223716
214529
220620
226422
227905
227193
218256
224908
228105
222925
239878
232043
226372
239366
237964
229288
223827
229548
234697
238324
232163
236641
256259
239968
242652
243484
244757
248303
253473
255327
256288
253243
244967
269233
266628
265146
264835
266388
268211
272510
268472
261038
258804
280826
269244
271357
274814
284643
276287
276517
283681
273793
288150
287839
281957
286156
280264
297317
301445
293580
297788
291396
295514
294582
294702
303889
303940
297257
312807
307987
308097
310933
309349
309931
307967
312316
319430
324840
311995
320130
334778
323036
324078
315441
323026
330190
327585
325490
325300
332564
330170
348946
345449
333596
326583
344427
335760
345008
337834
339177
359095
361560
352964
359115
348054
360627
374404
352773
361068
367581
367791
357993
367120
362221
379413
372450
372070
373582
389022
387629
372591
384994
378672
389723
384323
394903
407086
392439
401415
388881
388271
397979
405373
405203
412998
389893
415141
418148
421875
417556
416855
417897
415773
410974
416845
424640
416064
419280
407918
433497
426744
438777
437715
416484
436202
423037
426353
423207
443245
443285
441422
453575
433246
449768
454858
446541
457823
446962
456721
458244
476859
466730
464646
448315
473483
478303
470266
482100
461190
482440
481518
474645
478853
487951
482059
473132
487219
491488
505313
490095
486758
477962
504632
529039
506316
514010
513790
489805
518459
519491
504472
507148
526344
516304
512177
523258
510924
528067
524390
523148
530512
542164
537866
535481
546973
544177
527236
550069
556201
551312
552573
552454
543887
536192
555209
563985
566741
575597
577772
567753
565529
562222
565769
590507
577201
597750
590306
612929
584285
580096
571540
579505
584485
604954
584324
584084
590166
594223
599533
606677
615313
601647
607889
596788
610003
591729
629050
635993
613430
627457
616716
616856
643928
634169
634039
656052
636854
626816
640151
650972
656542
661952
641473
656161
656613
666451
657033
661341
674386
685908
662604
672733
662774
669347
700115
679876
689114
688974
688423
692300
694735
706107
700366
701669
700275
681419
709453
695827
718971
693052
713250
724692
732376
741614
717899
722527
718611
720725
715715
723350
728369
750832
736394
745873
747836
736324
737897
752646
754999
750681
768165
748237
769908
761893
756472
746353
762263
782873
759900
790027
768245
777091
775138
779887
781451
785928
769498
790838
809494
797270
800656
806749
818861
814283
807730
802841
827829
815165
794465
826807
821848
820856
836094
819172
806819
841254
828700
821206
845743
841755
838229
836986
854901
860671
891390
883946
847697
871181
839551
866753
867133
876341
889035
873325
869979
870841
897922
895277
887803
901069
885598
884317
885228
891881
913582
893924
915806
885128
889677
911198
924463
917690
911358
923321
938900
954820
920325
919323
943139
926206
941425
954851
951234
948559
955292
951584
958908
951655
972985
955612
983796
982624
962345
1024945
984748
977985
1002582
1015036
976071
1001750
979639
977444
977454
979327
997963
1008082
997382
986471
1003614
1035665
1009516
1007061
1012240
1067235
1028321
1019815
1037208
1032279
1047748
1026448
1043379
1045825
1056455
1053078
1021769
1038991
1042218
1087114
1066544
1067686
1044442
1108855
1062516
1070822
1099357
1068598
1111179
1071514
1103033
1098715
1093485
1107131
1107993
1101621
1101761
1108785
1104256
1138902
1145966
1140044
1113293
1109396
1102172
1139924
1140756
1149132
1153419
1148070
1127971
1125055
1165021
1162988
1151416
1132159
1162758
1154712
1157096
1142689
1167847
1193927
1182776
1189368
1153079
1178026
1173838
1179519
1210198
1173758
1228453
1231338
1224164
1211330
1203775
1238762
1231468
1199448
1271004
1214777
1219696
1208044
1195280
1203676
1231368
1242970
1232771
1271846
1268699
1238482
1210489
1255064
1287295
1247630
1272437
1250625
1255724
1302264
1281333
1271595
1296152
1247599
1275612
1281564
1287595
1291844
1304628
1300981
1275403
1295361
1293928
1308095
1320479
1295170
1306061
1340226
1333523
1339364
1313826
1365494
1368430
1352910
1385613
1382827
1372146
1387496
1350435
1380662
1370203
1363149
1370052
1356908
1369431
1380393
1364141
1413666
1399429
1399218
1378469
1372638
1422442
1400381
1351778
1371666
1394690
1400090
1417804
1425679
1401413
1437832
1467779
1431710
1453342
1464253
1468791
1451978
1431079
1449113
1463481
1445957
1462139
1470895
1446829
1501423
1449705
1529697
1510660
1503146
1512865
1493248
1498838
1519268
1470595
1502806
1522613
1508226
1536480
1507736
1487688
1477658
1499419
1556889
1552371
1568551
1545166
1508226
1566998
1529457
1534546
1544796
1573570
1558121
1591314
1588169
1601794
1599380
1557059
1582057
1570805
1604039
1566959
1554364
1591855
1573270
1595933
1599229
1590984
1606193
1605021
1611664
1544806
1632102
1603989
1637763
1658783
1646590
1622905
1634047
1652702
1632163
1639937
1626391
1624427
1627363
1647471
1590674
1677088
1696125
1669824
1674363
1664153
1698610
1691115
1702918
1737723
1708128
1718978
1698880
1705753
1705091
1686596
1727474
1751049
1728767
1757802
1762782
1763203
1732444
1718928
1767901
1782138
1711074
1777480
1764254
1798119
1798750
1807847
1774755
1791256
1774684
1773382
1784403
1793571
1797918
1798791
1832585
1793350
1770967
1805954
1776859
1806344
1833927
1852292
1873583
1821994
1830682
1818879
1848224
1856881
1825922
1843836
1842534
1895244
1904522
1818468
1881258
1843396
1925672
1874445
1879123
1884935
1848636
1909782
1948365
1877891
1889363
1911004
1924480
1893180
1845139
1949988
1878001
1950570
1923428
1913159
1946592
1965619
1923709
1991057
1930552
1981669
1933898
1979535
1941262
1957373
1999543
1994093
1931534
2027517
1945269
1960358
2035171
1976359
1972893
2007369
1967351
2010014
2054107
1938196
2009622
2039128
2042455
1993552
2029330
1997279
2074376
2060850
2089144
2036383
2077432
2074045
2024651
2040401
2046512
2072472
2093061
2086689
2105165
2067322
2123901
2071220
2111256
2030893
2126024
2112319
2117458
2122688
2111386
2099955
2062854
2115565
2158917
2163556
2161402
2147456
2153357
2122909
2173986
2140742
2136855
2228850
2178214
2228169
2153577
2189155
2168535
2188133
2166221
2212699
2188363
2168956
2168645
2250652
2247546
2198262
2157043
2238509
2253778
2244030
2182672
2254079
2235573
2224241
2176230
2270760
2253327
2310927
2241184
2266222
2293334
2333741
2280649
2279808
2283054
2351214
2325334
2327368
2331326
2321568
2293344
2319212
2350923
2304264
2317279
2394156
2335324
2332739
2283304
2358758
2354009
2355422
2328040
2363508
2356384
2407211
2368828
2389777
2435886
2412130
2416207
2414744
2387853
2416368
2435174
2449060
2411499
2432629
2416228
2457627
2405577
2444191
2405858
2427309
2468177
2508473
2473046
2438911
2468116
2488045
2497243
2507653
2523071
2507723
2494387
2474339
2457697
2490359
2509406
2498404
2532239
2529934
2484849
2572506
2556134
2507312
2613364
2553810
2609406
2534934
2588246
2544202
2523703
2613074
2548941
2607493
2576433
2568368
2672577
2624565
2598996
2573688
2622712
2567065
2610589
2617181
2638581
2616941
2589678
2638732
2670303
2658981
2660835
2655353
2666355
2693848
2650064
2650945
2647629
2704858
2672256
2709236
2696632
2668168
2640957
2688086
2669480
2729916
2742270
2778539
2686524
2732861
2777757
2751347
2687334
2776796
2788758
2680973
2758851
2823986
2727752
2780392
2762528
2726449
2838433
2814979
2792816
2788618
2790291
2819607
2820859
2816662
2756226
2829566
2817242
2844104
2778098
2756737
2835818
2817663
2878750
2838984
2872148
2844405
2911682
2888288
2842330
2803376
2851157
2794419
2922253
2892216
2900922
2899049
2855576
2899369
2897355
2954033
2862840
2931130
2988349
2950927
2995181
2887997
2999681
2904569
3018166
2906212
2932072
2912434
2974061
3009500
2956548
2997647
2923635
3057070
2961157
3064413
2953963
2967108
2994049
2933885
3033165
3001944
2997466
3323578
3076176
3404603
3004730
3310623
3138575
3205233
3232184
3206615
3324279
3155618
3358996
3102887
3440622
3013327
3345861
3101134
3255508
3255749
3218648
3423800
3083740
3405475
3070525
3449949
3133185
3400014
3255669
3320392
3341983
3323788
3346873
3155177
3376780
3235350
3511507
3252472
3438988
3151410
3465248
3209741
3522077
3323317
3376619
3356591
3432996
3355619
3370648
3447624
3433137
3501938
3361179
3494655
3319470
3564397
3370498
3297759
3358425
3349037
3352092
3667384
3354938
3659989
3351862
3605466
3326804
3601298
3395786
3653367
3326484
3662645
3310263
3569848
3463304
3624603
3359216
3658937
3514161
3643058
3445711
3657094
3402469
3672864
3501197
3649299
3537255
3718131
3448326
3700126
3536575
3708121
3523339
3814575
3489514
3721026
3531785
3780961
3498422
3785669
3428528
3799867
3501277
3870271
3556693
3839302
3654920
3756885
3726607
3654880
3579467
3628139
3539189
3599635
3631947
3600105
3652095
3612760
3597020
3604043
3664829
3636295
3648568
3688935
3609934
3583304
3708161
3634081
3715605
3680498
3593523
3716507
3718431
3698063
3671391
3715475
3713792
3693233
3700567
3745573
3764309
3683855
3759620
3761984
3837949
3779989
3695477
3693233
3788806
3733620
3721397
3701900
3703734
3698262
3828912
3754780
3777815
3755562
3801359
3799957
3762345
3692531
3770992
3713141
3868908
3851835
3845414
3830045
3818021
3745112
3825966
3900869
3904727
3890479
3898024
3803654
3826818
3770701
3760351
3837528
3925056
3910448
3901720
3864720
3859340
3930616
3912511
3905879
3791601
3941496
3983436
3876632
3990450
3921027
3989478
3887083
4022681
3988667
3967767
3957778
3876082
4000429
4065904
4037600
3905167
4029184
4091382
3919124
4081463
4110168
3979679
3974570
4017261
3985831
4069981
4037560
4019074
4134634
4099468
4016770
4030676
4149673
4076795
4007222
4129766
4097975
4191854
4069300
4050654
4160514
4115418
4130397
4159071
4121300
4100249
4200821
4223143
4135847
4127561
4212333
4121350
4132150
4132340
4185672
4146628
4165674
4257589
4130056
4257569
4248452
4215649
4202584
4187526
4251218
4209117
4097855
4192716
4209979
4202905
4270724
4334836
4302875
4312734
4311852
4297174
4250515
4289360
4340308
4302715
4339044
4317153
4345658
4324587
4337401
4293688
4350527
4440819
4417194
4411452
4302365
4350606
4419869
4437292
4316903
4434066
4404239
4397586
4405642
4375143
4410591
4389251
4575596
4467920
4473041
4441700
4474523
4454655
4415681
4485214
4528676
4497477
4430689
4554104
4534317
4571858
4510692
4591997
4586957
4481687
4682009
4556178
4613278
4564515
4598119
4628176
4524448
4690805
4557020
4556699
4622595
4580625
4852513
4616313
4663413
4684984
4663564
4690445
4636782
4625621
4685856
4666980
4706034
4752803
4648264
4584422
4644077
4689413
4687319
4699883
4572400
4722125
4787190
4736803
4709932
4826505
4761471
4769215
4826655
4855249
4729819
4919141
4831063
4868896
4822828
4744268
4808630
4863875
4753976
4919712
4833417
4867132
4895836
4919411
5010986
4832576
5033148
4914723
4906718
4859738
4887470
4957614
4881730
4965108
4910895
4938177
5020865
4935381
4992020
4952224
4942997
5017308
5003161
4958697
5030112
4991509
4969637
4970078
5007920
5046934
5096870
5084426
4936223
4980137
5090528
5185559
4979526
5038228
5104043
5113912
4996328
5132839
5136565
5087632
5100276
5076200
5127819
5171973
5103272
5168546
5084897
5141214
5226427
5173676
5200697
5133369
5135894
5191480
5222709
5193474
5266944
5247106
5177393
5244572
5140293
5249461
5300388
5228120
5219263
5253097
5303173
5235915
5247367
5330806
5178746
5278276
5363708
5247377
5238139
5251505
5369289
5408083
5389378
5280851
5183596
5368167
5357076
5284678
5298694
5337198
5327450
5296090
5351786
5328541
5382875
5504838
5426358
5372145
5314816
5433571
5395289
5315086
5419695
5383747
5307612
5440355
5452248
5513795
5529585
5429645
5367376
5552679
5402723
5540125
5463309
5496692
5583558
5458700
5483938
5441297
5514055
5565865
5513394
5389127
5667658
5573358
5671536
5486483
5546126
5643472
5572747
5678789
5609217
5595100
5589790
5535737
5578338
5551296
5679952
5633212
5690291
5676996
5584199
5655024
5757029
5579320
5579340
5798758
5621791
5623384
5700662
5701934
5878620
5675162
5669382
5849525
5762729
5754484
5778630
5833755
5678489
5749605
5719206
5774011
5795933
5832462
5777699
5709769
5763531
5875454
5749274
5762800
5810411
5899160
5868061
5761317
5899180
5908718
5831300
5915120
5843744
5862099
5886586
6043736
5948464
5852831
5866999
5923096
5950788
5918818
5965607
5923046
6047202
5879322
5945859
6003719
5902627
6042042
5983511
5990724
5970707
5956459
6154757
5996436
5937853
6018958
6017105
6022194
6072751
6059516
5965386
6136202
6127085
6083762
6031773
6128136
6079374
6137625
6116174
6122476
6195274
6139498
6072480
6230863
6118368
6136553
6199693
6152994
6180135
6138506
6040258
6187089
6203671
6151691
6256762
6118759
6269046
6225522
6193631
6188041
6178262
6267001
6211466
6388704
6193151
6308942
6220333
6168153
6220192
6209131
6365700
6338618
6287500
6390597
6233127
6329651
6351392
6314752
6285757
6356141
6372462
6381239
6488434
6384235
6389725
6490778
6511407
6427387
6503382
6441614
6467544
6370889
6447346
6435603
6499945
6619694
6522789
6571792
6663257
6683355
6686801
6543629
6596280
6732910
6651535
6702251
6782354
6661383
6796141
6685740
6740534
6694126
6807522
6826668
6717821
6778697
6913495
6807151
6857958
6851746
6864742
7046748
6989358
7000931
6833331
6983127
7037651
6975773
6861746
6897304
6905028
6988607
6925517
6991934
6914687
6928954
6877495
7016230
7004758
6920728
6935676
6976465
6887014
7012272
7102284
7028985
7014257
7003526
7155275
7023795
7111512
7109137
7239746
7138073
7107213
7006631
6948772
7043873
6843040
7080352
6865242
6972297
7027502
6797242
7009668
6926298
7062348
6974059
7063340
7140077
7084269
7089039
7121490
6938852
7044224
7026840
6944062
7041378
7032100
7048121
6935136
7190813
7075944
7073529
6990321
7189310
7137501
7032952
7095792
7061707
7211362
7270105
7268822
7073259
7075824
7222994
6952398
7188669
7298859
7189140
7270705
7081755
7039645
7264063
7193508
7314299
7222032
7253382
7178730
7335148
7297226
7310361
7309109
7356520
7323005
7229086
7203077
7236901
7329948
7368081
7316984
7346721
7230789
7405512
7323466
7312946
7445448
7566499
7415551
7342503
7513729
7398229
7451711
7241409
7381015
7422404
7442793
7600074
7556120
7422254
7323637
7421574
7441842
7397206
7508760
7460828
7439287
7563003
7400954
7557352
7447403
7491487
7567912
7641643
7570518
7691578
7454155
7538426
7577640
7506084
7691117
7651061
7502577
7571088
7566920
7585316
7638226
7695385
7578663
7608199
7567221
7599372
7733928
7703381
7615503
7821626
7611815
7688803
7666680
7733237
7749388
7881981
7677250
7848236
7923410
7765750
7687360
7853356
7812549
7874537
8125977
7918420
7967244
8021627
7957215
8006659
7959930
7946083
7960020
7863506
7982874
8046475
7962935
7894926
8001148
8081462
7864187
7990127
8012530
8116899
7992642
8106379
8165151
8032047
8033080
8064830
7935383
8128091
8223122
8044801
8100448
8003383
8251987
8233471
8126938
8166714
8172445
8102151
8277585
8055221
8033129
8207512
8122230
8136206
8130074
8241456
8109295
8291151
8209075
8218323
8322521
8220988
8265833
8188386
8257598
8231608
8184348
8155042
8068818
8112771
8355174
8129213
8258780
8227299
8242479
8263359
8430617
8186091
8272485
8368669
8480603
8340054
8400860
8328643
8280842
8292233
8358690
8262407
8359632
8308094
8220437
8441439
8412964
8285491
8503016
8435927
8474170
8494620
8330277
8486705
8448471
8352528
8438923
8495681
8489750
8526700
8611482
8455195
8587637
8581184
8548803
8472838
8602404
8634997
8732222
8640398
8597656
8622484
8559834
8686776
8606202
8499308
8771207
8733565
8543593
8567508
8504939
8672900
8563722
8665415
8465574
8686024
8865076
8712004
8738695
8721753
8641419
8737833
8779994
8640588
8663101
8750497
8631581
8820911
8752511
8951721
8691365
8661227
8805523
8751700
8807326
8894401
8925651
8801855
8958845
8855167
8943005
8885846
8922696
8752431
8797026
8905163
9085987
8788480
8978372
8975927
8941812
8834598
9004041
8898470
9114231
8917296
9044659
9041032
8786566
9022195
8904311
8937915
9030792
8846751
9055419
9024821
9077571
8987188
9094754
9164237
9195546
9290347
9112328
9143397
9086108
9164477
9110434
9200946
9064185
9000504
9165529
9031202
9036202
9172954
9213961
9188422
9083192
9346935
9213630
9175448
9328009
9137967
9106817
9280619
9160620
9406238
9223650
9296989
9265529
9207659
9274868
9250431
9331626
9226816
9255360
9379477
9364558
9392792
9420555
9379076
9293253
9265730
9484047
9542899
9348137
9362254
9482814
9413101
9411448
9575551
9452235
9363877
9526677
9529944
9594367
9501780
9430114
9654782
9445002
9644032
9517080
9609365
9550232
9439492
9483265
9549011
9709446
9494506
9529102
9592563
9726789
9571323
9680040
9565722
9750955
9541295
9594907
9614996
9570622
9770233
9761626
9570121
9763278
9638210
9775923
9643370
9638180
9840386
9584137
9744192
9788947
9869602
9789970
9775642
9824827
9845696
9864823
9939214
9865033
9865184
9842510
10043142
9739643
9836899
10011312
9791382
9729845
9861847
10022603
9835356
9954603
9999720
10070625
9798206
9972507
9855255
10040858
9911702
10045046
10120770
10066557
9948682
10029517
10021391
9930208
10114518
9928975
10085112
9976996
10089852
9997746
10185864
10004659
10009960
10178762
10210321
10073730
10242573
10114979
10357342
10159304
10184392
10417226
10283050
10099389
10242072
10186115
10233065
10119658
10338676
10335720
10297177
10226162
10276517
10359597
10408128
10330060
10342613
10334969
10419250
10333046
10383652
10378983
10329348
10521344
10465058
10336071
10438567
10395254
10475227
10377991
10398480
10459186
10482771
10409802
10411946
10484053
10381868
10530201
10458405
10409381
10313277
10536604
10436913
10570568
10639309
10631515
10557563
10782834
10673014
10448075
10616516
10772955
10632667
10446932
10559467
10679035
10905507
10508080
10761122
10782172
10602259
10619121
10600957
10730313
10628118
10756322
10765109
10814564
10665009
10759719
10857356
10667263
10732588
10805747
10765320
10813271
10889487
10898484
10820425
10844611
10710114
10711056
10775779
10821737
10875480
10954290
10772814
10811648
10916418
10931657
11054892
11049742
10932408
10962346
11025216
11095168
11138111
11108915
10914765
11198986
11096371
11189429
10882423
10924092
10865571
11163088
11011529
11117010
11080531
11117942
11020647
11237480
11138512
11170142
11065592
11172517
11137149
11205890
11182535
11098094
11192064
11212954
11117572
11276084
11212502
11285591
11157397
11149373
11263990
11375523
11247229
11352840
11230437
11355535
11063188
11301102
11263329
11051455
11497746
11208896
11288778
11491174
11484952
11387126
11328764
11439165
11292926
11399349
11307083
11430197
11481345
11580926
11277987
11263890
11445186
11448863
11574784
11573692
11579051
11615661
11555627
11461277
11496905
11483680
11510821
11576006
11448543
11490062
11592968
11741141
11617425
11574412
11573572
11685685
11469243
11560877
11564825
11624879
11762392
11418185
11816003
11909873
11766308
11784473
11762752
11712506
11711384
11963776
11667961
11883773
11709941
11767331
11753113
11810933
11871259
11782930
11814510
11753214
11938037
11742804
11704541
11839257
11872902
11860288
11689412
12057224
11956251
11766088
12037416
11967292
11974526
12039069
12013571
11970879
12052324
11984314
11943747
12025163
12171642
11907188
11965188
12209554
12206749
11983383
12101879
12116457
12126616
12338440
11939048
11979495
12063115
12087752
11897529
12259419
12020253
12223741
12034710
12079566
12165911
12260962
12530206
12366563
12627802
12833594
12784000
12560894
12828575
12991595
13136261
12819577
12808116
12924878
12999000
13102296
12894871
12984302
12960746
12835167
13121092
13015361
12750366
12960827
12972128
12984902
13202328
13105282
12996385
13021452
13164014
13145509
12983089
13240379
13105302
13272561
13252423
12992487
12994000
13185455
13128306
13180907
13345671
13221945
13218057
13060176
13447074
13369967
13307608
13363525
13272671
13223447
12861939
12614276
12673940
12564892
12524875
12718905
12913357
12642951
12824507
12739965
12860175
12765524
12753311
12661816
12847440
12777387
13081387
12698817
12628333
12782957
12932753
12801794
12932673
12922905
12663139
12830217
13020401
13016704
12916572
12984783
12960877
12882968
12958803
13049226
13094111
13119029
12898718
12874682
12848693
12936591
13088089
12783359
13239779
13093740
12968061
13088460
12953503
13327706
13122264
13036661
13092879
13339028
13089011
12992657
13073532
13116815
13301777
13027894
13250038
13271199
13281980
12885212
13239097
13055948
13266299
13113788
13211455
13437415
13225732
13394784
13389875
13473595
13486048
13369676
13245510
13300405
13491870
13543848
13534962
13896622
13758659
14091333
13809706
13997503
13868889
14156877
13947769
13840905
13817470
13918844
14387798
13593574
13851826
14108876
13877004
14250997
14316412
14096963
14187486
14398458
14347872
14950842
14506014
14387027
14235177
14287988
14135326
14113816
14276606
14011761
14162659
14176254
14154824
14550238
14139825
15013020
13602972
13802151
13802932
13682272
13666302
14915144
14066545
13977375
16032043
13731567
13777825
13817921
13801460
13884288
13989439
13669529
14043090
13893916
13873998
13943481
13797272
13844872
14021068
13838550
13706999
13757286
13981153
13980501
14104658
14040515
14084089
14130868
13992835
14132421
13961004
13977656
14168099
13904076
14067798
13979720
14002724
14133904
14054923
14051426
14142230
14019336
14164633
14134465
14327152
14318426
14241239
14052659
14265334
14319097
14248973
14305592
14178929
14117703
14404901
14460838
14415411
14104628
14405572
14464074
14329877
14383771
14337362
14466468
14379081
14307364
14395924
14312464
14589823
14451028
14461900
15720970
14526232
14525681
14555458
14437734
14384222
14464134
14286194
14481126
14361558
14580946
14480064
14582820
14721134
14383099
14661710
14550348
14710403
14649718
14799473
14562301
14516433
14635050
14651030
14728538
14792359
14849719
14675036
14917629
14617486
14845571
14739459
14771901
14755139
14878915
14842215
14867954
14721765
14872934
14756812
14944220
14770067
16944363
14915233
14924962
14722296
14943467
15026567
15015595
15003662
14618909
15065620
14958125
14963887
15078145
14946925
15011708
14978063
14966963
15073857
15156845
14981721
15117630
15219794
15251044
15002841
15148479
15037086
15032407
14996329
15058116
15182765
15224985
15143660
15408445
15193725
15258509
15085219
14971531
15285049
15167786
15160301
15372907
15207972
15521370
15452529
15375101
15080759
15213042
15401612
15414315
15368097
15354101
16029509
16021734
16375198
16190026
16157764
16267733
16385648
16206456
16310245
16649722
16397912
16391609
16687714
16628441
16049287
16434571
16313891
16032074
16199884
16514434
16269958
17115720
16929305
16521838
16276821
16378935
16259608
16477533
16770983
16734013
16815197
16758850
16501840
16621337
16566513
16451023
16693706
16506248
17101844
17052420
16872206
16407019
16830647
16804217
16705248
16983849
16654702
16489306
16606028
16545623
16348137
18034313
15812545
16311297
16075085
16164887
16292090
16121525
16122286
16631597
16671633
16451814
16477804
16657898
16413441
16286790
16670000
16933272
16615256
16720336
16361191
16685149
16552427
16943923
16404223
16388183
16828823
16652868
16787945
16554791
16469107
16357685
17496206
16739162
16995291
16798104
16952228
17223837
17211924
17591047
16841637
17620032
17082056
17157140
17512457
17427284
17496196
21556950
19563489
18188557
17926788
17743057
17659147
18284419
18978864
17719792
18175852
17337253
17449246
17314650
17495625
17113035
17651042
16998387
17067569
17251379
16917022
17116872
17108727
17129747
17292648
17342854
17358293
17207095
17457753
17721766
17234938
17334938
17416494
17187196
17304811
17622337
17584915
17544519
17323066
17261358
17215180
17647664
17458354
17509101
17409521
17492789
17480186
17511115
17531433
17262159
17468453
17251530
17253764
17826746
17373582
17695316
17205381
17894927
18278208
16932341
16671063
16843902
16741086
16787635
17276757
17407858
17835593
17255457
17326743
17990238
17502117
17357382
17458374
17669086
19221396
18226870
17750220
18408145
18115487
17713110
17663324
19140742
17596478
17783564
17831576
18301502
18257087
17954340
18191803
18085049
18106630
18382866
18107963
17881631
17525893
17638587
17832588
18122971
17783604
17818380
17951013
17864348
17919864
17958508
17594494
17793664
17878125
18182675
17957456
17719031
18126939
18063378
17896700
17982633
17805076
17917600
17971432
17845442
17667773
17784606
17724943
17925044
17827027
18095068
17897261
18141817
17835523
17683894
17729812
17768786
17736044
17854709
17745491
17938850
18026577
18135576
18086882
18658523
18283247
18430057
18972962
18795253
19353728
19442899
19585360
18865146
18933638
18961620
19411649
19049939
19365130
18791586
19369969
19195346
20604363
19832551
20286537
19985543
20328137
18371435
18324856
18288116
18690855
18841180
18646800
18516101
18449303
18604138
18750538
19029511
19079385
19192541
19936600
19032666
19352937
18849938
18759335
18930722
18584602
19080217
18995806
19011105
18914621
18781738
19169848
18834919
19008851
19131945
19052033
19446245
19468137
19312360
19466443
19496130
19335324
19322930
19584829
19035382
18632022
18813388
18682358
18261746
18376786
18427773
18497546
18657069
18384340
18485212
18607285
18685213
18577257
18516552
18563021
18694692
18825341
19042055
19044418
19772848
19447898
19796102
19904028
19940167
19371793
19605809
19740557
19372574
19848823
19677806
19658369
19691883
19190748
19254780
18999143
18747693
18978323
19051111
18950159
18418916
18857913
19033007
19133499
19329011
20232414
19906212
19732020
19944194
19754242
19912815
19973331
20222726
20295675
20140990
19921461
20105221
20329940
20049826
20239718
20091575
19959524
20371920
20002325
20742818
19499697
19939796
20087097
19988489
20160056
20200183
19918696
20340600
20604774
20303900
19984060
20348245
20048243
20135409
20019107
20067189
19900040
20099210
19961217
19907835
20110602
20109560
20281848
20928782
20192187
20147151
20151470
20467914
20335511
20324760
20182399
20171077
20275035
20464817
20241481
20404342
20387380
20157381
20408861
20463515
20377381
20027333
20192128
20278723
20391628
20271168
20553126
20636585
20550251
20664569
20406256
20614813
20549519
20665109
20796299
20543768
20310403
20654510
21544757
21995907
21060313
21044784
21076023
20969720
21255736
21129465
21094799
21234094
20982324
21299059
20935365
21172056
21214747
20977015
20738820
20844902
21495594
21448954
20956765
20977916
21136008
20833871
21323245
21002873
21126820
20776893
21038762
20776361
20855312
21191604
20757074
20783936
20912321
20984999
20860442
20923833
20976704
21009215
22136756
20098208
20166508
20057321
20423518
20119038
20100142
20010451
19952951
20179273
21368281
21669995
21247731
21155545
21434597
21728978
21316452
21674755
21498809
21534899
21537423
21507085
21156837
20818862
20944452
20588844
20948379
20662404
20805527
20648448
21041518
20970532
20667705
20928702
20611276
21039012
20852867
20959441
21091713
20736976
21109928
20923913
21150164
20974840
20999958
21043091
20857497
21162668
20937899
20858759
21144493
21267849
21143481
21321181
21045956
21261026
21072546
21295662
21379943
21698941
21930864
21779195
21540298
21907338
21798721
22159670
22060630
22034210
21859568
21792810
21930312
21890787
21777150
22426458
22923757
21658344
21953276
22310788
22271794
22205657
22341086
22299696
22412973
21390914
21217654
21243142
21305861
21122372
21184290
21056596
21298247
21307384
21567029
21252249
21171896
21257369
21521733
21335629
21208555
21644417
21485143
21693621
21387357
21565857
21509470
21732495
21734168
21318986
22001168
21510882
21516784
21653815
21189800
21819220
21422504
21460356
21756431
21499571
21744287
21715953
21750710
21836654
21893913
21936324
21982472
21757122
21756831
21820994
21985838
21963035
21755279
22027578
22121246
22192783
22208693
22183755
22336657
22259280
22461124
22286201
22389327
22282033
22294186
22093183
22214754
22293104
22394407
22310277
22042867
22127568
22159710
23481651
21900355
22217100
22223682
21904313
22299656
21968716
22382325
22291050
22253539
22440406
22434384
22134852
22310878
22292924
22022829
22425286
22019403
22378628
22391152
22032848
22308694
22164839
22083865
22035162
22387795
22499006
22505279
22513755
22615790
22092862
22100457
22349552
22553671
22735027
22281613
22432190
22399938
22413504
22528844
22722193
22652980
22433843
22877659
22659634
22753702
22662459
22323482
22751749
22951700
22506381
22604428
22584490
22833625
22528754
22914970
22987008
22888420
22957972
22854555
22810581
22972390
22878029
22730749
22853623
22762459
23108539
22908267
22894220
23145329
23019650
22862611
23178352
23609715
23333829
22816432
23029568
23087820
23098079
23558597
22804359
23037173
23356322
23095976
22906995
22955488
23887765
23274426
23756615
23378394
24212124
23647217
25140925
23924034
24035487
24678062
24039675
24459115
23946026
24230479
24627766
24145136
24540310
24329538
23962498
24426944
24145306
24554597
24093207
24306754
24179071
23950805
24374483
24547684
24619941
23432167
23401518
23770983
23303111
23411186
23421306
23405676
23755172
23470960
23472323
23737770
23611900
23421696
23328298
23637167
23646215
23709135
23728081
23379146
23448267
23946307
23852007
23619945
23882305
23488674
23922953
23947940
23817611
23716088
24055946
24054804
23958269
24215610
23964462
24063581
23643069
24036769
26726589
24449196
24094921
24028975
23736748
24088378
24087396
24258763
24165675
23802944
23740735
24028223
23851015
23968189
24294431
23941679
23808835
24120159
24235729
24158572
24130218
24061647
24148884
24216913
24020729
24107204
24182206
24222503
24297757
23958530
24073680
24419009
24184521
24397507
24241450
24377720
24306735
24292097
24208437
24196084
24705284
24076145
24374313
24481097
24566189
24471238
24453304
24544618
24315822
24723840
24559707
24405413
24706667
24532435
24707359
24866342
24641994
24432835
24544638
24949501
24546312
24393601
24271006
24772983
24676680
24973596
24845993
24717799
24899485
24652644
24759268
24806768
24563814
24770068
24829762
24988755
24657203
24748116
24953558
24775098
25023211
25234323
25244122
24784365
25075160
24766181
24704032
24784606
24899124
24915936
25040274
24837246
24862264
24964719
24871040
25066764
25000728
25019403
25020476
25154771
24880509
25145684
25223522
25582858
25107571
25335617
25359752
25215708
25169781
25226288
25553502
25621592
25120106
25389830
25545016
25223362
25275422
25084347
24864188
25147948
25395451
25569703
25493147
25109575
25209316
25455245
25451237
25227601
25067445
25414688
25690825
25569051
25782960
25343181
25674492
25166585
26041402
25445597
25382807
25555916
25777630
25620570
25762391
25690123
25546088
26007899
25687237
25657510
25417031
25887168
25630178
25701554
25803309
25772831
25825440
25693930
25457649
25846752
26022477
26257675
25816434
26393634
25717465
25781808
