30
61
40
90
120
70
190
170
221
230
310
381
311
441
371
531
541
551
641
691
641
731
892
882
892
1082
892
1102
1423
1052
1522
1533
1633
1663
2154
2054
1763
2365
1994
2615
2685
2525
2465
2204
2895
3146
2986
3377
3586
3446
3847
4468
3707
3667
4639
4599
5129
4168
4618
5270
5099
4589
5590
5480
5811
6592
5691
6833
6722
6973
6412
7754
6462
6873
7354
6773
8135
7825
8837
7755
8636
10009
10149
9738
8897
9017
10780
10639
10289
9458
11031
11471
11261
12954
10991
12904
12444
13014
11732
13655
12683
14687
13675
14797
14617
12824
14277
14768
15028
16049
14286
15419
16731
18163
17973
17402
17532
18494
16791
18113
18695
18083
20738
19897
19987
20237
23223
20999
22081
23053
21229
21600
23303
21901
26659
22812
23183
25036
27040
26780
24375
26249
26179
27471
25968
27071
28213
26650
29946
28763
31899
27922
28814
32490
31168
34174
31148
31398
29695
31328
37159
35826
33713
35045
36467
33142
35215
35416
39313
39092
34744
37189
42249
36899
39193
39934
43311
42129
43000
40054
41877
48641
41347
43261
40465
42038
43922
47438
44262
45364
44283
44613
47548
48530
46456
47549
50634
51766
57667
52718
51857
53349
54511
51405
58449
48951
52698
55533
52798
55052
57847
59460
57918
58309
59660
57347
59801
60002
53760
60593
53890
63497
59741
62636
59951
61675
65451
69710
61364
71823
68257
67405
72164
65662
70070
68427
71693
74348
74999
76392
73657
73317
75500
75330
80890
80430
70020
77514
83004
73086
79487
84226
82193
77764
87322
82072
75570
85108
86190
79658
81472
85739
91680
92442
91350
92241
92401
88314
91279
94846
95147
87723
96239
100367
90017
95367
92312
106919
101488
99354
107610
111257
97551
106107
95307
98152
102691
106278
104865
101018
105906
101589
109854
110435
108842
111246
113291
109393
117939
107720
112699
123259
119101
123219
112379
119051
117738
114443
113571
123810
123490
117017
120063
125142
127016
124151
125883
139469
126605
128619
129400
133538
130933
120855
131053
134720
141242
138387
132657
145831
133808
156761
139519
139629
155389
150209
139860
142956
149467
141273
144819
151641
141172
148636
140170
148396
142715
150410
155799
150098
151612
161300
148646
169294
164035
156440
161991
156270
152363
160809
160408
165066
162542
175356
161350
171779
169746
165488
165337
160538
184132
170376
176087
181747
179103
174895
176248
190784
180525
185445
181317
188911
195664
182920
179844
199561
188339
187618
189562
189332
196825
199440
197797
191055
194150
203157
192377
178923
205822
212966
210671
201133
209008
202356
208377
194731
207706
193179
199451
214959
204921
220139
207375
219588
207555
221652
215461
220500
213246
206223
227041
222453
227523
227292
234635
216071
228324
223926
215571
227322
215440
295969
240026
246016
236599
226791
237010
254683
288276
236028
228805
247710
238583
244875
251998
244013
252369
252078
254973
242721
249554
256467
247510
251928
244725
260754
267707
269000
264371
269050
274790
259311
265954
249914
271103
268489
289167
277235
285119
289417
277566
295028
290870
275192
278908
281623
278307
292403
290720
279499
288836
297192
303824
303133
291161
293415
291642
307381
307411
295950
302612
301290
310637
308863
309756
312370
293555
322369
301831
304606
323039
306970
322218
321256
323010
330554
311899
317610
316618
331837
320435
318651
331295
338999
325174
324763
341714
338469
333238
333509
345101
354748
339751
336214
347385
342577
348247
334251
349088
350461
352886
359347
356923
361351
356923
359087
369988
342606
364847
350000
362443
396737
390976
372802
364827
398670
396957
376900
368424
361010
395665
411825
358696
392428
381939
385135
388782
393401
411504
407136
391577
383783
388090
382350
371189
400193
398359
409741
418938
422164
391247
406826
402738
405122
405844
414519
421803
421633
418186
406585
419028
422064
438033
417896
435278
434707
439216
456928
414690
414670
443464
428817
443304
447331
429367
429738
441550
439987
462609
427464
463310
452630
450948
468140
485221
456318
470434
458812
465574
470744
477777
474982
472788
471266
477237
470293
483588
468380
485913
470194
488607
474211
496422
497795
499648
510488
496872
498375
507072
495320
513444
492184
500219
509727
520486
526268
504417
512783
527460
512893
511801
541776
494538
520918
518794
518933
520677
490571
526638
513563
535605
508234
534853
528982
527870
527299
502524
563306
557415
548880
537709
556524
537759
611395
559369
559148
558167
582311
581180
613549
572894
539702
584806
594334
576681
586469
585046
536146
607347
571041
589715
592471
562094
593613
576140
569999
617216
582332
582231
576280
603841
587330
610473
576361
595325
600285
596518
610353
600876
649906
596598
624219
626253
615704
647512
617016
611295
612638
614952
609071
639076
622466
646401
650138
650669
648324
622576
654655
642603
639668
657792
647633
654025
650969
651029
665305
661618
678500
625031
677759
678210
638596
638315
682016
696353
679492
689230
683880
653463
702675
697425
679783
658833
726019
705850
683970
691744
699940
688529
691174
698608
686525
715258
694950
700100
695191
695361
729184
703536
721881
732690
736979
730717
721821
724916
721390
717652
739854
739944
702405
772054
749041
760853
748761
747518
743631
762506
755202
723143
713625
786651
737520
729815
732440
775961
766714
779528
757246
745023
772395
805717
793614
811637
786972
815995
776292
780319
786952
792441
800307
810856
799095
827867
818460
764380
824381
842275
809022
814603
751937
847855
820433
809112
810455
782924
855329
839429
831555
858755
841773
878361
842144
844749
849528
870376
850359
900292
828970
834089
894872
860578
887498
848676
845340
894552
866600
827266
869264
887689
880976
863253
884653
867611
916592
907946
865247
887268
903948
887148
873362
875045
907926
908908
932141
916743
946218
936449
918015
930228
893600
944273
888560
947330
903858
897376
933373
959131
971204
914799
928184
920269
905702
974750
1004306
951266
924667
940176
991581
998985
920008
943212
979168
953231
1001680
951216
990991
975202
985290
963860
1013583
1016338
997944
977615
975501
1006089
1040632
1016989
1027398
1007071
1005397
994467
1036355
1045872
1003904
1040883
1005137
1027378
1024092
1048207
1007931
1060479
1037176
1024483
1069295
1050310
1057454
1015837
1044450
1045572
999597
1069286
1077912
1053106
1067373
1114129
1075708
1065900
1060811
1121112
1090375
1090335
1067523
1063454
1104341
1109050
1117055
1091427
1080577
1088351
1116654
1072231
1069356
1070498
1108899
1107046
1135298
1131061
1143704
1145938
1109831
1130069
1176575
1106415
1107186
1155807
1137643
1109571
1128196
1159994
1126652
1151619
1141230
1138264
1161677
1151739
1132694
1153682
1142162
1223292
1182917
1150025
1164963
1139807
1175042
1178098
1224525
1178899
1170734
1214085
1191482
1206530
1161286
1210097
1217451
1244381
1241276
1218794
1245733
1240954
1210909
1182046
1213273
1253748
1236617
1231687
1227620
1215708
1247607
1252446
1259510
1245974
1248509
1228622
1300956
1280188
1236656
1267725
1246806
1253608
1229203
1254399
1284997
1280087
1245343
1313589
1336762
1283834
1252366
1262224
1317887
1330220
1320312
1362961
1326443
1359214
1297750
1354676
1273626
1244230
1312708
1281139
1354305
1355367
1326053
1332836
1345508
1301066
1322646
1315634
1353022
1325171
1311826
1393007
1338657
1319400
1371126
1362120
1371246
1409798
1342743
1349777
1411021
1368812
1395291
1379091
1394680
1383419
1426749
1357501
1405791
1422612
1385964
1417853
1352291
1448299
1406092
1425147
1461915
1399269
1420298
1427130
1424165
1400872
1452047
1530713
1417983
1416651
1456595
1506478
1404488
1446587
1481542
1429344
1496840
1459050
1498252
1428002
1441137
1483776
1469920
1481401
1480459
1480169
1468537
1509814
1518069
1524330
1512750
1470681
1547304
1492532
1485288
1505897
1538317
1544418
1508091
1543957
1482754
1508552
1492471
1541903
1540731
1501629
1562632
1507219
1578121
1575736
1588110
1613106
1580285
1538958
1584132
1546111
1660664
1594812
1587689
1579443
1571148
1598829
1558925
1611392
1579834
1615460
1577750
1617103
1660814
1571659
1607456
1604390
1560298
1549157
1539178
1575186
1613747
1611923
1637481
1669721
1697954
1673258
1621361
1655955
1642010
1602305
1620520
1598608
1707771
1645125
1610832
1632913
1686111
1630358
1679750
1738178
1703444
1672657
1714153
1678518
1713171
1724553
1761943
1668639
1657158
1718612
1678076
1730604
1776189
1712540
1742467
1789132
1734572
1671033
1696010
1686101
1774536
1753707
1767262
1752274
1794814
1783042
1717780
1756542
1778112
1777692
1758767
1727618
1768424
1777421
1766861
1837613
1768795
1876164
1817124
1759167
1764687
1813818
1823917
1855526
1802327
1771660
1842772
1833345
1780346
1830149
1864222
1832343
1861406
1799142
1813628
1828827
1889420
1809039
1826693
1864242
1863330
1828736
1868860
1876795
1900078
1809210
1857660
1901542
1874491
1854945
1920727
1910559
1869953
1961974
1947146
1891733
1871356
1928792
1914796
1899919
1942538
1954550
1909777
1948820
1862459
1908985
1918564
1912683
1932239
1939973
1959159
1940675
1978734
2008300
1977252
1983092
1938049
2029930
1946595
1976461
2003531
1947206
1936687
1965160
1982672
2027045
1968927
2005475
2049937
1999724
2050127
2064785
2061419
1998481
2036923
1986399
2050228
2001036
2026664
2018889
2010344
2142920
2082538
2070134
2083530
2086174
2018368
2105300
2076587
2136919
2060647
2105190
2070214
2051741
2095451
2019140
2117031
2021645
2095942
2053735
2094180
2065456
2103216
2067259
2105430
2026644
2102875
2163387
2165902
2204534
2095933
2152468
2193253
2142129
2162386
2209814
2160473
2220344
2204434
2129605
2236374
2203653
2145033
2159049
2168166
2149261
2137670
2087547
2230032
2301305
2286086
2158849
2183145
2201839
2211748
2219803
2245029
2269926
2183596
2221045
2231915
2133642
2320780
2202861
2319077
2177574
2279664
2203241
2292227
2246182
2264236
2257693
2253625
2231494
2269024
2318966
2225824
2339695
2309279
2337170
2340818
2306394
2343212
2284523
2312244
2273733
2296856
2311432
2317605
2397913
2312274
2354303
2324247
2391411
2304981
2381102
2325428
2297828
2306884
2415606
2307936
2404436
2478913
2343322
2333564
2335367
2420225
2430985
2537483
2425254
2366586
2371053
2417409
2350445
2417310
2406950
2411468
2438368
2447917
2391772
2511755
2433369
2443107
2460750
2459768
2457955
2530630
2485176
2576064
2510052
2475407
2461502
2442657
2540468
2488742
2480997
2565113
2449750
2555706
2519419
2529127
2545878
2492900
2634452
2461231
2561657
2526693
2576616
2504612
2538865
2554574
2572307
2556708
2587956
2517987
2504301
2566607
2633380
2604247
2622040
2494583
2575553
2590241
2617090
2592094
2650622
2639412
2687702
2557941
2664820
2550958
2765736
2678885
2536261
2627920
2578569
2729870
2684466
2646445
2649099
2769273
2697169
2695817
2686580
2715744
2709352
2610167
2647967
2697069
2636918
2769674
2766318
2674968
2666502
2787207
2705575
2785173
2757872
2647657
2787397
2810480
2721604
2756770
2760055
2736072
2792006
2769734
2705815
2794119
2801353
2771507
2770615
2808656
2748464
2691759
2786044
2754295
2755597
2737994
2802334
2779202
2814386
2835787
2836428
2824706
2772789
2838381
2856706
2814998
2904033
2871633
2992046
2906368
2913321
2921766
2824676
2843261
2901729
2884287
2999691
2897741
2913812
2887503
2867456
2896028
2993951
2878085
2989062
3064992
2962361
2965217
2855303
2974615
2850725
2930953
2984643
2961660
2896098
3052620
2956211
2948697
2975646
2903101
2858769
2952213
2923129
2979804
2987579
3008257
3060664
2941462
3045987
2962011
3099175
2994902
3053431
3019658
3013306
2959015
3034686
3085119
2994381
3074360
3018446
3121768
3117310
3056737
3052158
3055154
3042350
3053151
2990575
3219730
3128571
3175738
3081573
3052890
3092122
3159017
3108373
3180237
3039525
3166611
3129493
3168184
3149640
3187310
3144210
3183773
3076514
3069210
3105978
3220781
3101470
3171941
3188512
3208960
3062678
3149188
3214901
3139591
3296683
3166381
3224719
3264994
3217746
3227173
3193942
3283738
3152625
3239307
3176870
3129062
3326708
3162393
3284390
3238675
3342668
3267739
3341235
3133720
3293347
3338971
3297996
3301351
3256649
3404113
3244585
3333602
3229488
3397410
3338811
3360631
3422026
3280713
3388303
3315137
3401537
3400746
3346625
3490102
3403921
3421856
3290230
3366953
3314195
3348839
3471387
3472570
3368877
3483159
3406657
3477108
3412708
3327850
3503187
3470235
3571002
3486535
3479903
3408139
3392581
3403341
3239677
3503337
3461289
3464655
3404743
3457351
3483219
3552528
3392340
3435691
3567266
3552267
3570902
3541337
3437274
3462200
3602801
3541788
3585569
3542349
3510570
3645861
3537220
3545605
3573647
3618440
3537149
3589236
3687478
3541177
3586180
3583725
3551305
3490042
3618079
3513525
3539564
3629531
3545545
3595538
3736460
3566564
3622298
3632116
3649528
3572024
3536639
3581782
3673343
3653124
3690014
3735878
3754643
3696956
3637666
3733023
3701995
3817160
3710080
3617279
3708608
3768599
3673863
3760484
3564280
3722733
3730759
3717795
3668293
3685736
3830925
3802332
3699241
3765003
3778587
3703499
3778658
3813723
3829321
3797673
3907998
3739024
3786612
3777426
3775261
3808223
3768640
3869216
3832448
3911986
3823841
3926763
3800880
3761356
3882601
3775061
3984009
3906044
3886388
3819974
3868094
3977878
3839631
3943073
3878293
3825986
3973830
3973129
3940208
3895244
4022009
3936200
3940719
3976045
3996512
3905303
3975543
3960185
4005570
3974001
4111916
4041897
4039712
4014736
4076441
3968130
3911805
3971235
3921253
4013734
3934818
4044201
3822910
3962439
4059740
4050834
4110464
3991753
4132665
4234174
4017992
3951619
4097259
4022611
4081941
4100466
4112007
4034724
4011060
3937132
4054720
4054310
3937403
4149436
4149907
4122617
4028001
4110304
4174003
4253019
4118218
4174433
4210581
4072073
4223253
4394061
4135311
4183680
4149557
4115974
4256665
4183951
4253690
4119250
4122687
4199309
4213706
4195192
4198408
4181235
4184071
4334921
4146281
4212464
4240596
4282764
4485210
4242660
4344398
4140741
4228673
4291200
4323369
4305557
4267636
4289426
4412906
4166939
4295609
4318771
4269379
4262346
4298214
4229996
4324562
4342054
4353746
4202836
4400122
4285870
4425921
4394732
4368914
4344038
4334390
4468950
4505658
4398399
4482665
4404791
4438634
4347785
4328819
4461226
4455304
4554008
4536585
4521157
4448282
4394662
4449955
4426421
4507282
4373302
4479119
4545803
4544300
4519013
4564538
4389383
4631101
4537417
4590285
4505127
4537277
4583442
4533230
4584405
4536746
4534101
4597960
4472036
4536836
4720277
4525805
4514615
4694058
4760221
4625450
4658362
4435187
4630911
4675303
4575789
4601677
4700420
4769659
4604531
4676275
4712051
4704317
4546193
4729394
4660065
4770139
4793062
4661127
4795125
4795396
4726869
4742538
4807990
4609371
4692045
4645448
4809452
4853364
4950484
4721198
4791359
4653032
4827916
4635449
4882338
4755172
4762666
4718694
4884472
4677638
4849026
4827987
4826304
4891615
4820323
4869273
4753348
4853965
4788984
4771863
4840861
4795897
4970171
4860117
4859085
4934615
4934635
4819271
4909538
4959782
4850068
4923043
4957007
4984147
5051381
4855257
4842835
4818359
4843155
4953500
4920579
4991470
5029071
4953279
5050840
4896735
5048476
4856059
4884562
5117976
4930727
5121031
5070387
5015936
5926157
5101916
5043047
5062502
4925037
4983536
5086447
5215397
5034260
5231396
5131681
5073402
5034621
5115521
5076298
5148512
5111985
5100663
5062844
5158541
5249009
5151889
5188718
5063425
5159994
5091547
5129257
5174681
5172977
5903385
5569554
5180121
5450604
5153852
5156778
5186003
5174140
5065759
5749429
5158221
5395461
5424234
5327214
5230505
5315202
5386735
5747705
5245783
5498152
5353292
5252416
5453238
5798710
5356799
5515944
5468847
5365725
5292470
5444603
5440956
5916308
5450052
5273755
5418033
5320251
5480318
5418233
5326032
5777962
5627802
5313479
5447157
5570486
5608777
5829718
5616682
5554486
5592898
5626129
5549677
5437189
5565507
5924434
5629235
5639144
5394479
5558164
5567651
5450724
5647199
5936536
5469910
5533547
5590623
5598248
5501549
5625017
5662708
5566178
5568974
5654693
5776489
5595102
5773684
5779013
5873199
5860004
5730804
5828445
5517998
5734151
5807416
5647639
5721607
5743517
5839165
5678006
5741925
6060706
5904977
5741354
5646297
5795935
5725494
6061728
5689106
5757303
5734461
5754437
5734350
5809971
5742074
6156755
5775216
5785866
5856267
5953437
6332422
5831090
6108385
5961062
5772762
5828245
5912441
5896011
6097315
6036612
5880683
5807036
6001877
6134864
5914776
5955801
5999653
5814730
5808278
6018749
6060136
5949450
5913143
5977402
5915567
5797538
6071366
5978784
6270696
5840628
6165211
5864603
6080363
6296033
5961913
6495023
6037393
6069102
5907141
5800724
6432397
6060807
6155052
6157898
6165441
6039778
6240791
6082528
6112914
6294471
6014692
6478793
6220815
6034418
6138331
6457394
6198974
6288871
6131508
6121380
6454037
6178516
6377365
6207590
6316482
6191710
6221586
6238256
6274153
6254287
6281086
6215233
6154852
6429461
6347320
6181973
6332612
6231705
6293288
6530579
6246892
6355535
6225624
6416237
6430684
6381643
6629874
6292427
6281467
6378598
6665751
6450992
6907760
6474115
6503599
6380902
6368839
6390570
6284552
6271559
6343311
6390729
6468124
6514781
6608124
6561768
6481398
6477801
7236962
7001094
6421177
6515492
6585442
6553392
6456312
6425685
6374771
6490496
6622330
6644491
6400037
6586885
6406138
6569392
6642167
6570203
6658177
6354984
6743355
6632890
6554815
6738075
6560987
6723609
6700405
6535339
6666482
6999661
6668827
6611721
6688623
6631767
6749967
6652146
6724129
6857627
6774804
6780163
6840716
6812663
6764053
6741642
6701518
6738105
6810229
6647777
6507767
6790502
6786495
6644121
6702509
6711766
6812624
6775154
6688853
6957212
6809207
6899274
6797886
6747162
6854692
6999450
6709382
6946462
7080892
6955840
6924070
6733476
6842158
6879037
6797074
6842879
6869529
7007505
6977820
6928328
6921416
7080722
6903753
6913651
6856695
6931965
6811781
6876853
6995193
7128961
6926495
6721484
6926335
6758834
6762410
6805321
6962352
6694975
6831780
6854412
6888474
6812213
6869349
6965308
6863939
6899546
6947184
6855373
7030889
7076043
7020710
6942164
6869620
6806403
7007196
7036319
6980345
7057989
6992488
6942365
6932586
6909023
6987799
6962742
6929231
6916788
7002566
6972812
7137427
7080692
6938507
7100088
7131226
7106360
7056076
7234467
7225441
7243835
7371682
7261568
7258372
7224339
7187210
7258933
7435460
7239747
7362064
7364218
7346746
7316940
7418499
7289880
7438377
7480084
7363256
7461349
7451220
7512123
7548180
7484011
7430822
7535276
7614734
7556776
7335235
7418419
7520629
7677820
7455868
7603924
7531159
7483440
7571754
7677430
7503377
7549202
7667722
7803584
7545705
7602020
7492737
7594506
7667712
7611137
7404593
7627246
7513295
7697377
7577133
7789198
7571253
7724006
7798916
7499460
7611197
7480153
7584647
7786052
7521711
7847306
7577895
7664947
7632336
7599606
7681919
7515840
7780461
7734155
7808033
7945277
7728465
7705522
7749905
7450579
7768469
7854780
7814946
7926383
7798585
7912887
7668143
8031067
7789258
7939828
8410972
7738163
7830405
7693520
7836716
7904272
7981996
7972548
7868435
7795780
7950829
7724007
7745126
8170005
7905203
8029695
7977207
7826177
8058468
8183630
7995621
7843559
7808995
8238563
7980954
8081781
8131884
8101418
7991073
7886449
8085358
8324592
7904172
8128108
8121195
8239765
8215630
8302581
8251417
8238212
8106427
8089545
8011441
8129269
8041837
8357674
8367803
8004568
7971818
8206052
8009807
8381328
8190454
8235487
8323109
8067375
8269530
8198488
8165827
8375166
8100967
8282384
8179423
8265072
8134209
8324452
8445617
8344039
8268598
8095306
8051946
8560661
8198869
8288515
8317259
8364276
8415492
8320164
8245566
8768878
8625411
8445237
8445757
8552566
8744513
8553768
9868340
9128285
8123288
8298684
9776208
8641932
8465224
8372872
8629669
8607238
8406605
8346143
8251967
8682457
8380055
8421102
8426431
8471575
8309164
8375477
8179624
8237621
8154988
8265783
8309294
8484320
8361090
8252258
8239835
8291541
8276864
8212213
8223465
8470774
8211262
8401114
8395825
8264130
8376609
8251327
8340552
8335904
8375798
8329582
8566281
8187999
8368264
8405643
8573946
8990640
8652772
8616896
8598912
8901745
8880435
8537969
8952188
8603842
8834941
8672930
8784587
8826205
8840241
8864225
8736809
8828369
8869545
9052244
8845430
8720127
9072332
8801920
9129638
9185983
8902736
8960965
9702302
9162630
8762737
9279586
8811868
8932652
8979659
9078944
8951557
9172418
9471283
9146700
9229554
9406643
8950105
9439043
9164142
9271151
9369754
9194158
9365195
9086518
9249651
9185322
9107567
9496279
9108710
9256083
9443742
9118297
9080116
9178619
9146299
9218584
9273355
9019704
8978818
9429535
9026306
9243941
9166116
9525994
9368522
9244572
9354336
9470872
9404308
9364173
9292381
9243048
9333897
9358924
9387847
9345479
9466043
9244121
9414397
9362090
9329199
9485209
9431749
9322616
9480360
9404709
9431649
9476973
9591556
9332345
9392567
9580507
9297269
9363724
9400292
9247557
9377168
9232039
9418876
9512961
9433472
9352532
9240374
9071330
9343256
9794684
9436078
9582159
9549779
9400492
9632132
9388198
9580326
9840459
9516307
9780548
9391565
9508513
9259249
9932320
9438262
9391334
9449913
9582961
9542986
9475411
9544419
9479959
9577791
9373732
9829358
9562833
9531415
9645396
9636951
9588091
9855336
9812978
9653912
9291108
9819199
9714975
9950323
9619148
9723722
9860356
9726377
9908285
9502561
9615431
9659262
9673719
9788633
9879561
9802748
9621763
9590234
9873961
10012328
9772563
9886825
9849105
9467225
10083170
9915718
9678508
9763927
9919877
9869383
9972564
9758938
10003953
10028939
9827696
9683728
10177485
9862700
9749871
9981070
9919215
9870254
9895492
9816655
9896684
9952487
10096845
9720867
9982363
10036703
9800756
9893888
10000367
9921741
10207071
10121943
9954922
10044509
10068123
10448549
10556610
10232688
10091235
10018160
10730082
10041473
10227589
10016456
9954200
10247556
9900110
10145286
10088811
10254889
9878199
9877599
10526143
9930416
10312756
10798099
10406691
10458217
10367298
10154242
10582718
10596754
10194136
10465080
10704835
10248607
10237867
10410839
10701969
10341409
10291157
10676703
10416299
10349956
10071468
10392946
10702371
10370984
10433140
10465180
10055589
10524730
10411170
10754196
10565486
10430255
10370484
10233950
10562079
10376885
10514982
10549527
10493562
10579161
10457486
10647018
10630647
10352189
10474868
10793270
10535260
10404096
10261512
10712149
10399117
10722839
10731254
10939510
10359373
10629616
10792207
10732166
10825449
10711467
10823225
10696499
10476220
10777700
10691901
10573551
10824066
11048624
10821101
10840747
11253073
11308006
10879389
10789643
10988562
10811073
10746042
11322453
10834486
10885611
10875673
10739490
10918652
10821402
10881694
11097836
10914014
10692853
11006275
11074131
10924794
10917821
10862468
10761260
10459449
10901972
11042513
11085934
10865213
10874651
10638843
10875001
11007177
10794703
10936636
11157586
10810121
10742956
11262060
10924473
10781007
10963877
11164018
10963306
10923762
10957344
11286726
11033035
11045228
11198032
11031913
10912761
11384167
11486297
11039678
11515922
11320119
11220884
11344303
11170381
11325969
10943208
10930024
11604176
11525460
10927469
11060666
11580252
10803900
11292818
11466380
11716394
10898906
11208351
11749075
11312224
11465288
11054395
11552641
11252052
11327131
11545517
11202680
10899928
11559964
11260006
11320028
11346467
11186070
11224702
11097776
11873196
11420806
11295283
11667354
11643119
11404676
11481689
11408152
11994521
11383416
11469486
11411639
11411719
11293369
11194806
11444820
11224612
11351617
11515792
11501646
11673605
11606842
11670570
11400568
11682262
12080421
11411989
11634974
11753083
11729710
11451754
11731964
12049524
11769945
11662414
11685317
12063810
11812945
11472683
11970697
11765947
11797776
11978542
11839524
11735019
11808837
11992037
11754706
11587686
11613594
11780574
11971329
12321880
12106960
11865231
11896500
12249986
11709633
11726654
11887433
11979484
11731283
11448487
12139410
11810821
11716094
12249706
11902801
11626989
11729720
12161442
11842459
12155360
11591113
11999170
12155170
12194213
12330866
11837820
11952103
12199222
11999301
11970057
12358578
12220512
12374208
12355603
11976950
12002537
12130645
12059683
12113994
11967342
12398243
11826671
12006505
12322762
11994482
12153588
12348199
12685716
12228687
12074410
12302023
12229799
11962794
12346797
12314136
11918191
12293948
12298658
12366333
11857878
12202639
12431484
13241688
12243485
11695927
12078238
12047500
11754036
11857979
11760157
11829196
12142437
12431905
12207527
12058671
12043994
12222405
12191638
12156373
12391830
12433778
12171611
12127389
12186208
12642365
12556005
12631646
12536750
12288188
12793336
12495683
12598023
12455067
12635192
12608893
12654819
12596110
12664286
12646784
12920913
12551657
12807482
12754274
12766567
12486977
12544173
12845363
12586352
12577856
12731622
12467612
12605608
12525399
12767208
12936162
12745407
12983029
12662945
13005851
12604787
12633530
12932686
12668225
12901738
12655251
13604594
12704302
13326979
12996153
13144138
12698761
12619924
12670358
12658577
12760696
12871892
12798126
13285391
12655691
12987277
12987667
12946101
12878826
13099485
12964795
12807594
13214368
13008195
12752551
13061485
13174244
12734247
12947443
13441059
13139349
12975185
12928538
12839212
13042950
13077484
12981486
13327188
13195974
12865100
12863447
13184293
13071253
13111107
13339712
12800900
13285120
13358376
13273429
13075120
13393040
13357955
13278839
13397539
13222845
13191968
13659546
12846345
13297494
13425912
12940731
13196576
13586992
13274992
13184754
13327540
13384716
13119052
13657372
13536378
13256207
13645020
13495131
13302493
13257760
13540695
13211755
13522292
13403200
13331938
13643357
13501232
13543380
13392521
13419681
13612709
13959534
13743362
13135373
13564810
13333240
13432865
13858165
13129402
13787604
13866922
13235007
13689021
13258722
13772837
13524536
13890185
13488599
13647394
13713827
13734075
13656972
14058517
13841955
13576612
13992565
13669595
13861602
13400125
13449486
13504989
13389946
13992165
13638046
13786542
13729447
13833529
14078385
13753151
13826297
14313301
14026689
13648485
14039613
13497846
14028682
13809715
13928887
13909572
13877141
14141392
13999108
13681498
13864898
14466136
13724378
13560182
13940108
13973511
14236989
13927074
14087232
13972959
13877181
13963862
13782635
14278106
13894503
14041818
13839351
13893972
14150489
13980624
14273838
14575188
13916855
14465234
14626493
13941871
14189702
14689972
14268518
13878403
14299406
14316778
14181436
14568115
14154477
14531497
14227642
13894022
14495350
14264851
14388341
14391918
14092792
14373373
14521268
14228463
14278146
14797562
14502453
14345120
14595256
14412225
14775441
14431822
14481033
14521128
14558317
14429287
14663993
14481644
14516419
14248321
14460404
14298494
13908370
14419369
14297483
14624650
14635109
14160147
14395715
14672519
14458482
14486504
14603090
14753440
14752959
14773838
14770091
14466236
14511300
14538180
14681296
14824181
14700191
14555322
14338940
14438054
14569428
14716901
14496302
14557365
14463571
14838919
15102789
14673792
14796299
14914819
14860098
14759391
14602810
14825654
14688099
15062133
14448563
14426553
14777465
14959603
15097108
14818401
15015907
14992143
14987856
15024793
14944014
14867441
15023672
14855960
14842405
14959052
14654998
15052265
14974149
14743392
15123999
15234253
15284867
15001871
14973539
15521447
15013954
15427953
15246386
15099483
15281221
14961508
14974932
15659644
15426912
14755314
14916573
14877381
15150909
15082652
14945197
15828949
14789478
14789397
15479279
15108440
15398900
15130380
14847625
15206673
15579435
15203116
15138646
14913749
15608258
15299214
15187928
15033290
15049620
15245415
15763397
15343086
15830081
15441008
15775078
15618017
15111145
15426852
15346753
15738210
15376799
15591648
15551383
15427843
15239795
15630731
15702994
15638656
15734102
15411123
17424122
15559488
15419388
15933062
15115203
15707102
15454673
15247248
15799384
15633706
15273296
15831664
15346923
16133114
15710359
15676066
15663372
16057344
16027348
15690963
15598281
15743551
15547646
15986231
15934566
15257889
15816707
15465163
15459473
15520978
15572383
15791800
15349288
15687627
16065328
15689861
15931670
16203264
16226358
16333667
15931880
16277873
15776722
16042166
16374233
15821426
15726819
15962578
15855108
16109991
16030685
15875786
16094833
16180472
16220476
16217722
16274938
16336672
16009915
16068354
15537558
16407975
15955855
15745915
16744831
16295746
15911422
16226077
15823248
16190882
16087761
16390894
16277693
16168149
16445977
16101697
16204207
16049049
16469860
16176686
16451768
16202444
16846972
16325603
16315714
16062383
16672036
16067193
16277023
16359255
16063866
16282493
16558235
16366228
16431430
16417865
16564467
16313441
16454653
16533128
16621934
16506699
16203896
16483556
16576418
16462958
16612986
16413386
16845750
16706079
16596596
16726378
16015637
16930437
16493966
16443873
16753517
16472476
17029621
16379924
16764589
16473407
16358564
16259660
16557774
16802328
17056381
16596186
16903907
16554848
16659223
16820783
16807037
16933983
16809182
17074114
16620491
16699458
16977625
17068253
16996760
16576048
17235605
16840510
16535033
17587328
16865116
16814942
16925488
17455283
17700137
17647340
18077418
18175861
17915838
17323768
19282086
19119044
18601242
16844538
16837144
20213568
19187741
17703704
17163691
17283543
17277712
17869853
17336572
17264168
17479658
17447668
17434724
18612042
17842442
17548336
17423103
17466984
17534239
17480980
17782541
17300805
17471122
19526972
18726805
18303479
17874452
18090753
17605541
17882517
17617845
17321224
17199818
17955172
17726407
17534320
17450734
17648763
18039027
17567351
18100152
17996959
18531813
18283652
18182734
18354033
18201209
18265789
18318898
18545178
18299962
17796858
17935565
17983635
18553774
17710307
18440684
19676020
17598710
18562821
18017869
18462124
18398456
18644904
17873590
18385552
17447709
17970190
18003733
18001138
17840990
17830561
17687695
17617705
17889089
17774857
17851590
17795967
18226896
17872398
17984216
17784845
17984075
18209344
18127763
18456815
18334929
17882388
17787320
18118556
18905439
18457857
18837933
18598458
21800658
31205774
27773476
19771127
20861703
19273292
18688545
19265879
18986699
19309519
19451743
19245530
19039126
19157206
19695887
18724372
18350227
18611462
18595903
18430275
18490968
19006066
18882897
18582128
18615550
18731906
18598117
18628644
19734449
18782851
18920366
18781968
18857269
18652428
19082086
19541611
18885842
19308507
19261450
19393244
19215705
18767743
19218241
18910258
18918614
19071588
18957115
18787790
19876384
19353472
19011446
18999634
19481650
18800724
19740501
18979316
19618274
19804870
19749567
19582818
19554395
19860494
19631308
18886795
18638974
18973746
18769447
18757575
18277141
18584012
18989836
18475240
18622223
18954601
18539459
18661386
18704566
18704376
18702662
18464540
18741264
18822355
18659152
18393128
19086897
18356359
18814079
18487753
18536653
19270568
18924214
18221117
18766601
19043095
18799162
18602066
19327214
19119087
19127422
18760120
19139034
18736717
18972915
18819831
18997310
18883420
18852071
19316043
19354013
19426638
18715828
18739642
18694959
19377437
18941728
19206289
19165694
19199958
19103509
19135818
18796698
19158771
19027296
18997931
19137983
19206259
19360355
19040451
18666616
18760461
19331612
19074955
19107044
19679789
19209164
19142380
19081567
19030091
18971533
19279865
19627161
19439082
19050088
19194167
19662497
19302097
19322316
19196983
20003561
19425407
19479037
19320352
19666656
19036634
19541633
19531474
19341411
19114299
19188046
19203395
19941085
19616201
19490198
19257946
19459060
19621562
19700929
19897765
19736926
19351440
19519021
19760720
19622363
19298131
19901472
19515254
19697673
19846129
20025081
19531333
19462305
19680772
19632312
19542334
19466854
20216217
19701049
19758676
19236145
19416731
20150835
20247204
19328006
19663660
19650475
19844205
19720035
19980199
19398738
20355266
20039429
20073633
19429094
19643854
20044748
19750221
20030903
20144604
20170392
20098769
20030172
19875985
19778573
20234041
19521085
19654584
19983865
19705769
19764838
19919596
20045630
20085814
19940034
20661064
20466653
20095673
20233610
20152179
20342081
20135166
20037896
20018790
20194016
20564996
19729082
20077640
20089021
20096545
20344004
19834478
20494805
20143853
20012559
20139535
20587077
20301336
19947318
20291809
20802979
20584262
20875854
20251925
20277622
