60
70
90
90
100
151
170
241
281
381
411
431
491
581
641
741
842
922
992
1102
1202
1333
1443
1633
1743
1873
2034
2144
2315
2484
2635
2795
2996
3166
3346
3586
3757
3997
4158
4378
4578
4849
5069
5320
5551
5821
6031
6312
6552
6792
7104
7383
7674
7915
8266
8516
8846
9147
10519
15308
10139
10459
10801
11131
11451
11812
12172
12514
12884
13335
13746
14106
14527
14927
15318
15739
16120
16541
16981
17442
17864
18264
18715
19166
19637
20057
20568
21039
21530
21980
22471
22983
23463
23974
24446
24976
25537
26039
26589
27110
27662
28192
28733
29304
33222
52938
31007
31598
32049
32380
33001
33593
34203
34804
35425
36036
36618
37259
37910
38491
39203
39793
40455
41116
41768
42429
43130
43791
45344
45184
45865
46576
47258
47999
48881
50494
51285
52026
52777
53540
54270
55092
55843
56594
57366
58178
63418
59791
60593
61394
62225
63047
63898
64670
65572
66623
67636
68447
69358
70200
71102
76482
72865
73747
74638
75560
76482
77383
78316
79257
80178
81070
82062
88063
83926
84887
85869
86831
87783
88775
89756
90778
91730
92752
97340
94786
116206
96809
97831
98844
99925
100957
102009
110805
109192
105195
106277
107339
108411
109543
110595
111687
116586
113941
115033
116556
117958
119121
120313
121365
123429
123719
124891
126024
127176
127707
128859
130001
135380
132416
133648
134780
136062
137284
138467
143796
140961
142214
143406
144668
145900
147213
152543
172139
151010
152302
153584
154937
160347
156891
157922
159245
160537
161840
167320
164525
166579
168132
169494
170877
176336
173542
174994
176938
178732
180133
185704
182979
184392
185794
188339
194340
191204
192637
194080
195572
200952
198498
200001
201444
202956
207855
204859
206333
207835
210219
213366
211803
212664
214156
219757
217233
218946
222833
224436
225969
227542
229134
229796
234925
376678
234225
238683
236177
237781
239363
244293
242599
244153
245805
247438
251917
250754
252368
258168
255714
257367
259050
264741
262486
264100
265812
270692
269289
270942
272585
278476
276142
277804
283466
279908
281442
283205
289136
289957
291771
307059
295378
297140
302751
300767
324161
310035
306327
308121
309955
316226
313581
315405
320524
319192
321045
327016
324832
326695
334831
330482
332356
338788
336203
337415
342545
340120
342004
347704
345831
352573
349708
351702
357733
356140
359606
365848
363754
365587
371678
369555
374284
371548
373633
380465
379713
381727
389532
387989
393509
392828
396495
401484
396255
397737
395853
399320
406934
404459
410951
410120
421411
414779
417384
423505
769366
426060
426189
432081
429706
429096
427292
433443
431660
434616
438893
438052
444343
450024
459872
456285
463449
461435
466094
463329
470021
467847
471003
470863
493184
478476
477414
483466
481302
487554
485710
491861
490289
501449
497783
503182
500167
506318
507050
513251
511859
517389
520845
518902
525704
523671
550470
528520
534942
531475
536765
536674
544429
543227
548948
553475
557233
564556
559467
567121
560849
568714
570016
567772
577991
575967
614839
581388
580476
580015
587108
595674
594011
599651
602897
602156
608367
607215
611603
614088
614259
621251
637962
637973
666596
643653
630439
639184
644785
676294
645747
643513
651237
657278
656937
670222
671815
667567
675572
679259
682856
761471
685821
685400
678457
687874
746634
696059
693595
695429
700869
702932
704455
707992
711969
715066
735303
736726
721407
720986
725174
729312
734231
740052
761061
747495
744209
747165
748337
753847
751693
771930
760379
781348
818718
765699
772933
781448
769166
773393
781348
789263
794763
796737
788491
798720
817725
804742
807807
809039
818647
817805
822064
826943
825590
824728
833965
830348
834406
855005
843053
842822
849364
851809
857790
858611
896792
883518
869051
867408
874761
877806
903725
885641
891863
889248
893376
895430
898505
898435
904837
910968
919043
944500
932307
920305
924072
928160
930644
939401
942848
941255
951673
946575
961832
954529
986458
948868
958436
965580
967703
970128
974997
979065
982100
990505
994984
1005814
996366
999763
1009150
1012526
1012596
1007618
1013228
1013649
1016474
1023877
1046559
1036431
1035539
1039897
1062759
1039767
1045017
1047321
1054384
1058942
1067839
1156173
1075092
1061747
1069973
1070043
1077026
1079401
1083718
1092564
1093978
1131347
1132749
1113423
1115668
1115968
1119294
1130264
1125596
1123953
1131537
1180418
1152846
1153758
1151243
1152916
1156002
1165880
1170139
1172723
1197259
1182271
1186229
1197839
1193202
1187921
1194173
1206786
1229759
1235690
1218348
1248804
1203982
1210663
1217015
1228957
1246731
1243986
1250216
1237624
1251319
1242022
1241211
1309016
1275705
1569288
1888420
1241080
1259203
1290061
1303476
1272117
1305109
1289680
1293346
1308795
1352056
1305569
1318724
1299979
1312252
1328072
1322151
1334052
1332629
1328111
1337689
1346605
1344241
1347527
1354169
1355381
1372995
1370079
1378404
1371963
1377493
1381089
1390337
1400726
1420793
1392490
1396128
1466278
1401247
1409552
1401237
1410324
1428156
1425933
1431342
1438586
1485984
1444537
1441061
1455186
1450628
1463322
1460737
1470194
1471257
1480644
1479352
1509577
1489550
1501894
1500651
1501813
1497876
1512023
1616957
1517232
1508115
1512032
1549331
1524936
1534884
1588694
1548169
1558328
1539173
1551315
1562546
1554751
1574247
1579477
1607850
1576952
1583214
1592231
1594605
1597520
1605876
1591510
1601909
1609923
1610354
1621345
1731098
1631483
1629720
1645970
1638136
1642764
1654626
1675616
1638818
1650970
1663112
1672840
1683440
1726480
1708346
1679803
1673742
1693368
1705491
1708977
1821005
1713976
1713065
1743461
1759390
1729766
1747869
1751145
1732200
1747598
1773507
1748991
1761805
1810696
1788113
1773086
1789918
1788234
1761995
1789557
1817378
1800877
1791310
1808541
1823198
1928334
1810545
1816086
1819582
1834410
1842985
1893449
1847744
1839689
1857893
1863934
1869274
1880074
1875656
1880375
1880795
1889442
1895062
1912474
1882809
1904078
1915480
1921891
1922904
2024632
1920429
1981031
1909148
1948531
1989767
1950935
1942871
1951887
1963839
1971073
1990820
1981392
1985730
1979588
1991851
2029832
2113376
2001830
2007260
2020805
2026064
2039871
2021917
2037997
2069164
2023520
2030312
2073132
2054067
2046883
2068714
2071569
2081547
2077571
2088971
2086346
2093059
2198885
2134796
2110642
2094461
2107756
2155565
2164060
2092298
2154463
2158069
2167046
2160854
2134646
2171685
2169130
2169851
2240432
2174269
2178487
2188476
2195519
2310832
2198995
2228700
2228379
2228961
2233600
2223510
2245632
2275086
2246053
2257473
2255991
2260369
2260168
2263525
2286317
2328164
2305302
2306505
2333063
2309119
2300714
2319198
2323806
2338444
2335058
2333424
2330709
2348322
2385521
2354703
2372006
2381613
2392984
2513298
2394227
2406389
2382294
2445923
2400338
2406760
2412121
2466921
2424694
2438239
2434662
2430053
2451353
2434873
2470639
2443208
2466501
2471921
2464687
2475458
2476079
2505994
2500855
2496837
2509621
2537182
2518548
2514300
2543694
2522004
2548703
2540107
2529488
2568099
2550808
2633200
2571737
2587194
2573759
2589479
2612020
2590520
2597845
2616048
2589740
2637297
2616499
2751048
2602312
2645403
2664358
2651614
2648759
2666271
2649260
2658236
2693081
2691548
2678224
2681009
2704191
2740379
2701597
2704983
2825716
2718088
2705604
2746279
2767980
2707818
2768491
2741250
2770825
2727134
2759053
2786944
2887190
2768130
2814085
2782737
2877242
2789410
2818694
2829544
2824464
2863787
2842738
2834342
2902228
2846254
2850573
2855852
2861453
2877492
2883003
2880589
2989470
2890306
2903271
2923598
2910143
2931522
2915653
2963993
2920252
2962400
2938165
3055012
2941692
2991585
2946561
3017231
2968512
2993598
3034835
2961008
2989260
3032429
3043169
3035255
3033853
3041918
3121284
3021039
3109563
3033872
3112157
3112428
3078506
3085268
3091400
3084486
3205991
3109873
3145910
3107309
3190272
3116045
3132385
3156620
3138757
3126324
3180484
3205200
3147583
3196243
3214377
3222031
3249913
3198317
3216921
3224215
3228373
3273517
3217233
3234875
3259862
3262657
3230677
3298803
3345110
3235126
3276713
3290619
3326745
3299775
3304364
3317919
3300778
3348435
3366198
3366269
3324031
3356140
3390314
3380275
3393249
3356500
3441197
3378121
3418095
3382719
3418736
3497431
3408236
3491270
3384853
3464650
3398518
3448661
3460152
3501148
3460433
3441668
3474439
3493013
3604139
3502551
3479519
3555179
3509193
3504615
3579323
3528619
3489026
3565708
3572641
3543287
3553195
3706920
3548216
3579203
3595914
3579904
3591887
3593079
3609078
3573733
4004020
3582410
3624627
3695990
3667728
3747906
3829016
3736064
3711519
4033285
3674119
3701430
3743377
3720945
3694417
3732988
3758385
3697633
3747195
3744179
3745411
4038123
3755670
3784874
3765328
3804651
3778132
3765939
3845787
3794572
3823526
3812486
4184154
3762273
3855465
3873148
3839767
3873829
3872556
3883377
3877636
4221924
3841219
3878809
4154749
3947466
3910557
3933960
3955641
3952685
3933089
3955971
4294909
3918071
3960891
4100139
3974667
3982701
4002688
3983252
4038956
3994944
3999933
4360140
3964257
4021162
4113964
4051549
4068359
4066857
4117471
4073239
4094248
4087726
4355411
4082786
4160250
4105749
4185386
4138780
4088407
4149219
4476967
4122670
4196868
4226122
4210884
4258803
4217507
4212376
4256729
4167904
4271135
4354961
4236582
4267829
4233395
4207167
4318613
4267659
4618609
4227305
4356884
4533822
4321138
4372864
4346706
4324865
4365230
4346625
4668412
4312543
4368156
4361363
4380518
4413329
4369447
4405895
4410855
4406676
4428527
4469683
4449126
4426884
4442814
4444416
4498247
4444287
4513895
4428136
4769208
4439628
4508736
4533001
4541657
4493237
4585287
4553689
4819181
4537469
4716862
4554099
4560042
4600306
4565532
4599594
4551244
4642614
4599063
4623910
4660286
4601077
4671698
4633417
4649256
4687978
4632786
4902135
4693008
4729284
4699089
4705731
4728904
4693048
4745395
4781190
4877339
4745484
4798663
4736699
4743090
4822297
4765482
5136229
4723694
4844608
4788865
4800117
4826866
4840631
4921271
4852173
5124286
4805476
4862021
4879964
4949703
4968759
4939905
4946027
4944524
4952669
4930168
4956226
5019793
4999024
5010706
4984358
5335058
4971093
5167758
4981522
5030213
4967627
5035202
4986040
5055079
5273594
5071720
5042485
5057894
5138653
5093880
5469987
5088040
5106384
5103238
5126321
5141840
5143292
4998103
5047926
5017249
5078752
5043858
5407763
5148501
5182565
5201289
5148282
5183536
5173368
5233349
5269696
5471019
5209625
5303188
5287840
5246153
5271469
5573600
5294783
5380642
5347380
5300854
5294863
5307537
5321462
5698331
5302999
5374331
5334938
5433429
5386323
5352589
5460691
5453337
5460950
5431607
5462363
5395560
5463115
5486899
5462985
5455661
5553323
5468465
5537312
5468205
5571356
5524278
5776485
5519359
5575233
5554274
5566497
5578108
5542833
5603375
5777137
5563421
5573910
5608725
5656413
5640714
6046857
5689184
5731592
5696277
5659399
5680137
5669397
6042038
5721794
5729899
5708130
5707297
5749436
5752871
5717156
6033913
5731753
5770795
5735219
5834483
5784140
6056174
5774482
5926474
5825396
5847578
5815938
5835385
5919010
5899153
5878755
5878435
5939639
5930130
6194120
5840164
6150269
5905655
5957712
5891148
6008726
6344889
6010068
6111317
5988689
6017041
5978671
6027501
5991834
6298213
6039243
6057647
6102290
6025357
6371127
6064941
6275992
6082413
6108251
6089275
6200041
6447629
6100386
6230908
6162902
6167019
6158493
6227382
6160117
6185714
6224446
6240366
6292623
6261024
6333048
6211502
6446368
6302641
6244303
6283145
6264330
6295047
6372841
6403828
6401544
6307941
6338367
6332737
6661437
6341293
6353335
6394581
6345650
6445166
6385485
6619869
6476694
6426701
6480952
6435037
6787720
6443332
6506088
6511679
6450225
6479549
6508483
6548507
6490319
6510767
6517921
6610201
6652820
6533088
6750020
6655706
6558715
6589674
6685931
6877717
6732127
6578182
6631080
6632793
6674010
6689127
6679059
6708043
6692544
6736676
6729973
6666706
6751163
6782701
6783172
6808208
6726056
7028787
6935384
6752465
6781789
6863481
6825030
7146315
6831632
6834086
6861036
6897153
6881134
6889890
6942968
6984696
6938510
6974767
6949881
6980717
6908544
6978534
7044416
7084270
6966712
7276516
6991728
6985958
7004953
6982421
7038425
7281315
7085482
7009050
7081805
7033455
7363918
7268011
7031853
7058482
7064383
7102384
7430111
7094989
7158768
7118914
7146014
7419521
7224800
7178474
7209542
7197560
7231703
7456199
7222917
7243324
7240749
7243205
7258452
7576703
7266988
7256760
7327551
7282417
7331808
7532220
7345263
7299218
7330316
7356114
7370630
7397130
7354510
7371622
7451580
7407489
7393543
7468372
7414713
7414983
7445810
7538292
7714428
7479803
7453645
7568267
7831144
7645610
7490974
7554812
7606738
7582414
7927643
7531700
7570492
7567666
7632707
7566334
7625523
7675225
7586572
7629701
7739544
7866540
7686977
7702946
7713467
9422644
7618821
7731429
7722192
7735477
7963269
7948532
7718295
7748130
7770462
7791862
7800949
7906624
7825454
7809925
7824051
8137142
7813292
7885976
7829331
7889963
7859427
8056171
7929417
7866760
7924317
8236075
8127955
7916492
7952500
8011238
7975963
8287200
8011449
8051222
8025845
8321754
8269046
7985210
8069867
8040302
8353102
8250912
8034853
8071550
8128135
8213293
8491899
8169301
8228711
8135529
8182536
8377216
8167638
8162279
8142621
8508380
8386374
8235454
8232318
8227139
8576577
8227889
8326553
8298791
8323006
8334367
8530711
8324659
8320702
8348233
8642809
8535490
8403656
8447497
8437669
8671202
8411530
8373600
8382005
8700787
8619286
8479065
8423182
8478995
8815759
8587887
8491828
8521685
8553523
8887432
8503010
8544777
8584942
8612182
8641637
8567670
8700165
8622170
8923640
8582667
8720674
8662546
8672814
8697009
8742624
8783329
8728288
8756360
9005541
8858750
8713180
8786666
8848380
8885649
8834043
8808406
8868778
8945400
8829986
8848841
8845135
8954957
8902120
8838312
8869790
8872666
8949688
8971488
8938347
8903452
8854932
9023575
9008327
8993920
8961389
9023826
9041248
9026170
9077214
9060123
9010421
9069480
9130994
9075882
9272166
9055223
9083556
9138348
9095658
9210571
9110516
9243643
9175818
9232281
9243302
9208387
9149869
9197166
9339711
9329873
9322449
9265644
9250205
9285100
9277145
9279339
9345582
9345942
9348618
9306520
9347255
9405122
9428295
9362013
9363445
9283517
9594783
9209008
9165668
9171008
9185465
9194141
9213727
9207727
9256517
9225640
9270923
9280281
9269090
9289658
9326066
9309184
9335673
9400483
9333870
9327739
9336986
9386197
9508253
9400544
9406435
9404511
9430279
9421623
9490711
9521548
9460695
9507472
9490140
9468139
9480192
9490090
9510608
9635530
9607778
9619009
9544170
9634738
9590556
9668911
9596487
9584776
9598290
9667740
9737799
9773015
9644727
9658652
9718563
9736607
9714706
9726518
9712302
9706672
9796828
11067043
9845338
9879592
9826353
9866137
10098237
9900030
9931358
10351347
9987893
10039499
10033347
10094400
10323224
10142800
10160703
10138842
10266910
10217759
10162066
10613582
10304038
10273322
10279333
10241152
10254016
10213791
10280535
10382264
10422258
10383676
10305411
10581133
10436825
10362998
10471129
10668604
10382434
10423400
10747621
10299140
10596581
10427518
10433449
10723186
10525379
10478592
10521081
10829964
10510381
10505162
10771735
10791432
10618982
10598575
10559913
10701636
10597453
10630424
10963371
10610447
10659297
10632809
10665970
10887060
10663405
10695955
11610941
10918128
10456121
10485125
10468474
10498099
10550415
10498269
10595710
10540778
10576544
10570032
10575843
10650552
10684735
10584970
10632007
10621558
10664017
10623622
10746249
10659589
10682471
11319572
10727665
10683573
10752411
10775042
10731031
10731201
10798937
10821769
10763591
10794749
10807603
10796723
10873024
10843339
10853056
10864438
10911005
10900114
10998376
10915082
10975094
10967729
10969092
10939027
10970685
10999268
10998707
10970955
10993106
11176617
11144477
11033502
11026579
11095346
11138997
11050733
11095706
11099574
11166377
11116886
11246386
11138746
11135931
11153113
11222472
11215739
11202204
11308772
11267986
11242369
11311206
11480871
11289856
11275751
11423224
11305305
11369414
11358373
11413175
11352943
11341382
11393890
11379603
12288868
11376827
11392546
11399139
11481401
11445826
11443282
11442380
11477234
11456676
11494125
11627293
13570054
11499415
11523831
11617875
11582459
11576459
11572551
11605502
11576858
11604871
11625469
11630318
11680862
11635287
11671745
11668499
11710547
11820550
11702702
11784574
11730233
13257434
11744550
11762664
11798610
11785746
11788702
11854293
11816584
11841540
11861346
11843162
11889940
11902844
11996477
11893125
11903535
11960731
11937558
11947757
11969076
12037633
12003109
11999853
12005815
12023667
12041660
12032433
12029107
12085111
12119124
13560676
12080883
12104727
12174086
12157234
12146686
12134142
12143860
12178454
12207227
12206085
12199153
12215332
12239537
12234929
12294590
12381270
12270625
12304919
12935978
12293868
12306120
12320477
12339253
12380849
12450339
12357227
12376382
12411427
12431173
12483600
12538822
12590378
12442223
12470005
12533834
12539274
12480344
12528534
12545615
12575541
12567396
12565192
12568227
12570662
12581221
12592292
12638908
12703077
13427871
12697347
12720229
12819623
12992454
12812310
13217511
12981002
12989378
13007101
13296497
13042867
13238981
13270670
13133035
13638922
13255541
13130509
13491599
13469207
13342512
13344025
13521975
13239873
13188497
13556469
13264147
13229633
13571467
13322245
13352972
13326713
13423733
13385652
13620558
13408154
13348243
13378730
13403115
13353143
13664059
13513730
13559935
13782629
13611080
13561759
13699525
13539568
13570836
13695417
13653359
14177149
13612844
13258808
13265070
13321364
13293002
13363362
13361829
13441577
13349135
13395441
13393258
13527486
13435566
13402645
13413245
13423474
13422712
13441607
13475399
13495026
13482262
13590302
13606523
13519682
13523899
13583881
13551260
13551932
13569254
13576727
13609047
13616240
13636077
13638963
13652458
13733749
13836789
13707330
13711187
13735682
13726324
13744969
13853871
13809679
13844073
13797016
13817374
13824827
13867636
13838253
14635950
14713164
14578565
14592400
14588774
14612036
14630100
14687676
14665426
15625626
14662570
14815424
14851491
15176754
16483005
15697919
15455480
15734477
15255690
15078661
15008241
14756474
15315873
14524676
15357820
15821509
16285499
15139816
15124327
14983916
15214674
16383672
14980350
16333759
14525587
15180762
14868864
14675225
14790889
15943275
15160915
15087769
15092087
15106755
15139234
15177025
15206770
15168629
15186703
15175031
15219312
15286588
15231306
15250350
15268425
15289613
15287289
15275397
15380371
15813775
18326122
16234615
14963519
14884262
14852493
15339887
15148122
14988405
15040752
15173799
15426627
15097437
14995067
15548373
15137281
15152650
15451413
15187975
15150716
15400369
15260459
15585743
15199627
15361837
15598216
15322294
15306625
15572549
15394249
15646266
15319570
15709854
15613043
15493883
15719972
15445994
15540068
15446004
15451284
15836408
15425556
15566848
15743285
15835135
15716726
15850144
15694465
16008677
15567991
15590872
15822873
15587096
16072485
15645785
15647798
15886761
15706096
16077354
15870762
16221712
15742223
15737234
16077124
16012985
15976658
15906968
15875320
16265944
16031449
15984572
16038913
16115025
16161040
16373063
16261025
16379405
16594894
21534471
18851618
21257497
19143007
19121077
16946716
16813780
16803220
16766792
16989455
16529893
16518703
16810585
16550152
16599844
16786600
16688919
16621194
16728132
16887938
16935536
16698196
16663862
16733131
16758769
16724605
16651610
16881115
17161956
16742939
16966313
17053946
16930618
16895732
16837274
16805124
16826383
16949472
16921851
17046021
16981992
16837645
16994525
17072300
16925538
16819641
16891966
17308047
17050820
17068492
17057722
17025413
17147680
17132561
17169811
17118996
17296295
17363370
17267551
17200297
17190089
17170853
17267402
17293890
17191271
17237195
18175726
17197682
17033648
17165503
17195059
17185471
17174510
17223350
17233159
17192694
17255640
17420356
17328085
17324118
17336871
17327804
17639823
17752151
17581655
17825266
17785312
17647567
17769754
17570044
17748014
17472813
17468535
17456573
17505644
17388637
17323456
17580983
17375152
17367398
17947072
17461823
17680318
17591734
17448287
17286988
17582366
17473084
17539827
17588518
17508469
17735580
17645343
17590712
17600299
17726824
17718900
17521804
17830496
18613267
17756509
17626258
17571146
17780002
17632620
17756530
17824365
17761960
17715314
18025949
18006283
17867276
17948977
17895448
18090499
18166640
18151001
18169836
18114463
17901639
17899194
17950910
17873547
18061926
17957663
18046598
17957974
