50
50
90
100
150
150
260
291
280
371
421
571
641
611
792
801
822
992
1102
1223
1422
1674
1543
1683
1804
1994
2034
2244
2104
2685
2745
2735
2545
3006
3146
3507
3477
4158
4118
3847
4198
4548
4829
5550
5370
4859
5851
6352
6422
6172
6833
6772
6201
7424
6632
7324
8055
8295
8757
8876
8736
9709
10239
9688
9979
9878
11131
10900
11401
11492
11722
11932
12463
12874
13104
12473
13415
14406
15098
14928
14978
15589
15790
16220
15459
17142
18134
17322
17563
19225
19386
19316
20858
19837
19837
20378
20388
20618
20698
23213
22111
22281
22792
23403
24986
24836
24636
23213
25097
23985
26489
26058
27672
27762
29205
29395
28192
29244
30196
33332
29896
31709
33392
30957
30226
33342
31799
34083
32871
35957
35476
35747
37620
36949
36718
37018
39393
40676
36929
40405
40516
44953
40615
42168
42599
43941
42669
44092
45875
47739
46156
45224
47117
48069
50053
47719
51606
51666
52598
54341
52167
53469
54050
53730
55053
55473
54972
52889
58418
56164
61033
62296
59421
59080
64059
64520
61234
63307
63858
62847
67826
66614
63458
63838
67516
68667
69680
75350
76702
72635
70902
70821
71323
76001
78376
72485
77855
78907
83024
78926
75580
79838
80088
81061
82252
130943
82935
85378
80559
81571
90568
87192
80650
91450
84597
88574
90669
90859
99946
92462
102501
97852
92652
94175
95327
98803
103753
105826
98162
98273
103713
107039
103362
103012
103813
106107
107489
112690
111898
110275
106027
108401
109163
112560
112659
109623
109854
113951
122808
116116
122999
119432
121405
120725
123750
119292
140972
154637
130072
125824
122828
127567
128289
132025
131204
137706
133228
132195
130031
132286
135803
136113
145620
142966
146562
149358
147474
151060
151842
141122
151241
148446
152042
151201
157953
153165
144999
158405
154878
153535
156421
156291
163384
164295
163974
162171
164906
189623
159346
165287
163264
179203
166490
171890
178562
179273
174083
168504
181948
181928
183240
184613
173944
176869
178992
189052
186436
188340
190905
180295
187668
200062
196765
190003
198749
195714
207355
197617
206674
198639
201585
202326
213236
206113
210391
211874
204360
205222
214218
219067
207255
207305
210551
219518
220419
219848
221982
220710
226842
231150
219598
226170
229927
223455
226070
230027
238303
231751
234766
231360
239855
238443
240527
240327
243813
242651
238714
246869
244564
239876
250195
252509
254352
257539
250807
254583
256757
250015
258160
253902
265513
255144
271354
261445
276865
277536
269030
279770
267257
272737
266616
272356
284939
292344
282335
279830
291552
294307
294297
296171
279559
293897
298375
293415
297222
300047
286352
302602
304816
305888
308303
309735
312611
304696
310307
301951
307381
312310
314074
309455
312140
308613
319153
318171
338139
397709
368564
330414
335724
339080
336535
325645
325475
343298
345162
333269
337848
341204
345572
351303
350341
344350
348738
350462
354418
355361
351784
348748
356552
365649
359648
345903
379104
383553
373804
421233
366331
371561
366521
371861
383202
378544
388782
373374
369366
390846
393301
385316
385807
392118
395074
397639
403239
390215
398611
408449
425941
410693
403430
417596
413068
416013
408660
405223
425080
409601
443474
424959
447521
451048
426913
432744
429949
433456
411645
420191
442632
450828
438695
462820
445798
446640
450908
448834
457550
482186
464012
458522
447452
455015
453473
462630
455817
470675
481926
477999
462459
473731
482456
477818
473660
490161
474262
488067
475193
496834
471737
481084
551665
510739
480423
503205
476195
496823
499087
504377
502885
491394
513013
524575
545013
521439
514606
531949
510588
532249
514266
513093
537719
550824
503175
540033
536276
541185
529184
560823
550754
545864
535936
539092
548780
555061
579417
574668
625582
570861
565220
580919
565361
559279
572905
565201
593152
588653
588153
581681
577584
571192
585558
576371
616816
600677
599304
616385
598602
604293
597781
599945
614001
626905
612168
625853
619872
624140
629189
613360
618760
646942
624290
630372
622006
635481
662170
664325
621976
623820
658954
640981
639077
641743
644418
632285
633978
652723
675505
643606
654255
653604
681967
664114
680024
658684
701594
690253
687267
686255
689091
708015
668432
700793
688119
707435
705350
691805
715510
718776
720168
721470
717643
704710
697787
709970
691155
699740
716131
724837
735848
743291
722433
771614
727612
766044
761275
767516
741187
749423
754372
750545
735777
768478
728343
757268
757527
763058
753721
758730
764691
763569
776523
766314
769460
775411
766995
774258
772015
803433
806900
820154
794175
787223
812670
809835
821507
817729
797612
790209
827908
843006
837025
784287
814303
840632
837376
817179
817960
835422
854688
847164
822979
852073
873793
863174
867672
879645
872561
867092
861561
871310
841394
874725
903890
848086
894493
886808
910432
897688
859568
879865
917525
908599
889473
895214
893160
877861
925911
900504
922925
935649
912686
920851
915993
920941
934186
962569
939336
929217
936480
927353
981695
945818
948442
949725
931371
953572
956177
923046
947140
964021
954844
1004907
1015236
955045
973870
993306
957659
970153
972037
1008504
1023843
1034212
1006520
988938
997283
1039792
1038440
989749
1029974
1017480
1003134
1045993
1038600
1043619
1038660
1028291
1038530
1058026
1036947
1024474
1037147
1129910
1029393
1062975
1033440
1052435
1070960
1056854
1060932
1052526
1068255
1071932
1081369
1092340
1090868
1084074
1064208
1101246
1050262
1109452
1077372
1104532
1062865
1121224
1126533
1083323
1107648
1140820
1112206
1121614
1122106
1127586
1142844
1134949
1131082
1225988
1086169
1131533
1173331
1150478
1140139
1110413
1251666
1140980
1187106
1169503
1157090
1152742
1204608
1226950
1177217
1177758
1200380
1204738
1184942
1158352
1195081
1237810
1172609
1209188
1209878
1184902
1174503
1194179
1819542
1206051
1193979
1219927
1207745
1347675
1201172
1203026
1214386
1209197
1223924
1189440
1248931
1243050
1306378
1239774
1257397
1241107
1265171
1210289
1282884
1298342
1285258
1291069
1269008
1293985
1263718
1267355
1310555
1267075
1293614
1282584
1311547
1301839
1299605
1283865
1294025
1384072
1295107
1330563
1336804
1324692
1312779
1366830
1327276
1361289
1294576
1352242
1355599
1343777
1361801
1363513
1362241
1344578
1357873
1422954
1392468
1354036
1356892
1396235
1373542
1393971
1381768
1397357
1396826
1403137
1397827
1448191
1407446
1371449
1393690
1427483
1442460
1397657
1440658
1498835
1427593
1438853
1446589
1436520
1467266
1433635
1428455
1477626
1448181
1484128
1472126
1440517
1469290
1459201
1476554
1468058
1435788
1488276
1462437
1497663
1509055
1519974
1470352
1527950
1527148
1511449
1510748
1514094
1516418
1520766
1538749
1594002
1581008
1636641
1540453
1536636
1550952
1538158
1868813
1534040
1558406
1563726
1596627
1549770
1572002
1569697
1566681
1569176
1534602
1596677
1600975
1580487
1652882
1543168
1599753
1640719
1638374
1643865
1946508
1603951
1596517
1649215
1583683
1630721
1651109
1650307
1651960
1680493
1646680
1679691
1638515
1686013
1628145
1664814
1660996
1683619
1709687
1698606
1707984
1722341
1719916
1665896
1651849
1712101
2052304
1691613
1709657
1717752
1731207
1685703
1846502
1646350
1736476
1724555
1741085
1755823
1799624
1751755
1733311
1738651
1759610
1795106
1743309
1771963
1795747
1785407
1808220
1755232
1781080
1867681
1777392
1789746
1781471
1824420
1776091
1834930
1829400
1793754
1833006
1787522
1787963
1849797
1825393
1826494
1864745
1907996
2169742
1860107
1836813
1955113
1859405
1838196
2110002
1846111
1874483
1866349
1871207
1814983
1947469
1932952
1907534
1918986
1863974
1927392
1974360
1931890
1928424
1892917
1935567
1940797
1931409
1894851
1942570
1969349
1928463
1973327
1952799
1932732
1960904
1951286
2003653
1958790
1980431
2027628
1971654
1950114
2034370
2013813
2005807
1958389
1988104
2328768
1960132
2009524
2019292
2063274
2005517
2066600
2028750
2012450
2087580
2031416
2151278
2062713
1986081
2063845
2055660
2153201
2069526
2093791
2078904
2087951
2238179
2048828
2133796
2083111
2095334
2114329
2083923
2113026
2110492
2110031
2192565
2147060
2111895
2078302
2156808
2481492
2112045
2204066
2151378
2134707
2262805
2158801
2174801
2201892
2278945
2159222
2180523
2133255
2163550
2220406
2191693
2241856
2198104
2181875
2264328
2539660
2251785
2258608
2171736
2248168
2218483
2293101
2196472
2259930
2297169
2298010
2237708
2211630
2276009
2607004
2219725
2311285
2267954
2267795
2518330
2292701
2286879
2254700
2275138
2301787
2280999
2313760
2342574
2292029
2351320
2350468
2318729
2357982
2605542
2275449
2433583
2344848
2364043
2345960
2323839
2398588
2412353
2401813
2394660
2348695
2418274
2405601
2504956
2360106
2421650
2474939
2763175
2423373
2454551
2431299
2471423
2444523
2419797
2448289
2426850
2471563
2453720
2450323
2443301
2503933
2425737
2520294
2511076
2546602
2549378
2453239
2570327
2545250
2476402
2498052
2474258
2544889
2539319
2545110
2478666
2558654
2926038
2491240
2510305
2566379
2573432
2588099
2551882
2584833
2569896
2638563
2551612
2530012
2574283
2634556
2553505
2596716
2533969
2906381
2530302
2676674
2612014
2677837
2576157
2644545
2590404
2593219
2583341
2676775
2638083
2621051
2677005
2668399
2624127
2682254
2921369
2686432
2686152
2723982
2802919
2643453
2753597
2638663
2751112
2663239
2705267
2707441
3098969
2719745
2712752
2791257
2782801
2708573
2732878
2748848
2807677
2807948
2796337
2744330
2847211
2768074
2840157
3114928
2750141
2858883
2758987
2840730
2864212
2750031
2816223
2825100
2771921
2825371
2783262
2783382
2853653
2859935
2825321
2861117
2910810
2816303
2903205
2900370
2861668
2860495
2877026
2872217
2866597
2899639
3197082
2897395
2887426
2944311
2934263
2918854
2832604
2942619
2894309
2995086
2874452
2922341
3012819
2919225
2964670
2987271
2943319
2933922
3068472
3027065
3013951
3031333
3101443
2958348
2989315
3118515
2988654
2937288
3085825
3175150
3079392
3005786
3052243
3101042
3117273
3036462
3033458
3151727
3030021
3137280
3090463
3050369
3126049
3205697
3134205
3102055
3102025
3088179
3146597
3043927
3119978
3119818
3150555
3130878
3461673
3165212
3135998
3228740
3087638
3184438
3217629
3198353
3232527
3134105
3212570
3199155
3211829
3370334
3208553
3152689
3120920
3233318
3253727
3270929
3262163
3281438
3354243
3169100
3327414
3261241
3273083
3363100
3292940
3293320
3335519
3293340
3297478
3386203
3363300
3338184
3291767
3529940
3370443
3325981
3385842
3329307
3373860
3353422
3317816
3397544
3695517
3304020
3283352
3305764
3393397
3445382
3434011
3447546
3403615
3392404
3422631
3350586
3414685
3746603
3380451
3404327
3412692
3462014
3408845
3603136
3466822
3479115
3431337
3523297
3473916
3475799
3796244
3466061
3429003
3473966
3485497
3523518
3599600
3499143
3425296
3967073
3524019
3452035
3799190
3521524
3521354
3567500
3587768
3486228
3603807
3499213
3573471
3999723
3512998
3687894
3677183
3653340
3633462
3620378
3671784
3655834
3636288
3621370
3587447
3919163
3557572
3616691
3653851
3721596
3707780
3771309
3656275
3673807
3725023
3724080
3594520
3631599
3668347
3677755
3655393
3779724
3683455
3731214
3700336
3736213
4026293
3832102
3736915
3793019
3753696
3741373
3748065
3843313
3757503
3758825
3793419
3820169
3817354
3732206
3848532
3826701
3832893
3852089
3716276
3740271
4219461
3795043
3755710
3800924
3903214
3876213
3911178
3892083
3843533
3857409
3841158
4186090
3854804
3803408
3928340
3927839
3952856
3916529
3910487
3830378
3934923
3847600
4298368
3931897
3940273
3941555
3928530
3900298
3946845
3990456
4098386
3953617
4010633
4151795
4023457
4025390
4049656
4063963
3948527
3993391
4154521
4273602
4068430
3994925
4025892
4068341
4046640
4081175
4108084
4163378
4052090
4159299
4056910
4156454
4111410
4094078
4080483
4163447
4132169
4109177
4434021
4124625
4445241
4183154
4086705
4233307
4154961
4205886
4249978
4229059
4233317
4205396
4128452
4313466
4253725
4214812
4270075
4184898
4253444
4134473
4220013
4364851
4239218
4180018
4262081
4359853
4261610
4323745
4349393
4306252
4252232
4342130
4249106
4236223
4287058
4346438
4233728
4281056
4711877
4395920
4419283
4431015
4320900
4431946
4262040
4345486
4357098
4357098
4703932
4407411
4407892
4403053
4432236
4510672
4414494
4394767
4371404
4405767
4413221
4429853
4531311
4495474
4451673
4468775
4436013
4442305
4573109
4519550
4490254
4546449
4480537
4573690
4548022
4538464
4500694
4533565
4466381
4603576
4627500
4558462
4640664
4595751
4931635
4561928
4566145
4724660
4630966
4620887
4580463
4601572
4634332
4603756
4629854
4590491
4712217
4594729
4605369
4515562
4711666
4572668
4619946
4962403
4765506
4728657
4686109
4682672
4719040
4680408
4701136
4733978
4923911
4731072
4721655
4760948
4693152
4774263
4819988
4682462
4818294
4744898
4783550
4858870
4926967
4730251
4748395
4779142
4999621
4856796
4884648
4889136
4685387
4858069
4742514
4823745
4754125
5094788
4974175
4806212
4955018
4791986
4903673
4940482
5280854
4953846
5045747
4826499
4978993
5026221
4953466
4896500
4991156
5189554
4943738
5040909
4914513
5007596
5039306
5048472
5021141
5007186
5124303
4962913
5000904
5032542
5045747
4952334
5466419
5072437
5230320
5030158
5031601
5061106
5085832
5088006
5050395
5300511
5090601
5186218
5118131
5175288
5029267
5518576
5119224
5274462
5193552
5123512
5156713
5082836
5066956
5142326
5302875
5249976
5159759
5084750
5274723
5230631
5218929
5236702
5166060
5249846
5202358
5283479
5209802
5239928
5244166
5262320
5387853
5265756
5143860
5308115
5340646
5349692
5261017
5216955
5327982
5366293
5361654
5256889
5324505
5400727
5479734
5783608
5433047
5373557
5401198
5401108
5358849
5327280
5397781
5415344
5364670
5362856
5477249
5520730
5427276
5593766
5438778
5394836
5486236
5529686
5514128
5461690
5465908
5427186
5433708
5507836
5437636
5486176
5473682
5749826
5582064
5583897
5679384
5651483
5507976
5589788
5560514
5650782
5612621
5614444
5466138
5607090
5622659
5637527
5624733
5564071
5681519
5569621
5668144
5693371
5736220
5621858
5785663
5675268
5692158
5701606
5795351
5700935
5821840
5838240
5706415
5681649
5707898
5727234
5650452
5746189
5735329
5756528
5718477
5704271
5761407
5820117
5822020
5778739
5807603
5835565
5800069
5746961
5789780
5978471
5853399
5928288
5918309
5782286
5760766
5927015
5888083
5868186
6053570
5860020
5953224
5861534
5928017
5910625
5929109
6092693
5945349
5881601
5964115
6026530
6028865
6129963
5921405
5921965
6016231
6108924
6342928
6072385
6086853
5940029
6052618
6081493
5901859
5981706
6378414
6108944
6117108
6094377
6091761
5965116
6100538
6219920
6113922
6069260
6139780
6094927
6545344
6023895
6195615
6206654
6073227
6183983
6151633
6419831
5990173
6203930
6081332
6162734
6101660
6254264
6121397
6197979
6293907
6159848
6343689
6171179
6475915
6341315
6158976
6273569
6207406
6544102
6373034
6419540
6284599
6243844
6293387
6293697
6405364
6240738
6481856
6371932
6340184
6390947
6378143
6593263
6315257
6337028
6456188
6437765
6726751
6426894
6426483
6414130
6449496
6456119
6454987
6726952
6521289
6417066
6573867
6529234
6393181
6567996
6556085
6679523
6432175
6446441
6959975
6353959
6716914
6479683
6670166
6667872
6581762
6900625
6525136
6528242
6484902
6628529
6574037
6563989
6769762
6621967
6601048
6569249
6557588
6626766
6709710
6650580
6576943
6669806
6763910
6692418
6678892
6762849
6732903
6736880
6644489
6718015
6862263
6866301
6695995
6778979
6720230
6828661
6939126
6732462
6763300
6810567
6832808
7052578
6880918
6996974
6903279
6802061
6805057
7108661
6859819
6849620
6841174
6920572
6840393
6962230
7056013
6971387
6979361
6941782
7448934
6918889
6987136
6927875
6980162
6951580
6924459
7221291
7035225
6850552
7156570
7296601
6985021
7077424
7084777
6993928
7090458
7014046
6976696
7148926
7065241
7076121
7119412
7071834
7115764
7113782
7041546
7140471
7395034
6970345
7361591
7143526
7163463
7062346
7088604
7192337
7185494
6984320
7257317
7174304
7149317
7567715
7269250
7175146
7262838
7232282
7250675
7512622
7248922
7260484
7210912
7521108
7221952
7424198
7225478
7247670
7359188
7556273
7241799
7363285
7439787
7404471
7281363
7421833
7231370
7707264
7320766
7266455
7549281
7272866
7408539
7354087
7588544
7723104
7648574
7300879
7501983
7555301
7300939
7451890
7638236
7480713
7469221
7471987
7525477
7922434
7570230
7575830
7525416
7747359
7816036
7465795
7432974
7670455
7555973
7810666
7567564
7653304
7572905
7544873
8629768
7395765
7424669
7402678
7509226
7340923
7510258
7456768
7573135
7507342
7663112
7454174
7505039
7544010
7522971
7406455
7571081
7630050
7554741
7541897
7588243
7529254
7562726
7732672
7527501
7545644
7562375
7653134
7571311
7731439
7731529
7834240
7639227
7607719
7793364
7668993
7679573
7722963
7812219
7732541
7755384
7752819
7701093
7638306
7717925
7762187
7666419
7862573
7741578
7729385
7727452
7910472
7852815
7772205
7923326
7926742
7847836
7774119
7958622
7816357
7941370
7920019
7925570
7894242
7881038
7916092
7927303
7796780
7909961
8046214
8009907
7957539
7829591
7883632
7760704
7923296
7951319
7735818
8120903
7994909
7887589
8104442
8015617
7969011
8076721
8026728
8173291
8048238
8125291
8006160
8069708
9003153
8544530
8420901
7900704
8203075
8280330
8004918
8266614
8111395
7992254
8038180
8216361
8156730
8251245
8226950
8263809
8182909
8288645
8211342
8506269
8217242
8305056
8177308
8202485
8209788
8144618
8315205
8205661
8344869
8291861
8201362
8294326
8291480
8393760
8462357
8391856
8250103
8202384
8262607
8452079
8302581
8393550
8843336
8452430
8519804
8476173
8812829
8578184
8443753
8467017
8556613
8795958
8690532
8421331
8656990
8552195
8912635
8691684
8627044
8697936
8987144
8647723
8784727
8750243
8773567
8930528
8961436
8718344
8700250
8718685
8969751
8716170
8800306
8789386
9092539
8885865
8833398
9028310
8849718
9126302
9063666
8856120
9063345
8841002
8878582
8897237
8879784
8958791
9000248
9067593
9038219
8889913
9074506
9035343
8780089
9063285
9167910
9070208
9142272
8913527
8912575
9028400
9034793
8998375
9019072
9254500
9123327
9120040
9048287
9072702
9293713
9181264
9049039
9084815
9563254
9050341
9140078
9082030
9241766
9365677
9178309
9187877
9574275
9341452
9196333
9243540
9122345
9448641
9100464
9512480
8985992
9061572
9538558
9332836
9391676
9590605
9457007
9340179
9391475
9132123
9604270
9405751
9305565
9650967
9392817
9405912
9264419
9427683
9567412
9555580
9462477
9343015
9398167
9826704
9408226
9612636
9424036
9467988
9308371
9492743
9350088
9458169
9440125
9714335
9463850
9788934
9543458
9775629
9546112
9560831
9679701
9525855
9747747
9998083
9480571
9869083
9615191
9642282
9881506
9520576
9573965
9550701
9664924
9813350
9571800
9732840
9956145
9724674
9766743
9792531
9754981
9496781
9813620
9750883
9844878
9828468
9705499
9813039
9604852
10141179
9719285
9742308
9830662
10076409
9709176
9832986
9765952
10076529
9941127
10071800
10014783
10001419
10069346
10029190
10103819
10008643
9971042
9890693
10206711
10106454
9894611
9953620
9950685
10116323
10027868
9826313
10226528
10029521
10176555
10040963
10023781
10321133
10146639
10103979
10178699
10393317
10197323
10174251
10119418
10583070
10095684
10175723
10381505
10437530
9907485
10193606
10445624
10430306
10229613
10117395
10325291
10297970
10197924
10286589
10224373
10305214
10340740
10214104
10478737
10208865
10209826
10201050
10615120
10436037
10386825
10408065
10258267
10646418
10365606
10555059
10730825
10509223
10496690
10380875
10467586
10303090
10438772
10387547
10445104
10488846
10119569
10799062
10618106
10406402
10516768
10330331
10307759
10501319
10442890
10682194
10767413
10502982
10390853
10669270
10707742
10597348
10562803
10691933
10572431
10823257
10459921
10649273
10723712
10590174
10922281
10528610
10627523
10617925
11052223
10737678
10952026
10847973
10775327
10575496
10669201
10738980
10790807
10719033
10790917
10888759
11056280
10736976
10881325
10727199
10932390
10822686
10598910
10860065
10932610
10982973
10902695
11101193
10882898
10615811
11265539
10816665
11047163
11163971
11127553
11003752
11027206
11077870
11038878
10883509
11053686
10908235
11282010
11065758
10955624
11180761
11095973
11016065
10909738
11259929
11035923
11216037
10975941
11460201
10908135
11167858
11321884
11176223
11149905
11334798
11265950
10982132
11255832
11369984
11079013
11221097
11470310
11466163
11288983
10951966
11614508
11374452
11205988
11199006
11528298
11194397
11285496
11692543
11355557
11370635
11248387
11687744
11251714
11281649
11194066
11490527
11364323
11403095
11696591
11589211
11402023
11420678
11415328
11520754
11826552
11660734
11501919
11560558
11600462
11542724
11453529
11363832
11694987
11557492
11498492
11669631
11706779
11564815
11499885
11849114
11701479
11712801
11437609
11691682
11406983
11428703
11986850
11859093
11480630
11958457
11851639
11704696
11587508
11766470
11663038
11698364
11762683
12016665
11869832
11615240
11878098
11735233
11741444
11774074
11880452
11652349
11787590
12032225
11825120
11845738
12394037
11936127
11941066
12034029
12009723
11922251
11856999
12107936
11977213
11889730
12295645
11821163
11914456
12329167
11981441
11890161
11874542
12278944
12051401
11988123
12135477
12209785
11909497
12172426
12021655
12961542
11716579
11837833
11809551
11800023
12131229
12125168
11842272
11891924
11900590
11661176
11735814
12336530
13081435
11973646
12194326
12090072
12062972
12664881
12229692
12045660
12187764
12511917
12226736
12357480
12314389
12203654
12238508
12305443
12578621
12300092
12379491
12252043
12510795
12202582
12482912
12273113
13143792
12724622
12354163
12383067
12459279
12467033
12182053
12866686
12613175
12530421
12491919
12803659
12685549
12349314
12752845
12357960
12540530
12945413
12412142
12399287
12725043
12696501
12485348
12856538
12888046
12578561
12971231
12675391
12499093
12688806
13064234
12622453
12520212
12990536
12698003
12714754
12800554
12675942
12591225
13334296
12728490
12571007
12882686
12918223
12797458
13135516
12761241
12903495
12788521
13029059
13025171
12940814
12980608
12800914
13079082
13184467
12896953
12896502
12977092
13052703
12838083
13242435
12969828
12962966
12968947
12958216
12829518
13293390
12867237
13069413
13007388
13175401
12618836
13171104
12681893
12861918
12745001
12780306
12822625
12937599
12772462
12860996
12891773
12926769
12951263
12912692
12938269
12657358
12881454
12952405
13001437
12878599
12985679
12862309
12929093
12913103
12885231
12932650
13031594
12778513
13120098
13033106
13079482
13139404
13021144
13180420
13007308
13544697
13217870
13109649
13016476
13026033
13159371
13177144
13167066
13325630
13224903
13194366
13118415
13030111
13150835
13251021
13175251
13014692
13271269
13113596
13017017
13177816
13180821
13199236
13210316
13435404
13206950
13300934
13525090
13213822
13351798
13475048
13248186
13452787
13561268
13243628
13464498
13289192
13566488
13523338
13317886
13446254
13513460
13550598
13629394
13709844
13664520
13492540
13691360
13503872
13574914
13574223
13521184
13568672
13535971
13517827
13542203
13752353
13758084
13745560
13870954
13506177
13706349
13713091
13812425
13664510
13749869
13711688
13676423
13700477
13583219
13681432
13883517
13612053
13529329
13767361
13509833
13830560
13470721
13719924
13715175
13921698
13714614
13969758
14088900
13701499
13876625
13795154
13742125
13902593
13930054
14069864
13863931
14024270
13804261
13890832
14048574
14167465
13918172
13881794
14014972
13990737
13982833
15267230
13943339
13993713
14013910
13917461
13861166
14243106
14210425
14245701
14293139
14285445
14247665
14119346
14026073
13926076
14100662
14187974
14331791
14140646
14186601
14294922
14243868
14257573
14389509
14085173
14359482
14365073
14192903
14712880
14317806
14353351
14353171
14401832
14386544
14396122
14348433
14468676
14546812
14321894
14426268
14192703
14772892
14451745
14341520
14460000
14425255
14397173
14540941
14580734
14400239
14486489
14425697
14493131
14461102
14447807
14703152
14592856
14555848
14757052
14543526
14623253
14618665
14508470
14685239
14672725
14591334
14850676
14724332
14717248
14845847
14605991
14527336
14687613
14790024
14816202
14636238
14825149
14785986
14568271
14877997
14864192
14830468
14969928
14655614
14896682
14823024
14956182
14815631
15039176
15021604
15063001
14888647
14961152
14858911
15061368
14961653
15060437
15115529
15081306
15129244
15040519
15034107
14960571
14812385
14982943
15052201
15204505
14902103
14930175
15156685
15208281
15197211
15082507
15108767
15132210
15111431
14981890
15169790
15233529
15171744
15276338
15117973
15430274
15249418
15365774
15093007
15162867
15278251
15303969
15215255
15332933
15169459
15300222
15284022
15324177
15300814
15493352
15092206
15122341
15701418
15557811
15464618
15578580
15621519
15485898
15510904
15326912
15362078
15784462
15577578
15398996
15467283
15385390
15468145
15521674
15434102
15645535
15328726
15639333
15661544
15709564
15674900
15776448
15708101
15734771
15669930
15720223
15878809
15453127
15684267
15701349
15760679
15691270
15696379
16040299
15715565
16001627
15852890
15652979
15613806
15651216
15882816
15647178
15740712
15756592
15857489
16063382
15949801
16007167
15720474
15627351
15988593
15828906
15977712
16034068
16119706
15939150
16109998
16029940
15795194
15857489
16013760
16009772
15899377
16028527
16024049
16236613
16099850
16195598
16032174
15955270
16132921
16381352
16151055
16180609
16086484
15969858
16435814
16191470
16090753
16265637
16148831
16199465
16221496
16299231
16120258
16305493
16177315
16258154
16408484
16079202
16242636
16292579
16187283
16300183
16399327
16373910
16185499
16364231
16364863
16678095
16452797
16438169
16533427
16401761
16531463
16461573
16438129
16454830
16552742
16596965
16434051
16291596
16429423
16485787
16524550
16487431
16703793
16280166
16628724
16722267
16767412
16415247
16626229
16819639
16589971
16947376
17193653
16777329
16703893
16729611
16703122
16777650
16626540
16724140
16747164
16640255
16907622
16838423
16934933
16926097
16906380
17005975
16760709
16914014
16857209
16784954
16859653
16825029
16993231
17004994
16957435
17023868
16834918
17143691
17034549
16906671
16904196
16857720
17000756
16931587
17052653
17138361
16953658
17241043
17018930
16841289
16798500
17052472
17160192
16961483
17135106
17124827
17013750
17123975
17364522
17378788
17068612
17471992
17216767
17244188
17313728
17086044
17208231
17321542
17841669
17340628
17302657
17160132
17253866
17450712
17529820
17341369
17413353
17443939
17286137
17365404
17396251
17616280
17512748
17567530
17550759
17326802
17395590
17491729
17526915
17350296
17662196
17416339
17457205
17496688
17635095
17468626
17549596
17697392
17316874
17685389
17425416
17662406
17518930
17630046
17754107
17809931
17578109
17448098
17931567
17775978
17659902
17327574
17842582
17466022
17776529
17867047
17883829
17638712
17765247
17839476
17843173
17769676
17734640
18090162
17965029
17889428
18199896
18054024
17839236
17833043
17944451
17926067
18103055
17969147
18282329
17680169
18263214
18101533
18078610
18151516
18062401
18073231
18089611
17947367
18090764
17906331
18259588
18205166
17979276
17950503
18395720
18260039
18334276
17991188
18008180
18354524
18134736
18342492
18306294
18286959
18181842
18287829
18234080
18450723
18284634
18293350
18426377
18275266
18400659
18337613
18272021
18230874
18321833
18410669
18273223
18269145
18475189
18293240
18423953
19342120
18826051
18382316
18657457
18659541
18323236
18513579
18535931
18562591
18619066
18895710
18560837
18455292
18708953
18622042
18532385
18711278
18614277
18917631
18818477
18569504
18806315
18562712
18726506
18587768
18753697
18815321
18590353
18807728
18849185
18595052
18981891
18693084
18875172
18924284
18847391
18723230
18873880
18673307
18864333
18971622
18776469
18859273
19050929
18936106
18875453
19051060
19170702
19009723
18916670
19226836
19051861
19315080
19207541
19205376
19113616
19166043
18957786
19101774
19076557
19247174
19250451
19357059
19070575
19164350
19025873
18975519
18891854
19321443
19199115
19237357
19033919
19358381
19073733
19211328
19334868
19125819
19178247
19413063
19425076
19265679
19290536
19321884
19519321
19413224
19430957
19291658
19424495
19114909
19227669
19425837
19418503
19532325
19582248
19420177
19784724
19423001
19654753
19565547
19528869
19654693
19418524
19638292
19567691
19575837
19641297
19768635
19483114
19473967
19854644
19449701
19773974
19772942
19747936
19775107
19671984
19871295
20094330
19582720
19463367
19999174
19698014
19575325
19703985
19741896
19843895
19653982
19800845
19767724
19743809
19856229
20213402
19887577
20018270
19882337
19900139
19709285
19857310
19898407
19860105
19962526
20142901
20101664
20120149
20045289
20147379
20171394
19796758
20022127
19987102
20139926
20215386
20184218
20129436
20157439
20172727
20198635
20227348
20190008
20222118
20294082
20179299
20247937
20372808
20334438
20446986
20452848
20214815
20173478
20378670
20379853
20285757
20277812
20135869
20076819
20299002
20154814
20470201
20144856
20474809
20500747
20632031
20528539
20582319
20566109
20431900
20695339
20636770
20615390
20839777
20462927
20523389
20468417
20450675
20400261
20784715
20651788
20694297
20902705
20702472
20621872
20593830
20673097
20678537
20528669
20933612
20997061
20631820
20713483
20587258
20661336
20888798
20842132
20914888
20712761
21129516
20967365
20615692
20915799
20709566
20414167
21136490
20984027
20905480
20900601
20920789
21012851
21242788
20935236
21105953
21137763
21222410
21118446
21200759
20988184
21083391
21332314
21154623
21046052
21296868
21031765
21048677
21185151
21020344
21072882
21435456
20954952
21116643
21248759
21122955
21102116
21792970
21258847
21291659
21444243
21332044
21482613
21576018
21375284
21177627
21611834
21444422
21478166
21196743
21238440
21458770
21170564
21358985
21428815
21482314
21499386
21872540
21540432
21590465
21468198
21737869
21597558
21665815
21620410
21625140
21519352
21781310
21678318
21448040
21495468
21550761
21930357
21817687
21788604
21701401
21712111
21664693
21731367
21913916
21700008
21597248
21819942
22103288
21814813
21661527
21792160
21915880
21997973
22027478
22014483
22042966
21897215
22088972
21967777
22070518
22079606
21949294
22034382
21917163
22135449
22193577
22055431
22146019
22057054
21866218
21978307
22101796
22126613
22152381
22158522
21920610
21882949
22186935
21803822
22341833
22202614
22182427
21996741
22393799
22202674
22084694
22387288
22383620
22586668
22429305
22326204
22279948
22292772
22743800
22432001
22314222
22600704
22662930
22295036
22566641
22352482
22659774
23961104
22475012
22307359
24111815
22366620
22775170
22397598
22393921
22460294
22563716
22425129
22514896
22748029
22674682
22673160
22709197
22732511
22641391
22669843
22757417
22635039
22794276
22898139
22713084
22673590
22707214
22746967
23030334
22767756
22631592
22666187
22886737
22908437
22890894
22944594
23066412
22656830
23110393
22790768
22659074
23216400
22617456
23086138
23192456
23147402
23031808
23357153
23074106
23044561
23361701
23099103
23251256
23286010
22840161
22937382
23303383
23268979
23532328
23339630
23143956
23367161
23306759
23303773
23323050
23175314
23174914
22982896
23599454
23515728
23451688
22968430
23503324
23289507
23750053
23277554
23365158
23271914
23278656
23523091
23483808
23564237
23565229
23445747
23770672
23500169
23375466
23394773
23445788
23438685
23263750
23982166
23645780
23279138
23574358
23916654
23590708
23431141
23512572
23686295
23462139
23735056
23555242
24005589
23692066
23515999
24025346
23795659
23912165
23690674
24057045
23521079
24011971
24011931
23971697
24002714
23850561
23913779
23864477
23662992
23912767
24271644
23782003
23994589
23946720
24300427
23898420
23661390
23982856
23956388
24052307
24021229
23857184
24139139
23876450
24298946
23934027
24085368
24343238
23999128
24128458
24143046
24155419
24178522
24129751
24395685
24494329
24352986
24357314
24476135
23988728
24481936
24504638
24454234
24065011
24522121
24443124
24531689
24536538
24549482
24526780
24727332
24304816
24784800
24517732
24240056
24512392
24467459
24306210
24622678
24590158
24178272
24402770
24373065
24581843
24924469
24366502
24590699
24530628
24621286
24650811
24892811
24664597
24761637
25306931
24888643
24891067
24843870
24634571
24926143
24487347
24643477
24882602
24882702
24998999
24564050
24781113
24651072
25141795
24618681
24729427
24965156
25000181
25033512
24810468
25175397
24820246
24958494
24838139
24725741
25221042
25081774
24780093
25181760
25220581
24798747
25083186
25152344
25027772
25175097
25002847
25350873
25257430
25028555
25282918
25306461
25277708
25386450
25169065
25576183
25492297
25208720
25410044
25996084
25156362
25503768
25969835
25818273
25351966
25155641
25605227
25239476
25516121
25363758
25422206
25474153
25463534
25711434
25730109
25255036
25635765
25617961
25774763
25464957
25506094
25388685
25524097
25638841
25754525
25265176
25944289
25507126
25778410
25775094
25860242
