100
50
251
231
341
420
581
582
681
791
1172
1292
1313
1473
1533
1633
1723
2445
2475
2505
2364
3116
2886
3827
3897
3998
4268
3807
4628
5130
4699
5080
6221
6192
6792
6813
6603
7263
7003
8516
8726
9657
10379
9878
11051
11091
11913
12223
5260
6111
5901
5771
5440
5861
6862
6883
7995
7624
7073
7845
8375
8757
8475
8806
8876
9468
8706
9758
10089
10409
9167
9257
10790
10830
11792
12804
12233
12874
13655
12032
13435
14147
15810
13795
13084
14998
16701
16130
16811
17342
16160
16711
16360
17422
18124
18424
19346
17873
21360
23854
25547
21830
21419
24445
25567
19276
23293
22963
23603
24225
25748
24796
22311
24456
23403
26709
28923
27411
27591
27060
25948
27751
26870
28523
29645
29235
30317
31538
33261
34855
32020
32471
32180
32651
34374
33683
32921
38431
36828
38221
38351
36598
40165
41607
41427
39373
42849
40675
38882
43110
39222
42720
38641
46787
47037
43871
46216
44733
51015
45966
47168
48870
47258
48951
50875
50704
49903
55633
52157
51064
52267
53910
50494
53149
55162
55293
56184
52207
58088
60051
54491
62456
61293
62365
63648
58338
59209
58919
63638
62866
64871
64920
64740
69038
69859
70000
69609
69489
73667
69620
70450
72515
73045
78085
74558
76722
80669
78816
70952
74388
80419
75340
76592
84727
82994
80128
83815
81401
115885
183660
189141
196455
212004
185384
200622
159536
86691
89837
86130
95196
92091
95016
92502
92301
95527
97301
100156
101669
102621
98362
91419
97290
99344
104164
101589
100316
107460
107609
99635
105707
104734
108772
106598
107409
110545
114583
113411
112599
112699
115955
121025
118219
123219
123399
119211
122929
121706
111687
121646
123779
130232
123278
126745
135542
117698
131224
131073
129530
126104
132445
125253
126585
139128
139810
135822
138777
136022
143917
145059
130853
152944
142695
138828
146762
145951
149557
142585
153545
154457
153915
152674
146091
158194
147053
150359
153495
158324
156961
146081
159345
165137
161680
156961
164506
161139
158805
159296
167381
167641
175516
173061
168863
170807
162832
169765
178662
171108
166359
185575
179984
187247
181186
176096
181276
189191
194241
184342
187027
187108
187077
192387
188941
186326
202075
194742
202847
195704
194882
190564
210160
209689
205832
191315
198449
213667
207455
209228
213316
217343
208617
203588
211913
223325
220329
225819
218957
227172
222443
220579
220860
224105
226771
238022
228043
229727
228594
231059
234775
239735
242259
228263
228544
241377
237682
231650
233153
238934
244273
233905
249723
242841
241849
243672
253551
248091
245907
250084
256366
244434
253540
250615
250865
254081
249583
263859
274099
269861
257939
271654
277074
271374
274068
277424
267036
274249
284238
266194
269540
276954
282495
274609
299907
277425
283316
282975
294036
299827
291701
295518
303082
306879
293995
286732
303553
313261
294576
295399
301950
313692
321627
315846
319783
326165
313401
300147
325313
331865
318441
325383
341133
324122
331435
321296
314845
343528
323360
341924
325604
340352
332958
326115
360329
325825
351563
334020
365659
355480
335002
345271
340261
344189
352023
367412
351322
376098
352564
361601
365719
368083
349669
366830
366560
373473
376018
363525
374706
374224
377079
377892
392489
385706
367261
389683
386557
393450
384724
403078
404531
414068
416093
379895
389202
400894
400824
511159
418937
410492
389052
397859
419950
415240
419910
421903
425780
408658
432332
420210
423566
429978
443032
426081
420370
426692
428505
430268
441279
425139
462238
402246
454363
438153
438895
434075
422484
455234
452650
453732
449845
442672
436781
485350
467527
465033
487023
467237
445456
479570
450687
460114
502713
500108
483478
478007
459753
469071
514575
477526
489088
472787
490941
508223
471084
495580
504927
512071
490831
493225
491282
502122
501480
495560
506429
516990
551173
507592
501501
515287
542998
516829
519043
530825
535444
546093
531236
539882
536405
509856
541124
534131
536566
486663
527388
561442
559258
548248
562474
555761
578644
565941
566972
562023
570719
566090
543789
580507
558105
578243
558116
558136
560099
588412
557444
594433
582771
591087
578604
558607
598891
583503
604191
609531
614690
600925
597128
608870
598972
633395
612767
596136
606465
608780
627144
626263
622786
614571
624719
628106
624279
638505
642241
634146
635679
640638
637373
616985
675263
673470
686483
699358
664233
655667
663672
665705
661137
644817
643915
638915
664212
667950
663682
689679
662620
669612
671637
698586
670244
713514
694549
701081
673419
682697
692084
729424
678029
694358
699889
702424
700169
711270
705559
676315
704868
719515
728262
726338
685031
722771
728332
725186
736887
762245
721509
745263
773586
756163
764889
735986
708435
742117
760261
733932
750513
756964
789515
786419
763176
783454
760020
787502
778765
770831
779026
781570
733622
782662
781830
807859
812998
771251
836372
802990
793422
842093
782432
779316
766503
795075
824360
815724
820502
802910
865156
899800
826745
810915
884842
834088
843716
808340
808981
829439
839898
819791
830431
845860
916531
839348
913485
872169
869634
866949
856149
848514
892046
876386
853564
893708
896794
902645
867009
913385
917763
889180
861909
911472
872629
862772
903957
914367
904989
940436
930717
908616
917493
928723
944943
924636
925928
959681
905440
950664
946897
952468
986180
917091
933182
971914
957807
923283
981983
927982
988915
951796
966644
947849
953680
943722
993043
943191
969429
957717
966203
968607
993353
949773
974028
1036524
975500
991190
1033759
1036904
1024902
1020133
1028809
1001348
1057813
1045120
976542
1032396
996289
1004404
1011246
1020434
1046712
1017217
1040401
1063403
1006027
983726
1048516
1024011
1050409
1030863
1105702
1070947
1058785
1071379
1077119
1077088
1083260
1153250
1067742
1092658
1110751
1081227
1093549
1108226
1088350
1076358
1106123
1051701
1076338
1079954
1124797
1115880
1140396
1100953
1129646
1126400
1171434
1081998
1032146
1138833
1086326
1148221
1169971
1144634
1143952
1156085
1127923
1145646
1144564
1179419
1111543
1147570
1197613
1132823
1160784
1125339
1189738
1158570
1161466
1173508
1229933
1176934
1186282
1197392
1212720
1231115
1190489
1234601
1216368
1208342
1221847
1201440
1205157
1172025
1224332
1196630
1212490
1246192
1208673
1230503
1260930
1520311
1385812
1246503
1272521
1266720
1198274
1547822
1266430
1270067
1194547
1269125
1285035
1273183
1285255
1275918
1285295
1283672
1288751
1318036
1288091
1297327
1288161
1310141
1303028
1304911
1315501
1313147
1314500
1286838
1319759
1317334
1315040
1349324
1309210
1273513
1324598
1332483
1314539
1356247
1713280
1380972
1368219
1409777
1357890
1360184
1364372
1356227
1381343
1364622
1414455
1420305
1433651
1463125
1398104
1430946
1385341
1432719
1408934
1384239
1367728
1436245
1425665
1421819
1432268
1391913
1468074
1432669
1458276
1440523
1387505
1526012
1420987
1485006
1486017
1439501
1435855
1489064
1518528
1475488
1486508
1435955
1475077
1439452
1494132
1428571
1467113
1458046
1474055
1445051
1521844
1509912
1505093
1510243
1497860
1526593
1542703
1484876
1464177
1423642
1510914
1515242
1507688
1586474
1528155
1522646
1573129
1510934
1555035
1572097
1543374
1536081
1575905
1466462
1560215
1563682
1576346
1568501
1536973
1578890
1556810
1884096
1554295
1596683
1588027
1653930
1621900
1764605
1636497
1660381
1674968
1611501
2341074
1632921
1633701
1654630
1612964
1966609
2251218
1721505
1639472
1673977
1631859
2628167
1742664
1974333
1673415
1639903
1671983
1662194
1656694
1703331
1639672
1681931
1733306
1695376
1604868
1730431
1660933
1675009
1700666
1699274
1735431
1738906
1785684
1698562
1709102
1676502
1734739
1736683
1735821
1780093
1720933
1799610
1750739
1813576
1736442
1739608
1767520
1739759
1794170
1720663
1849752
1792636
1821209
1829856
1769464
1779152
1757432
2118491
1783350
1838942
1879738
1840295
2010261
1796384
1828743
1752352
1786575
1935913
1883024
1809939
1791575
1852297
1874178
1817302
1880459
1839554
1839264
1876883
1886140
1898904
2212556
1874820
1882644
1808055
1937586
2039645
1859962
1902471
1938558
1917799
1858800
1874999
1878636
1918491
1919081
1922498
1974133
1938387
1952283
1923319
1932697
1938558
2266816
1888124
2007465
1933849
1990634
1983141
1975616
1921647
1934140
1979864
1972601
2018876
2052569
1937486
2041008
1948576
1998068
2038954
2065503
1999952
2023455
2203189
2090118
2024707
1979724
2084238
2126496
2056486
2099917
2071955
2065072
2100588
2057518
2117700
2095909
2038644
2052068
2042851
2067247
2049042
2053210
2083586
2056256
2097021
2039855
2042030
2107751
2131997
2157063
2046438
2117870
2104636
2092243
2183912
2121226
2161471
2103143
2103734
2410914
2135633
2140582
2191527
2111188
2233365
2238274
2142476
2132858
2153055
2189313
2217546
2113202
2141374
2256637
2512332
2226763
2137266
2284600
2132277
2267949
2182790
2262909
2239606
2169306
2246650
2175998
2225931
2175958
2288537
2318233
2232723
2256848
2293957
2642473
2252309
2228566
2303354
2227584
2308925
2326457
2230399
2233585
2252540
2318473
2326558
2361492
2306580
2297053
2335034
2268890
2372543
2324584
2342857
2317891
2337909
2282686
2421063
2323212
2289689
2368946
2349109
2287134
2411655
2401226
2356073
2334191
2350943
2393301
2388402
2403531
2317811
2491183
2457300
2340113
2388262
2585087
2383112
2446870
2694390
2350111
2387440
2398541
2424339
2493358
2421854
2414611
2493767
2545925
2520878
2491554
2421995
2533120
2464915
2455356
2495341
2455988
2495892
2484701
2535576
2485111
2581501
2714437
2486625
2520287
2573566
2581260
2538921
2485783
2583785
2513645
2528563
2582833
2649828
2584436
2604112
2586600
2550874
2614832
2781702
2570540
2553529
2622326
2630782
2523643
2608471
2589736
2644017
2644438
2634780
2603962
2581952
3029081
2602800
2700331
2586069
2647403
2689541
2619070
2624802
2744984
2639498
2621395
2603682
3011709
2655769
2666058
2717232
2633587
2655147
2659516
2640110
2801108
2732340
2655127
2678020
2715520
2785379
2712924
2707014
3092729
2744553
2835492
2707284
2914469
2788224
2728052
2755834
2800648
2822969
2811358
2775651
2879283
2808682
2757287
3152821
2818661
2891316
2734535
2871559
2883791
2854978
2891987
2895634
2773568
2864235
2885254
2923805
2845300
2855509
2908929
2757588
2844970
2916973
2965894
2966866
2853345
2873913
2989027
2952669
2965243
3199457
2928685
2849487
3050521
3052925
2993355
2927793
2931270
3035744
2963129
2956307
2946287
3049740
2971013
2995209
3304723
2957598
2910662
3017890
3030233
3024373
3007261
3051172
2945806
3011709
3026767
2902556
3033439
3069606
3080947
3134326
3028530
2990960
3043789
3085246
2998324
3027729
3095545
3055771
3050041
3382507
3149836
3052885
3092409
3243499
3088442
3131541
3150366
3063947
3052225
3068715
3261803
3156178
3222831
3235775
3233420
3116794
3146199
3091096
3210418
3092739
3218013
3182546
3047937
3170745
3212943
3177557
3190050
3224615
3143544
3274117
3291599
3235244
3231677
3251544
3234031
3252686
3253258
3238029
3333506
3293372
3394770
3234012
3262164
3173369
3359525
3279196
3283884
3299433
3318699
3324280
3679198
3372649
3272113
3379952
3327775
3251454
3333386
3370014
3365295
3301126
3350167
3450042
4054605
3385653
3825900
3398537
3391314
3392345
3334568
3464649
3444893
3360316
3341511
3433752
3508992
3297901
3382257
3338716
3427431
3431238
3464680
3421841
3478455
3510325
3396262
3663819
3406622
3474819
3497000
3409528
3457958
3490979
3437840
3393738
3499674
3484317
3592507
3473306
3486710
3462475
3476292
3557933
3549197
3513230
3516917
3608898
3736163
3846108
3588550
3395260
3689217
3573602
3609979
3605531
3506648
3559856
3730213
3582869
3507860
4144842
3602716
3594330
3711768
3656336
3653881
3701239
3638442
3565517
3581506
3710857
3628323
3974756
3637651
3595673
3678136
3850286
3829346
3756792
3987490
4466990
3755750
3726546
3984395
3710717
3789843
3754067
3760579
3860194
3783431
3799901
3666234
3887555
3879961
4018547
3806494
3756130
3730874
3781378
3743578
4177773
3871625
3763996
4053412
3795164
3804340
3854734
3768974
3749318
3900539
3826521
3764026
3854163
3870994
4041099
3772341
3798469
3902022
3821411
3804941
3923602
3952686
3876244
4183814
3951002
3973875
4028086
3862278
3918833
3907492
3926486
4093086
3886272
3894688
4396329
3934722
3927228
3912050
3851227
4035780
3835257
4048563
4015912
3993020
3992500
4130165
3944310
4013428
3949119
3963716
4031702
3987480
4176380
4308015
4037593
4031301
4079190
4107423
3951483
4129233
4123052
3977031
4004181
4160561
4038746
4116218
4038574
4035700
4030971
4096422
4132630
4101231
4011855
4144732
4068421
4127430
4150352
4100360
4054194
4011214
4215433
4171572
4075514
4305340
4113504
4196909
4265155
4253975
4206006
4182021
4142247
4259375
4156483
4192070
4219630
4207699
4236733
4228898
4279572
4294831
4192401
4266708
4319406
4254746
4219891
4319487
4429310
4220542
4278510
4133101
4242835
4571033
4352247
4164168
4332921
4439630
4583947
4404023
4379037
4380951
4349893
4444969
4290552
4378216
4469805
4373727
4402210
4454877
4454597
5922301
4280684
4349722
4459476
4361264
4496785
4323093
4454918
4615876
4362025
4539826
4449006
4553450
4405356
4426194
4479684
4353590
4532071
4563399
4546468
4479643
4516562
4516212
4501965
4523154
4503768
4472180
4620956
4534095
4440391
4556978
4432936
4587233
4568138
4617890
4670508
4752741
4933375
4575892
4596060
4575442
4694182
5180374
4581282
4552589
4758872
4713157
4627108
4674716
4567136
4605267
4680626
4761367
4651242
4714309
4668494
4767928
4644439
4601480
4798826
4744075
4620625
4731261
4752701
6448668
4773008
4853267
4698570
4587915
4658115
4635934
4751808
4663935
4750496
4844971
4752770
4767698
4771265
4707807
4737092
4884885
4809797
4756597
4779620
5937670
4880818
4781844
4841205
4946870
5065932
4802402
4783728
5002775
4778168
4746058
4864508
5008184
5090417
4822350
4964864
4733675
4859648
4920522
5045483
5876626
5344268
4816749
4975614
4951970
4996913
4946190
5164204
5061624
4965215
4996232
5091078
4912948
5063968
5080368
5140339
4959444
5070450
4926393
5122947
5080018
5103401
5052397
5144488
4907327
4940068
4938254
5058167
5021228
5071492
5119681
5076381
5156930
5033451
5299835
5029504
5177579
4992526
5342765
6648799
5234905
5201373
5319061
5214046
5443232
5257467
5412255
5020538
5345851
5161378
5105786
5051555
5261995
5320143
5246917
5283596
5222983
5246838
5276362
5226920
5301539
5463229
5425098
5281792
5257598
5296569
5302140
5602087
5337716
5277595
5298774
5395514
5242590
5418867
5272025
5758126
5329401
5394652
5318230
5376959
5560479
5512941
5648263
5851319
5426010
5402216
5574095
5397067
5508663
5849526
5392789
5478106
5424728
5445857
5556372
5380907
5338237
5599132
5665063
5428776
5581729
5566311
5545332
5595534
5491311
5946927
5421592
5603009
5542116
5502532
5464181
5507962
5611955
5613247
5491271
5471444
5604722
5545372
5786389
5510968
5619119
5523120
5540402
5645518
5642622
5825582
5678098
5609410
5712742
5691724
5646910
5643614
5641189
5511899
5708003
5601947
5676275
5795756
5821634
5796798
5766833
5596717
5756784
5713173
5814661
5769007
5695941
5638845
5664173
5866698
5695850
5868772
5715037
5823368
5696873
5785287
5797259
5847863
5927490
5888519
5701812
5813048
5929515
6600370
5965041
5718944
6088410
7011342
5880945
5969839
5951435
6012690
5947969
5980910
6123485
5940956
6055158
5791909
5892636
6006348
5813229
6108357
5805755
5856690
5943240
5885783
6002300
5933703
6485496
5824439
6140626
6010795
6063192
5953068
6004864
6344706
6066639
5989095
6062010
6125769
5951665
6423241
6166354
6244269
6107065
6036253
6385090
5962405
6364893
6267281
6358841
6090804
6187273
6282169
6204986
6241223
6095883
6028799
6283832
6404967
6170141
6187082
6140907
6354303
6142079
6093829
6174168
6221918
6313838
6112094
6257744
6222668
6273183
6094981
6272030
6236444
6312015
6299792
6191371
6217268
6401711
6494815
6416038
6334476
6482752
6333545
6475508
6531612
6558041
6551279
6338805
6373639
6423491
6343413
6547472
6427590
6399076
6422330
6366195
6276659
6466962
6366707
6217429
6593537
6271810
6470328
6457695
6513719
6531442
6476901
6488642
6267662
6426918
6562289
6412481
6636977
6504372
6484435
6404005
6496367
6662605
6525350
6344875
6433100
6514200
6443278
6693212
6702810
6570294
6630776
6494183
6566988
6712949
6684476
6542413
6602564
6516124
6470619
6663867
6649742
6618544
6714241
6498771
6707439
6555247
6707068
6694695
6754866
6709162
6558913
6748004
6672143
6682262
7003838
6641326
6757622
6680869
6841488
6831439
6741572
6738957
6822151
6929511
6938247
7188842
6889327
6816210
6812944
6689406
6838432
6729650
6953425
6687031
6907881
7213578
6738066
6878566
6931234
6770967
7044694
7138188
7133299
6928860
7027914
6878346
6966881
6706227
6807915
6992928
7012795
6960638
7040347
7077907
7073267
7039605
6885489
6985305
6931926
8066050
7090940
7046017
7064231
7155139
6993139
6910866
7160790
7082394
7151583
6924061
6963945
7134361
7024757
7108964
7027453
6973363
7002255
7134601
7285662
7321990
7103013
7234557
7282185
7121878
7061376
7235148
6981678
7246088
7250267
7367524
7203850
7137908
7265475
7199723
7280092
7139641
7431923
7286203
7177621
7319896
7427946
7372894
7417778
7302965
7210863
7254795
7280794
7473811
7326718
7343490
7214009
7306621
7240098
7507053
7294849
7522992
7533262
7352436
7555433
7596499
7431222
7298216
7624951
7494389
7480974
7325787
7592282
9078219
7335745
7562226
7658324
7586040
7613040
7646101
7498778
7564790
7479001
7722082
7462340
7402289
7491474
7573146
7546617
7702826
7583926
7690363
7555433
7722273
7485763
7465576
7471637
7508535
7570460
7711482
7624502
7826696
7633417
7652913
7644107
7710020
7826616
7566313
7580669
7502985
7643336
7695983
7863524
7686326
7704029
7889383
7739073
7810997
7820916
7926752
7844019
7935749
7965063
7739664
7756736
7815746
7742019
7719868
7846944
7785480
7927364
8069216
7830693
7667822
7902738
7846092
7801009
7891406
7807370
7893881
7923496
7680795
8166367
7996241
8242358
7729686
7965674
8019033
7924908
8028361
7942882
8055621
8031897
7923756
8048448
7888270
8129879
7887479
8056342
8026427
8174662
8108459
8080558
8167088
8260212
8221580
7983307
8156920
8185723
8132976
8196944
8029984
8155828
8209116
8170706
8045513
8150658
8047857
8116043
7987364
8011179
8406573
7959222
8124689
8251806
8177949
8115923
8331384
8220298
8307439
8194049
8141721
8016989
8227210
8222281
8376076
8419577
8191413
8209837
8113629
8252387
8253879
8478807
8381035
8459581
8281070
8453681
8342243
8309222
8345970
8340350
8207784
8365757
8335592
8522468
8155157
8499135
8488535
8450955
8629236
8520775
8327867
8527097
8326274
8508713
8362471
8396645
8691031
8571439
8460523
8617004
8293173
8440406
8393359
8374894
8698856
8492502
8534180
8517439
8412864
8592949
8665293
8565528
8545410
8649955
8525123
8756854
8492212
8767273
8728090
8732758
8616853
8870264
8721317
8853021
8879029
8780637
8557253
8695740
8843945
8532046
8898536
8677856
8734612
8923212
8857479
8845798
8719414
8874902
8612315
8968756
9029950
9173276
9487038
9174318
8914376
8957295
9187112
8878580
8816364
8889419
8712321
8707492
8821223
8913744
8781970
8941706
8926929
8923563
8870224
8848684
8877608
8942708
9145575
9039879
8898045
8945734
8887697
9015453
9180770
9118886
9024711
8918554
9101363
8891263
8965260
8827295
9055608
9148720
9067430
9090573
9253214
8996017
9065566
9042454
8914366
9028738
9291786
9068773
9185610
9279414
9300573
9125648
9131048
8996238
9237366
9231975
9302266
9324808
9166143
9403744
9308378
9321071
9198333
9350265
9420486
9371394
9512847
9479515
9258164
9962451
9321422
9433440
9196459
9377435
9119376
9270567
9227487
9435393
9289732
9335407
9386823
9341028
9488361
9506695
9526192
9398634
9243467
9410407
9491097
9420325
9268243
9678584
9617431
9370062
9374720
9697609
9271238
9503169
9562529
9496336
9759344
9748164
9574792
9546470
9652296
9520861
9722125
9541160
9876061
9664368
9522635
9765385
9555375
9684797
9449811
9508830
9498010
9530740
9872485
9802114
9580333
9697680
9865762
9572538
9725181
9584019
9744628
9734178
9617271
9520261
9889837
9675339
9750117
9571065
9770095
9900817
9765726
9695066
9767430
9728738
9874428
9844393
9741892
9860373
9698251
9673686
9730892
9955529
9770676
9935101
9809367
9974284
10172180
10237282
9945340
9855392
9915655
10073729
9884256
10053160
9896920
10060434
10094968
9890939
10039504
9989883
10226061
10179695
10064852
10172141
9951271
9909042
10074870
10015420
10140743
10244996
9882213
10328912
10106549
10147606
10148036
10065604
10124933
10139470
10373605
10267288
10078617
9847208
10355181
10108392
10258041
9920994
10203409
10240668
10203248
10195674
10254113
10142586
10212616
10463612
10567925
10243844
10385577
10334893
11399318
10186257
10307642
10390987
10480944
10547718
10377693
10381239
10518334
10520678
10457992
10245798
10616245
10505631
10318343
10597420
10346825
10689782
10416845
10492987
10376140
10601228
10690584
10553258
10547378
10242552
10601098
10314045
10644217
10618400
10512763
10848888
10885385
10629520
10653705
10670316
10318433
10684873
10434529
10696123
10614643
10692778
10741609
10722513
10670356
10657172
10838628
10635431
10830203
10758650
10855439
10892759
10755895
10717874
10557406
10653014
10997964
10576902
10561745
11032588
10943924
10881157
10666849
10915561
10648084
10970443
11014264
10661951
11071771
10799195
10916783
10652403
11027699
11084876
10882460
10952420
10815375
11020035
10773708
10911072
11109562
11026978
11141280
11915216
11731425
11586406
11777150
11909747
11198917
11913093
11556511
11580005
11831121
11608527
11547805
11619969
11363413
11818838
11666626
11628885
11748067
11588280
11874552
12073561
12113115
11660264
11881014
11822936
11338357
11674460
11662368
11669581
11468819
11176647
11659553
11634066
11567752
11705247
11562252
11491511
11538217
11668460
11625870
11985477
11479829
11930606
11842302
11810293
11974948
12037023
12138853
12139173
12034158
12352138
11884070
11934933
12110610
12095793
11907453
12117943
12392092
11925046
12214012
12304610
11962595
11920237
12101152
12316722
12249618
12006306
12294792
12329035
11993172
12338723
11989144
12397993
11854645
12287778
12342871
12084010
11909376
11546503
11595904
11510686
11498173
11759839
11668660
11867108
11447690
11718251
11962606
11893046
11696340
11557413
11648182
11753738
11879240
11654544
11875925
12166323
12272391
12542081
12578359
12549245
12185189
12736443
12516855
12369892
12258264
12235292
12550888
12469998
12316924
12682662
12327143
12251773
12328635
12140466
12572228
12874188
12761348
12092456
12261551
12296565
12506085
12515933
12247174
12181902
12457254
12431736
12580042
11958699
12809948
12315171
12203573
12371164
12255529
12220815
12282649
12165542
12085584
12454088
12515241
11935786
12358971
12499131
12448999
12341900
12556888
12449770
12222238
12794520
12443408
12578018
12649821
12321973
12603606
12664639
12906468
12444631
12627219
13082395
12935391
12748334
12970416
13042611
12828082
12856295
12768001
12698442
13260124
12975416
12762160
12834043
12890578
12818204
12615057
12594980
12674267
12739668
12713541
12428651
13045997
12516183
12708160
12858249
12935993
12894817
12956962
12622621
12659379
12847268
12740841
12929160
12747894
12593007
12880701
12765296
12917349
13281956
12889026
12834495
13286744
13991122
13075211
12948907
13115056
13291663
13077827
13265906
13107461
12910857
13137016
12822102
13130584
13107702
13059733
13108995
13278389
12946343
13044104
12929852
13080601
13443015
13210132
12778290
12906819
12925604
12954057
13332749
13044114
13052891
13452051
13088216
13237102
13114505
13038864
13077747
13401968
13304206
12992688
13418529
12880260
12973262
13240729
13106199
13261848
13738583
13540515
13441472
13406606
13135093
13046448
13187540
13105989
13094137
13518455
13246520
13666019
13038474
13365692
13569730
13644389
13080051
13567395
13651472
13139682
13746007
13531199
13411927
13536178
13410765
13500592
13299198
13452773
13512344
13568929
13447393
13269984
13582193
13597872
13540686
13681066
13682269
13911795
13727463
13710702
13539213
13471187
13545165
13467280
13641474
13921313
13675005
13725068
13685135
13754343
13812421
13896888
13798865
13772817
13705472
13986163
14135651
13754093
13686628
13585740
13769251
13763650
14071792
14106046
13859448
13936822
13794097
13633940
13844781
13946830
14078705
13929317
14000309
14246847
14145098
13668604
14147052
14175405
13858867
13949846
14116195
13953904
13755666
14053088
13876710
13836226
13922977
13892250
14146251
14171869
13982577
14112369
14342966
13957441
13796753
14089656
14123278
13842327
14035766
14262127
14040946
13909422
13872954
14078054
13982307
13957260
14243893
14179332
14156090
14172309
13876470
14543568
14131503
14231650
14048580
14421753
14119271
14564978
13959084
14101588
14407917
14425179
14283887
14357493
14247359
14119873
14113741
14047638
14635149
14468370
14375296
14149517
14273738
14430289
14672418
14580747
14459833
14456547
14410221
14066052
15183577
14971674
14371049
14372982
14268879
14466806
14398730
14395294
14270001
14190323
14471456
14288615
14174614
14447992
14489890
14500159
14395966
14292203
14603300
14503966
14611485
14291431
14436561
14336375
14462128
14325294
14386999
14403569
14468410
14529192
14980751
14465935
14660096
14382631
14483027
14691334
14435969
14617186
14862031
14311077
16018368
14407827
14785048
14425270
14595505
14580598
14939664
14759511
15214335
14768176
14707433
14758588
14655247
14861490
14676476
14988446
14761264
15166896
14812278
14908597
15470159
14901474
15104621
15152670
15089833
14886726
15237157
15156367
15731695
15003884
16471678
15226187
15819788
15354575
15380143
15365034
15504514
15329198
15536513
15813457
15601304
15520654
15184119
15399389
16212278
15258397
15676915
18610260
23224877
25638428
18606874
21852088
15523840
15054449
15155666
15257205
15273224
15366708
15218022
15216689
15048196
14939004
15784744
14952339
15091828
15142732
15371927
15768384
15455032
15413445
15294684
15009405
15101606
15183227
15020836
15474618
15451095
15287130
15182657
15397946
15155115
15512258
15507439
15299934
15513120
15360607
15198206
15583480
15377698
15365045
15242989
15566258
15687283
15283634
15179471
15326934
15930975
15131090
15565307
15477454
15793080
15545250
15615792
15562161
15836882
15452438
15810202
15607216
15699487
15656036
15871967
15601164
15488354
15728781
15897334
15639515
15655094
15726487
15887065
15678678
15687625
15643313
15906511
16096724
15608918
15790756
16091735
16087367
15893156
15840789
16041823
15735744
15520064
15555509
15991429
15738008
16005415
15465482
15781349
15896242
16307886
15888528
15974377
15990227
16188084
16103727
16009843
16211878
16082077
16020032
15774085
16078540
15794112
16036372
16576855
15943339
16281947
16197591
15810703
16036843
16340176
16576555
16277861
16157798
16448849
16125217
15849586
16444881
15985058
16171183
16412951
16004353
16538886
16190980
16519249
15954560
16361276
16662175
16234380
16277921
16029770
16252183
16707899
16306164
16519129
16568882
16253446
16367166
16497830
16514310
16262223
17114835
16355095
16368870
16180461
16565756
16416548
16570264
16429773
16488862
16535640
16339235
16621239
16482842
16339335
16656063
16855433
16645935
16281798
16670680
16277640
16555407
16526894
16566797
16588879
16679768
16671812
16746752
16408213
16696068
16502949
16806473
16933349
16669389
16537654
16732516
16522617
16913763
16604799
16846918
16953376
16809749
17168325
16817333
16978543
16645013
16876914
16929782
16819557
16474607
16502379
16967693
17162445
17040347
16841879
16940552
16868478
16715945
16741102
17125215
17084029
17043363
17087134
18429747
18739001
17139611
17211264
16838493
17320878
17530046
17169827
17673933
17489061
17576012
17051759
17686817
17167955
17471007
17779730
17359540
17397020
17614753
17935059
17597772
17661371
17552869
17187741
17992004
17419893
17567757
17701896
17472620
17573808
17958323
17517113
17711033
18174865
17513877
17963212
17526030
17837148
18036858
17753533
18017533
18206233
18495019
17621007
17237414
17457433
17408862
17100801
17213740
17621057
17331889
17531249
17703410
17564181
17588306
17558079
17611218
17501705
17569240
17426596
17270726
17523776
17454156
17428749
17921033
17550665
17833661
17766276
17522624
17570402
17625976
17438908
17473222
17773810
17470467
17869017
17847206
17543793
17624212
17900545
17769131
17896948
18170727
18013676
17945610
18030327
17950850
18343008
17925031
17799709
17742042
17787175
18090679
17904643
17857015
17950649
18090508
18039404
18035466
18118150
18016632
18044273
18393421
18151953
18174665
17798887
18183261
18412507
18232523
18167192
18251327
18430490
18415572
18286152
18005521
18634739
18151632
18319804
18586299
18020028
18336836
18086932
18417886
17798497
18175195
18171359
18072605
18187630
18247451
18189583
18276224
18419209
18068638
18426863
18692266
18347666
18096109
18219107
18436171
18916013
18065643
18419601
18218848
18458423
18809364
18804956
18575680
18321158
18277597
18959533
18269181
18624291
18571743
18561584
18855159
18483009
18622007
18659836
18944976
18564900
18576422
18899422
18847896
18883362
18622397
18991072
19080016
19521737
19152421
19137614
18933645
18598433
19107909
19954440
19468728
19016709
19737808
19127164
19184691
19012761
20086095
19578372
19353745
19151118
19407435
19053267
19451957
19153834
19287923
20746391
20297979
18888101
19748038
19226921
19438313
19467046
19536495
19091769
19341133
19498936
19825231
19314252
19006000
19679591
19200642
19390374
19367461
19676776
19103230
19825532
19636652
19892256
19382299
19595064
19768636
19478989
19347234
19901994
19509505
20243278
19619078
19274027
19678689
19243762
19504055
19969820
20056841
19163152
20224733
19487023
19759840
19671937
19990879
19997912
20255560
19976873
20160844
19502422
20033288
19460143
20170713
19914588
20132423
19833518
21098036
20526334
19764600
19223996
20091036
20196702
20133074
19967757
20486110
19706962
19944834
20055139
19995398
20124448
20387446
20534680
20154854
20179821
20812175
19848856
20831921
19602880
19653784
19651099
19702995
20060309
19618969
19601357
19691995
19781180
19639958
19490451
20149835
19996961
19801378
20262734
19964782
20166135
19974499
19875165
22055734
19906804
20395081
19937341
20475440
19996340
20503923
20092068
20444663
20233822
20307699
20345028
20581738
20281891
20572511
20198907
20439704
20376637
20682205
20754038
20323759
20293403
20402535
19830303
20366849
20266633
20426770
20649204
21366124
21352338
20947457
20676544
20979085
20293492
20458959
20808870
20053076
19836845
20377910
20304753
20317377
20476963
20711239
20223773
20932720
20539129
20857880
20744470
20687714
20820942
20661025
20554838
20757986
20526175
20793222
21109799
20428864
20401694
20793021
20633685
20902925
20633535
20358534
20997511
20407635
20934864
20845669
20812978
20543558
20552123
20751854
20779496
21088560
21029089
20370035
20769607
20679781
21203564
20809572
20874593
20981321
21086326
20747085
21202421
20661647
21039990
20683848
21207561
20937500
20816755
21090103
22195606
21766579
21002390
21164130
20782843
21277892
20788272
21284123
21389980
20794223
21429734
21057062
21301787
21095414
21175162
21515393
20975370
22233948
21206790
21099741
20854306
21391784
21356649
21207793
21123425
21253717
21165254
21203955
21478605
21339396
21154093
21627141
21422722
21230014
21585924
21228831
21167678
22173085
21377417
21124277
21702531
21574233
21448509
21337333
21777571
21487491
21351699
21571678
21574252
21653279
21718381
21837060
21617523
21453549
21902021
21654281
21488153
21640256
21995175
21618176
21350538
21364303
21660013
21733600
21629948
21759799
21768975
21547905
21733269
21762263
21877427
21420539
22072910
21943610
21419717
21544489
21681072
22086515
21919515
22176562
21559025
22238648
21728239
22972730
22887512
21609039
22247263
22109978
22346076
22142980
22312675
22086345
22061098
22643700
22907470
22350645
22404906
22707208
22481128
22131939
22891750
22554013
22756139
22813165
22843783
22436986
22740330
22976388
23306973
23515560
23437094
23125055
23771064
23272799
23024568
23658886
22458967
22964666
23212116
22576907
23722174
23083067
22624755
23374819
22875121
23050226
23172233
22337462
22716015
22520011
22265348
22563362
23255136
22737565
23095219
23185627
22813185
22973473
22529228
23002116
23482268
23196177
23048973
22705455
22645003
22812105
22321643
22582538
22686902
22930555
22603637
22310572
22156698
22579703
23216085
22341119
23282097
22478746
22906680
22739950
22994483
22321333
22830217
22680069
23093827
23082547
22688335
22601754
22573411
22882295
23670469
22637189
22688655
23418801
22972502
22872727
23335156
22817925
23256529
23002367
23119716
22845817
22902943
22731275
23395598
22697681
23063141
22617053
23138952
23117382
23485386
23216206
23695637
23060847
23220374
23171322
23513759
23569652
23492339
23092155
23026874
22943560
23156555
22796526
23417560
23224491
23207660
23044818
