40
80
60
100
100
140
160
151
291
301
240
220
360
381
340
411
611
632
761
621
731
791
922
972
791
872
912
1272
952
1393
1563
1693
1733
1573
1844
1633
2104
2144
1934
2274
2454
2675
2374
2615
2906
2805
3186
3457
3106
3266
4308
3767
4869
3927
3837
4358
4668
5229
4598
5140
5300
5370
5631
5420
13004
5400
6081
5420
6051
6372
7063
6292
7264
7314
7083
8576
8315
8947
8435
8115
8536
7974
8846
9869
8996
10029
11672
10389
9658
11021
11421
10991
11331
12232
11912
11181
11581
13334
14357
12053
16019
12974
15929
14827
15308
15308
14217
16650
15548
16040
15058
18524
16330
19496
18544
17121
20508
18685
18334
19746
21028
17803
20408
18374
21189
21369
19496
23123
21951
22842
22161
21710
23664
23132
23103
23684
24836
27131
25597
26599
26619
25216
25928
27501
27461
29825
23193
24325
29705
30526
29254
33242
28422
28703
28242
32309
32781
29915
34273
32801
31568
32701
33191
31738
34795
36558
36297
33452
41737
36077
42238
37960
41096
40485
45725
38030
41367
41367
42088
44082
45644
40415
42519
44051
46085
44603
47297
45214
47868
44583
73546
47778
52137
46285
50904
49532
50043
49141
48289
51085
49631
50073
51966
53009
49721
56274
54771
54541
63468
53218
53719
61003
62315
58949
62786
62255
59490
59921
66403
62776
70601
67114
68406
61814
66132
73666
67976
69198
65100
61453
72153
68106
65871
68938
81170
77764
71563
67254
74427
78425
75860
80629
79707
80509
82393
91569
81340
86940
84897
77553
83524
75509
87541
86790
87031
96138
88443
90908
79057
94285
85789
135721
92401
88273
109713
88994
92291
90477
102940
100726
103972
100426
97150
110083
105215
96107
100937
95938
98773
106097
105485
108972
116356
107038
103241
108911
105455
99544
105255
114181
123859
109051
114502
118048
113439
112247
115092
120312
118178
110855
119692
124130
113239
124721
131553
118089
129890
136593
120683
125532
135331
124670
135811
122556
125101
125512
126243
127756
140469
130541
138737
144407
143535
136753
133657
147924
140009
145739
134569
145369
139818
154075
145780
135751
146440
149196
140840
153825
149646
151791
145008
152142
193768
160116
146702
154346
165607
156479
165556
156209
158182
154827
160928
155809
164474
163382
161609
168943
161839
173131
169924
172268
174713
170626
172028
182137
174001
170906
182167
171847
204519
175644
178239
191564
197385
195362
182708
187196
186124
187327
183319
188899
183540
183349
201343
203786
188759
195622
197726
212703
192496
211622
204288
213415
199990
205229
211451
198187
218234
216781
216320
206822
214637
214016
207383
221500
205660
210269
212133
212403
228172
233952
224045
223483
232460
218534
226529
237108
242007
247197
241547
241587
249091
217042
230957
244763
249562
240495
235596
250734
241617
252306
251194
239833
244823
247948
246716
258267
264158
239182
245123
299824
251625
269208
281561
246787
250433
260311
269890
264799
267595
258417
272103
272634
269207
286280
281951
265881
296148
304383
262115
270390
281551
290658
272113
272033
281892
300486
294043
282502
298282
287662
294725
308781
303862
299194
300536
289826
349556
277873
303311
308390
313990
309593
306307
308060
325762
311256
309742
323288
307168
300456
319982
345750
304623
322106
332044
292090
331684
336242
328978
321615
326554
359825
320733
330511
315854
354426
316986
339217
632269
350579
329429
321294
342173
348755
338556
353113
347533
366488
368692
364023
378279
399309
355226
374643
355518
359034
364705
381365
359034
369874
363452
372419
383058
366638
380423
404268
391624
374092
392506
375394
378730
378169
388378
409768
387947
405631
411861
404669
409497
394700
386445
400631
394710
401883
406441
414827
416180
411381
424805
418524
424394
416179
443620
438841
433992
438601
408095
416250
431158
459840
425197
420748
428693
455863
434424
432099
437940
446596
454049
454570
451135
454180
442838
455322
448600
957290
489876
440995
450553
451165
447156
457376
465651
470541
460922
481871
473656
467073
477613
487572
452367
476381
477212
498362
480489
491439
482443
528557
505474
510905
473375
476190
511997
517687
505033
517988
515013
483504
486249
503020
512769
497611
520793
493543
514952
520262
540149
539498
516545
523418
514161
533055
528978
516875
501257
532094
545569
521394
554656
526043
537073
526644
540489
543555
538095
535470
564103
576426
533646
530692
579231
543876
554495
593677
542092
588087
571186
544978
564043
552842
566998
573821
582657
566978
566277
570725
580984
600531
559895
599128
594990
585252
588979
588248
567519
584531
584952
602344
593958
580413
612042
590773
608856
615328
613715
608936
623623
611801
607564
632079
609016
619015
605590
626879
613404
639613
633522
641796
664528
617672
675980
659851
660081
621480
664409
636277
709652
688854
637759
610499
702449
657696
666623
627440
681380
701377
999649
676892
628452
704052
682883
679045
697870
676771
686410
700455
677072
676831
695727
703070
711396
957721
666052
696307
727625
712618
728307
719040
714502
671873
736001
706016
716675
677162
710874
695567
759254
734559
721755
717597
758312
734789
751490
746430
728467
715123
762059
727014
768161
752642
760476
763021
731432
733176
779101
771937
744918
756269
772328
822831
749185
773050
777778
802554
725501
750338
780763
770275
790461
786294
799008
798867
797966
789200
814025
754365
821670
836307
853358
805499
802404
795951
798847
846656
859690
862305
794900
799970
800871
826959
826178
824574
858718
850131
835845
825426
842888
859720
883304
871812
849951
840704
864329
864899
838120
833391
891869
875900
895275
871051
858668
904263
849090
886900
905234
1198306
862865
913579
884245
943314
888593
872153
917166
897369
911766
904413
911054
939397
917176
925331
909682
932774
897740
920973
919440
956508
919591
914210
946440
969633
971857
937363
946380
934378
948805
971296
977437
985732
926443
1294363
960947
984581
960226
944857
968270
983599
955637
953443
1017312
1006482
1277572
1010548
958703
1002955
1018383
1002875
1002433
1028782
975374
989159
1042528
995611
997074
1065010
986374
975935
1013384
988908
1055412
1026117
1054460
1030606
1097520
1017301
1020307
1081189
1078003
1079286
1046526
1063236
1062776
1408916
984150
1062194
1043209
1037759
1083063
1038299
1047907
1072162
1087040
1172218
1052336
1066201
1049461
1092500
1108981
1099253
1128287
1076671
1096317
1109141
1060792
1097158
1084696
1123788
1093792
1093553
1069969
1119620
1105695
1142823
1076831
1132575
1149686
1141942
1174361
1130360
1179070
1097710
1153282
1136161
1204748
1180052
1163281
1170414
1146119
1137513
1127124
1285377
1213905
1111275
1158622
1206211
1226939
1171947
1111225
1155958
1203345
1205068
1168060
1187966
1170134
1234994
1190111
1208315
1183248
1247136
1223151
1212723
1234804
1243900
1231427
1237048
1196262
1251655
1273936
1199779
1191724
1284986
1242187
1273284
1250142
1286539
1304242
1317326
1250762
1287160
1276500
1252716
1228391
1304984
1268326
1310955
1249180
1269317
1315102
1226788
1251755
1245092
1329398
1401231
1324028
1333646
1314441
1280077
1327976
1303120
1321925
1394218
1339117
1312787
1307178
1386383
1368420
1352832
1286990
1321153
1359765
1288813
1363902
1374031
1369933
1411210
1357109
1370454
1385783
1395771
1378570
1331452
1401121
1315733
1422391
1381234
1392846
1373810
1423753
1394508
1382757
1381305
1406130
1435554
1402072
1396662
1401862
1481219
1486459
1392535
1399569
1441135
1498290
1418884
1503180
1386083
1435194
1563742
1481440
1434052
1463276
1470619
1409687
1479365
1459839
1476159
1500164
1436978
1484666
1483203
1526242
1528266
1527925
1489214
1532855
1454179
1508369
1488753
1515823
1585422
1528386
1547963
1510303
1527675
1539647
1465730
1534478
1555466
1532925
1547150
1546139
1516795
1587045
1598787
1517757
1555366
1572207
1535429
1589268
1520411
1591173
1589780
1544906
1528317
1625927
1592565
1559404
1619605
1682211
1607683
1652576
1648979
1642136
1660671
1588547
1675909
1618353
1606310
1619635
1686899
1622310
1632769
1631466
1648749
1612451
1675368
1586834
1637228
1674716
1660871
1677131
1655632
1682812
1766917
1671451
1714540
1735429
1666902
1670299
1718378
1820426
1671541
1712838
1735910
1670499
1670439
1744365
1720601
1758511
1715693
1760005
1708920
1729548
1800690
1731872
1747582
1740879
1705163
1741129
1719119
1788878
1810377
1710072
1727354
1772798
1780994
1723938
1755937
1772087
1765024
1739416
1774171
1817641
1769843
1692821
1781764
1761487
1753042
1820136
1823142
1787145
1755656
1831828
1792134
1833580
1818562
1805408
1855731
1822409
1787425
1890876
1887571
1882791
1829473
1804687
1828341
1853668
1851083
1898370
1938104
1952291
1857024
1889865
1881770
1896227
1854349
1876319
1863626
1857164
1903690
1873003
1942111
1903851
1901065
1995200
1919329
1950567
1969882
1901816
1950958
1983197
1877321
1863165
1968740
1878474
1988798
1967448
2024503
2014626
2028912
1955686
1933044
2003064
1953983
2022510
1973650
2042918
2080067
2004186
1965714
2023843
1980342
1950867
1923386
2123116
2042968
2022570
2041295
2083002
2009446
2062575
2045503
2018172
2111935
2088552
2062133
2081449
2001071
2064207
2059549
2185020
2071400
2126994
2099412
2066371
2075729
2053667
2040763
2091207
2050091
2210577
2065099
2121182
2153483
2044390
2130851
2075327
2216168
2114110
2103981
2129258
2189008
2144526
2113899
2212782
2157971
2103159
2149324
2135308
2144456
2233641
2120771
2143233
2221588
2188527
2203856
2313929
2218583
2143473
2170123
2237889
2299021
2165765
2234031
2256433
2176054
2307628
2255752
2277041
2239461
2211098
2229653
2221548
2200640
2305733
2187716
2243058
2253527
2298430
2283463
2241315
2139276
2297739
2201761
2306655
2245602
2241064
2273394
2251734
2354354
2388286
2274717
2315983
2249660
2395059
2236316
2344726
2335589
2337713
2318728
2383468
2397814
2255351
2372998
2258376
2493772
2347260
2346389
2414515
2361978
2406431
2429152
2369571
2462855
2357841
2347051
2337723
2397744
2437217
2394067
2493070
2320742
2430515
2451223
2434432
2367458
2428811
2455981
2427278
2449128
2463856
2494032
2351508
2439231
2431968
2458306
2418392
2516173
2424323
2467362
2565655
2473774
2446384
2402112
2478984
2511254
2491227
2522524
2512777
2529828
2449350
2416539
2468936
2594668
2535719
2529107
2618693
2597262
2550116
2583658
2504501
2615517
2618542
2396973
2600910
2595509
2604586
2523526
2506525
2448367
2593296
2475487
2596421
2561597
2556247
2558831
2591812
2619914
2585071
2554333
2647767
2662784
2607392
2621357
2677812
2553472
2680306
2515441
2657634
2620346
2690506
2579200
2674205
2581614
2614625
2579380
2569882
2691998
2773559
2662634
2753923
2638048
2699682
2721323
2677671
2780432
2792745
2698661
2622920
2761426
2802081
2748924
2647997
2693250
2739857
2762238
2706615
2650351
2751498
2743934
2720961
2786383
2875036
2824343
2864036
2796621
2688202
2890795
2697559
2810317
2856301
2648497
2923285
2749445
2802823
2838459
2898580
2889704
2852244
2763170
2875818
2834252
2804106
2899021
2887980
2766145
2776474
2925700
2796211
3059248
2785090
2887910
2741800
2959964
2913979
2897097
2879696
2961316
2863254
2980332
2838078
2796111
2889013
2861382
3037347
2878103
2855400
2933725
2917515
2892509
2998535
2955375
2936110
2945036
2855059
2983207
3008293
2942602
3007912
3020415
2985531
3065559
3066751
3015557
3130949
3034061
3070137
3036535
2985651
3092118
3081238
3019924
2937512
3097438
3104049
3002432
3142010
3090646
3054929
3105853
3128615
3084504
3063966
3067192
3089002
3232257
3167999
3051713
3035343
3135859
3065549
3077712
3214384
3076259
3089353
3116554
3100163
3121954
3245020
3236996
3245652
3073664
3170343
3139496
3134196
3346398
3173448
3157759
3339666
3180321
3202903
3221988
3408162
3162368
3190119
3153792
3296907
3179750
3281819
3255079
3194878
3360093
3284063
3245041
3217981
3226576
3152139
3269616
3203825
3303469
3245531
3239891
3491237
3244028
3334987
3282260
3229873
3230814
3335809
3314158
3321632
3294061
3228430
3252113
3245502
3214224
3310632
3249008
3316683
3313357
3354062
3355264
3306233
3297728
3377245
3372296
3445792
3427859
3343423
3396922
3321502
3527243
3322544
3402011
3431045
3337643
3398344
3460749
3388987
3433069
3543793
3523826
3458316
3447856
3516673
3551999
3446153
3470658
3508959
3519218
3396040
3412360
3433950
3456401
3383357
3554503
3503529
3503529
3590039
3449219
3654458
3496315
3570653
3480957
3514029
3550726
3656051
3631185
3619344
3616117
3630254
3708218
3568899
3569430
3668244
3561116
3611478
3635633
3676990
3563300
3486287
3681838
3571064
3708939
3624673
3744144
3637767
3579921
3738914
3567247
3654688
3564281
3659307
3461892
3670408
3696836
3611048
3820816
3643227
3729436
3613272
3676900
3701796
3664587
3706444
3649298
3722934
3833940
3833529
3763320
3780812
3734837
3773098
3748291
3789548
3556096
3894222
3696376
3855751
3642295
3851403
3775652
3864236
3908507
3765644
3799696
3920039
3973428
3802492
3878763
3960855
3844970
3929076
3810506
3819594
3706995
4026186
3868784
3854889
3992593
3872330
3929287
3907757
3904761
3936139
3868814
3957629
4077590
3879424
3880737
3874505
3847075
4040121
3816778
3953391
3993134
3964922
3896065
4133364
3977555
3877670
3914498
3963490
3941548
3987254
3937091
4021296
3963519
4031074
4103809
4076408
3919198
4002873
4101194
3785210
4091025
3880737
4120119
4135127
4045201
3933644
4124387
4011167
4019443
3993264
4180691
4084643
4011488
4146719
4123766
4060138
4100323
4060639
4156085
4048997
4199256
4150705
4137461
4118616
4269806
4208332
4178547
4305041
4198874
4332853
4304110
4252404
4189537
4166715
4154232
4300202
4213211
4195558
4147871
4140317
4182524
4192353
4336239
4196570
4103729
4150495
4124186
4163780
4261090
4501905
4332511
4182434
4384398
4128355
4121382
4193455
4315891
4320039
4240622
4359081
4319999
4319378
4316453
4278822
4278963
4358891
4298188
4255530
4265177
4409855
4322854
4516532
4385500
4395749
4336199
4349994
4425204
4474875
4288180
4426045
4466289
4493259
4365884
4495383
4392704
4371474
4400898
4535677
4318817
4398384
4425854
4486527
4488210
4435652
4936899
4443567
4471509
4645491
4395088
4477109
4413381
4396070
4440061
4396951
4665708
4431344
4350926
4495824
4478031
4604875
4621596
4606098
4582735
4549523
4745356
4715430
4646243
4561245
4781102
4679905
4552669
4641934
4630333
4501034
4568659
4625804
4567646
4622418
4690064
4591621
4653836
4584438
4560965
4602772
4569240
4753220
4619473
4739565
4650821
4699661
4705752
4801690
4748241
4898739
4731089
4644058
4734435
4773477
4731189
4721982
4779579
4741909
4772746
4820544
4806919
4701123
4769971
4862703
4843316
4787063
4879244
4796550
4690033
4739485
4829311
4792613
4905462
4884813
4839610
4894512
4901564
4624221
4918035
4909840
4810816
5059867
4906804
4866189
4876538
4878793
5009594
4976543
4724327
4829421
4886105
4879644
4874845
5057092
5009785
5036554
4897156
4956155
4999705
4893790
5042165
5031665
5118556
4979469
4901865
5013191
4963199
4958189
5597131
5709268
4880205
5603422
4857633
5112204
4926090
4891776
5003183
5004404
5023039
5079473
5069665
5148602
4960614
5074073
5014282
5134294
5019402
5205857
5065027
5052724
5117974
5225423
5194696
5075136
4947429
5101474
5062633
5031935
5175831
5134836
5131870
5082439
5062972
5135578
5129035
5082950
5202611
5125428
5131590
5284292
5267000
5265757
5235952
5287728
5231585
5282138
5233789
5385269
5169951
5393214
5153861
5245972
5186301
5261881
5383316
5386632
5367666
5282468
5344534
5332411
5344854
5300272
5389917
5475886
5325128
5375972
5481146
5230502
5309128
5373167
5567426
5274755
5497065
5456460
5326741
5440721
5455980
5279013
5598323
5412108
5520449
5361625
5421396
5558419
5519277
5509599
5708257
5467130
5514328
5491566
5580280
5536910
5566954
5668593
5586571
5574890
5414913
5486316
5632937
5500151
6016126
5366424
5757047
5708036
5539164
5671859
5592623
5841182
5532331
5541067
5604976
5619202
5827357
5612509
5666109
5598033
5692698
5670376
5599876
5674203
5572536
5964079
5596309
5763859
5858214
5639669
5590178
5776513
5673552
5921872
5822969
5760623
5817268
5686716
5686577
5821846
5992111
5712494
5786761
5759030
5657963
5809143
6017217
5765132
5825985
5576042
5837115
5835221
5737701
6160092
5723514
5796149
5761645
5676798
5642746
5807560
5874774
5864766
5859747
5939795
5749392
5852623
5866319
5889482
5913385
5883250
5756606
5903477
5945375
5860719
6042765
5982905
5939995
5967245
5992172
5777454
5988384
5933022
5937461
6032876
5945415
6146157
6060899
5967025
5988164
6037174
6067812
6013160
6128855
5992192
5844258
5989877
5999816
5996229
6007059
6091605
6037625
6026225
6056600
6177955
6118495
5804675
6150294
6044608
6066749
5985629
6128744
6057342
5975691
6330447
6181222
6298277
6180569
6092337
6134715
6416386
6144693
6133233
6078481
6175310
6111301
6109779
6300151
6188284
6223780
6138983
6140926
6229901
6398092
6184236
6197351
6123334
6250640
6201458
6173557
6268092
6389306
6360883
6410886
6471839
6275305
6216135
6288229
6389656
6218681
6201859
6441913
6363288
6266790
6232256
6411296
6390387
6458734
6303257
6584917
6374639
6325588
6375080
6475445
6469685
6343050
6394756
6583175
6556595
6478271
6555123
6583365
6458625
6464084
6488640
6426325
6738021
6445620
6292517
6557707
6463744
6482588
6542369
6480585
6928423
6623509
6663283
6536959
6499379
6438748
6650359
6749151
6459736
6536728
6681317
6635531
6717383
6739274
6513345
6633568
6666489
6712804
6734785
6459526
6727741
6601128
6711192
6669725
6670316
6937380
6814352
6794907
6607229
6753169
6762647
6728763
6784336
6872169
6738792
6696173
6853745
6867310
6843266
6797621
6670315
7114136
6772104
6545836
6690583
6738572
7679482
6603392
6852532
6703207
6970310
6817308
6991259
7121501
6891474
7025593
6848055
6774449
6877278
7102184
7077128
6834710
6833407
6972335
7420704
7053925
6903447
7053224
7099249
6898207
7226344
6808141
7077078
7069705
7069544
6886295
7249477
6931859
6954171
7001378
7070225
7236203
6912794
6880875
7106292
7002610
7065056
7159270
7218740
7244227
7041703
7088719
7330676
7351225
7220092
7369759
7250148
7148681
7074523
7124125
7165862
7105711
7305450
7198072
7376030
7530667
7347578
7285844
7181932
7121400
7325788
6980059
7250879
7257422
7108636
7141277
7347498
7185208
7196639
7241191
7179047
7590457
7355172
7162255
7293097
7233547
7275735
7680534
7392883
7033407
7195817
7380720
7420924
7440691
7289300
7219772
7197882
7375390
7382212
7322212
7240640
7437505
7509348
7387522
7491755
7456460
7358598
7452773
7393313
7594725
7494070
7564489
7348090
7841602
7408461
7474132
7539133
7440190
7393704
7478601
7444227
7434298
7400706
7536318
7645840
7594916
7551806
7509828
7588785
7586190
7367896
7455868
7654075
7418169
7481466
7976191
7667310
7727912
7389085
7726760
7466248
7713205
7631503
7765932
7653585
7781982
7559570
7533412
7813050
7939112
7796710
8199033
7726329
7498067
7681787
7953339
7807178
7662311
7944803
7628618
7716130
7900020
7937931
7858864
7789326
7744623
7981060
7752508
8038206
7716160
8148219
7705190
7788885
7807038
7694871
7942609
7625423
7795316
7776020
7922872
8032575
8045349
7838877
8001258
7996639
7984897
8264234
7732490
8040249
8025482
7918425
7842544
7908966
7993624
7931418
7883450
7921209
8310349
7935917
7839438
8165270
7954501
7964199
8125567
8049357
8033637
8400656
8160442
8149972
7876487
7904217
8179016
8486655
8112523
7974798
8613430
7979588
8213821
8219191
8314788
8104999
8354191
8319707
8308747
8304068
8179788
8056369
8282518
8254026
8073832
8270135
8244408
8223189
8262070
8049958
8267971
8692086
8271958
8199465
8233477
8196128
8326529
8264425
8186811
8277108
8645629
8473881
8311451
8380118
8203312
8351485
8418700
8551996
8115408
8338872
8560201
8473501
8371002
8432034
8388844
8354691
8343510
8055778
8352056
8422176
8673120
8443817
8659365
8438096
8550613
8457191
8554141
8373957
8836532
8708656
8503126
8433727
8522361
8494701
8572354
8655628
8425362
8491905
8562756
8516100
8591068
8469314
8712623
8598362
8793974
8574848
8722361
8641622
8773937
8665075
8605916
8784005
8870866
8884822
8515028
8809232
8671658
8695602
8878590
8569429
8904528
8878801
8769609
8928873
8886886
9097214
8739122
8818169
8626274
8890222
8933522
8845699
8838476
8730606
9027235
9211415
9033416
8856019
8840420
8718645
9224069
8837053
8617738
8946176
8763317
9088769
8931668
8782253
8706412
8916020
8968837
9030882
8538672
8931488
9121941
9080795
8927802
9160311
9029520
8989666
8944121
8996118
8988874
8910580
9022296
9090302
9130406
9355613
9102505
9066237
8994815
9239418
9253574
9063753
9355222
9315829
9347227
9147548
9079873
9149662
9484051
8961153
9057221
9077879
8969889
9214111
9144221
8955112
9210865
9716610
9241211
9071668
9228618
9367575
9262310
9275414
9280413
9264494
9321730
9366322
9225893
9295442
9355794
9186259
9430651
9381129
9541697
9463092
9404072
9359610
9382272
9497655
9361965
9305720
9441902
9387141
10305860
9142729
9374698
9538691
9490853
9338271
9565400
9438607
9244898
9459144
9542107
9578144
9476136
9530987
9374317
9311592
9686896
9407870
9481476
9479602
9525968
9614201
9670265
9503386
9646390
9491975
9480303
9656039
9395156
9738921
9538642
9587932
9734574
9532660
9543019
9792701
9772594
9534855
9583845
9705760
9613090
9674804
9635671
9638587
9639638
9677167
9941266
9873000
9638527
9492877
9891885
9868672
9709949
9859755
9664484
9818990
9877999
10026253
9694490
9816956
9609693
9763878
9993763
9797300
9962345
10611025
9593323
9365491
9412909
9665156
9598211
9243806
9634780
9610704
9543781
9448945
9724055
9889550
9614873
9526178
9562496
9409783
9486175
9587673
9765711
9477689
9508175
9591680
9834379
9337470
9657131
9618510
9433767
9869904
9677018
9778545
9537860
9774277
9738201
9644878
9745203
9847172
9860026
9857802
9721680
9905240
9688118
9617137
9834889
9843385
9863823
9711532
9818409
10007568
9941887
9858984
9781862
9741596
9892967
9948029
9956795
9929424
9987111
10080664
9908535
10110840
9939954
9910680
10034258
9799584
9820593
10103617
9770581
9656660
9965882
9797991
10100701
10338041
10170220
10028458
9961243
10040611
10141377
9934374
10070586
10020082
10108606
10326639
10031313
10031333
10008521
9991299
10098869
10016185
10616044
10251520
9975520
10015965
10089420
10462741
9897065
10066598
10126539
10225633
10190097
10000556
10070305
10168407
10113295
9978456
10014873
10213881
10221274
10162687
10261198
10151365
10174578
10142168
10151896
10288088
10361294
10315919
10204603
10531428
10471016
10497806
10402289
10655979
10340946
10304829
10516340
10533422
10298687
10462070
10486996
10248555
10534764
10415303
10484822
10523313
10594415
10394024
10302565
10684782
10408390
10427025
10593202
10429399
10559320
10322632
10506862
10608581
10241321
10560903
10247042
10674182
10344933
10291885
10716179
10761043
10649807
10462952
10583585
10642473
10659605
10544432
10715148
10700020
10702464
10761013
10616285
10634118
10785808
11250188
10595166
10707785
10532240
10879321
10548690
10700611
10788154
10745304
10926960
10651771
10860988
10581371
10710058
10792311
10906893
10763227
10914167
10878570
10937610
10960262
10535696
10956234
11030141
11066328
10750022
10879112
11082678
11097405
10954841
10782042
10664595
10974187
10969709
10888329
10866338
11028919
10752547
10929705
10709608
10970120
10813010
11154762
11136167
11148710
10977233
11024821
11081927
10959460
10904819
10914377
11176482
10960953
10924566
11053474
11193674
10833157
10915509
11113525
11108686
11018109
11198913
11297946
11535996
11226354
11249256
11284582
11073831
11054916
11236613
11474703
11237814
11266037
11085543
11324215
11261158
11428648
11299369
11241181
11332230
11326149
11278170
11448975
11391970
11521720
11441051
11259545
11447813
11431733
11574808
11295101
11312514
11297686
11443325
11624170
11379006
11606327
11271177
11310510
11715389
11555533
11182633
11356655
11421395
11611406
11508045
11666739
11442203
11667791
11594575
11331689
11430461
11398452
11598452
11754902
11761103
11559580
11778185
11678380
11670605
11634259
11379478
11668863
11712864
11930666
11548961
11633768
11381581
11687167
12008510
11703676
11786811
11581992
11693398
11826223
11886936
11559841
11530236
11877939
11799184
11653324
11591789
11652662
11846992
11607369
11945714
11697816
11846491
12137639
11929385
11674904
12159760
11963167
11986640
11717182
11496013
12120608
12065526
11713966
11789055
12267810
11824280
11801849
12112673
11865677
11800476
11966252
11794995
12126600
11729504
11773316
11863893
11785588
11962305
12052352
12089672
12154501
12225814
12173165
12054035
12185759
12013279
12252572
12171463
12193513
12135636
12009522
12109118
12360071
11986821
12134394
12463202
12251330
12068482
12132701
12445379
11811947
11991920
12206598
12305801
12281997
12346507
11993894
12203913
11978525
12135876
12235851
12493619
12161204
12292547
12275405
12588804
12256440
12309778
12396108
12207510
12157426
12303788
12073581
12487216
12238376
12297926
12528083
12470245
12223098
12279432
12433477
12537850
12279883
12117352
12372044
12717683
12579367
12210274
12300261
12502976
12434449
12333873
12442994
12216025
12482778
12454897
12541747
12511461
12622416
12408441
12426174
12633176
12446091
12319887
12657732
12282188
12506873
12744813
12844177
12513996
12745004
12677068
12768838
12615183
12828147
12803071
12620464
12808151
12853474
12724496
12936428
12999765
12626575
13030241
13105190
12992342
13236152
12846551
13115820
13159951
13083460
13047964
12889581
13244017
13125327
12848656
12837685
12989807
12885754
12924767
12801739
12751215
12810495
12852933
12960823
13130026
13324275
13091394
13334084
13024711
13052513
12760202
13047974
12945314
13186140
13474884
12945144
13222728
12909899
13026835
13187101
13235441
13042584
13092486
13216255
13418239
13304840
12944774
13200887
13508816
13212489
13023118
13257392
13178195
13387372
13395998
13230332
12981831
13192120
13273852
13228398
13256861
13164269
13465897
13390328
13335587
13016667
13493619
13312645
13179518
13282108
13315309
13612209
13275145
13212048
13402660
13474102
13276497
13645660
13352679
13363449
13321531
13400196
13848355
13628990
13494851
13499981
13473201
13360392
13916551
13678601
13801158
13617328
13744493
13929856
13716390
13775740
13812449
13469754
13404244
13723584
14107183
13837745
13641944
13426735
13398693
13596700
13862722
13370151
13429060
13817198
13806988
13687948
13746817
14463372
13696525
14009103
13410145
13741016
13542349
13877779
13705270
13646903
13552197
13704659
13590037
13784317
13759541
13518064
13874063
13822157
13833488
14036403
13793193
13980279
13817888
13976903
13869084
13809524
14259506
13914017
14246071
13900813
13737080
14093018
14027758
13802681
14028488
14029000
13953741
14003914
13973818
13877760
14330738
13921211
13823259
14139885
13877319
13864415
14342951
14011256
14011978
13718165
14069034
13880675
14007921
14044288
14101544
14432596
14177575
14184938
14149483
14478611
14110190
14173457
14255428
14137250
14207210
14342950
14253475
14242975
14299680
14213191
14425473
14267150
14680104
14367606
14346437
14202470
14257292
14300732
14094180
14195277
14309469
14170622
14178887
14281326
14499360
13803563
14432226
14241693
14418290
14080635
14192653
14715159
14578686
14148350
14441903
14057383
14156095
14336990
14416426
14276878
14828760
14272540
14764871
14642585
14576543
14809915
14723946
14382344
14831094
14520519
14943471
14871279
14710250
14614503
14702927
14643326
14512224
14684473
14779168
14774298
14737961
14633518
14630743
14882629
14759551
14896064
15028929
14642194
15029942
14982223
14722693
14752979
14725398
14605075
15174929
14820384
14797081
15103187
14591130
14892106
15320379
15099350
14694772
15079103
14875165
15016717
14999024
15182363
15163568
14941037
15223520
15093258
14790709
14908387
14841022
15149673
14921571
14794045
15061129
15179799
15513136
15243407
15099952
15171804
15051492
15211819
14999416
15220815
15004044
15012820
14864306
15260508
14979969
14971815
15127362
15238899
15112394
15088240
15483211
15525669
15250721
14948762
15447625
15164631
15261912
15132902
15198283
15270076
15543643
15150505
15208062
15508587
15011809
15542741
15281307
15583857
15096946
15352760
15461951
15445742
15470817
15386351
15137160
15494842
15453996
15558069
15434491
15809575
15502466
15464355
15644699
15195949
15772636
15396420
15473383
15986732
15470297
15772065
15530077
15466069
15346057
15804726
15666609
16155534
15270707
15675777
15684062
15472701
16014253
15619313
15920660
15505732
15651583
15666300
15970482
15555154
15942049
15740527
16062613
15829181
15883632
16194757
15781002
15761766
16017370
15941408
15960704
16224582
16279434
15446473
15738373
15614504
15651873
15601069
15938614
15945766
15696065
16022278
15872020
16063665
15973448
15648868
15965965
15881618
15479054
16046753
16015986
16237035
16012951
16140016
15687559
15987995
15942410
16118987
16239520
16235142
16176554
15857153
15949824
16187163
16456742
16029752
16067271
16264015
16007320
16085916
16093420
16360574
16426066
16069707
16352439
16217460
16451673
16304371
16602723
16073253
16555264
16384018
16260359
16127323
16295023
16224152
16308018
16204956
16408002
16473323
16304741
16339536
16174690
16571865
16567508
16158191
16584118
16104982
16289683
16318978
16803975
16303128
16685074
16255741
16653256
16366786
16449308
16837737
16659097
16301616
16534797
16665519
16669225
16935007
16291397
16611999
16782645
16610116
16266731
16161346
16752379
16939586
16769250
16824273
16537762
16684013
16846513
16343332
16525219
16864878
16645090
16865398
16739716
16568980
16674706
17185801
16590691
16570985
16800769
16638720
16680667
16882872
16768289
17230775
16764973
16961547
16567648
16936741
17028981
16793406
16920621
16871190
16692870
17086167
17046694
16934236
17008344
17232578
17099743
17131040
16898520
17089173
16706825
17069046
17118747
16719499
17370583
17189819
17046023
16944826
16962999
17137772
17244340
17247305
17433329
16890826
16830504
17090435
17238519
17229282
17072732
17221618
17270899
17080066
17113798
17211469
17095254
17451904
17205939
17362438
17719690
17170764
17680287
17588146
17612091
17747782
17179681
17170704
17301827
17704852
17360475
17436325
17386563
17287591
16857625
17575563
17510523
17497469
17353753
17655972
17139356
17384429
17577777
17579341
17859729
17666852
17685937
17222350
17571646
17515211
17962669
17709401
17470239
17536241
17803956
17879656
17680097
17670158
17638740
17684114
17490886
17533646
17708790
17518958
17310132
17786193
17869988
17478183
17602353
17645722
17980222
17446935
17780492
17712997
17979270
18272933
17448489
17865620
17975444
18093392
17830846
17917577
18044471
17885528
17880818
18075659
18024243
18186394
18027900
18328256
17569913
18016188
17907247
18248869
17915382
17978009
17898932
18027139
17821999
18215337
18157280
17803065
18300705
17759724
18175494
17871321
17763141
18325741
18005449
18414967
17913058
17987996
18203706
18338855
19887550
18128988
17930019
18196262
18259399
17992745
18140228
18188047
18689304
17912927
18194549
18185262
18239071
18004397
18290336
18612332
20379020
18380033
18416399
18660341
18371747
18837528
18252146
18628592
18626699
18445614
18307468
18707388
18438250
18457916
18380854
18358322
18687822
18306316
18234273
18761889
18324740
18655552
18856303
18766307
18889685
18952441
18876772
18776887
18590482
18030456
18490757
18803255
18714742
18363902
19102329
18812182
18570996
18889395
18736492
18636026
18680769
18536722
18894715
18910464
18271622
18613204
19034363
19189420
18621459
18889545
18651164
18940749
18633180
18934769
18908080
18544397
18722546
19050964
18800481
18812132
18903621
18621750
18934679
18952362
18841708
18801282
18883094
19089025
18922237
18684026
18445965
19025788
18631408
18952573
19245815
19075309
19168632
19052968
18991495
19708110
19342964
18957010
18733297
19001603
19114983
19285609
19275670
19226098
19051675
19446796
18942053
19235466
19164284
19213906
19068516
19445775
19402435
18921595
19302890
19133717
19617913
19277523
19509693
19267525
19261063
19544247
19454371
19156120
20551701
18996664
19657016
19139629
19069399
19536203
19253029
19361009
19385163
19261966
19610240
19510815
19504784
19322878
19798988
19324180
19468768
19107649
19565016
19501859
23837339
23045144
23054071
20683515
20335421
20079518
19990934
20285138
20271894
20708031
20378581
20285819
20567130
20318500
20222883
20730773
20649021
21017994
20805050
20721305
20472024
20252067
20144879
20989562
20575646
20032410
20239013
20754077
20567331
20329691
20722177
20675230
20779243
20665353
20506638
20668599
20626961
20717008
20252739
21088455
20670362
20908552
20365988
20813847
20677996
20771038
21015099
20421561
21265753
20507350
20420299
20658199
20825459
20452658
21035447
