50
50
130
80
180
171
190
331
170
311
421
511
521
711
621
741
822
922
1032
942
1213
1483
1243
1674
1613
1683
1874
1923
2345
2134
2224
2424
2434
3056
2916
3596
3427
3095
3125
3757
3627
3947
4128
3727
3877
5019
5420
4909
6712
5831
6421
6101
6312
5451
6352
7664
7414
7464
7333
8906
7955
9397
8776
8897
9257
9026
10490
10339
11432
12734
11090
13125
12143
12553
12232
13304
14256
13325
12954
7003
7694
7504
7614
8195
7745
7855
8285
7574
9047
8866
9798
8506
9317
9648
9738
8796
9618
10800
11522
10920
11371
11040
11040
10499
12493
12213
12062
11862
12213
15539
15959
12774
14456
13856
15860
15369
15067
14186
16411
16570
15228
15769
16711
18123
17372
17242
16781
17513
17512
17883
17503
17723
15488
19145
20498
20147
20618
20738
21851
22281
20548
23253
19536
22912
22792
23233
22101
24976
23413
25257
25206
36397
25176
27090
25557
26920
26469
26299
27631
28773
27501
25697
29464
30696
28302
31318
29745
29885
31087
30516
32230
29274
32650
31628
32209
33752
35215
31489
37049
32069
34814
37048
36037
37680
36517
37879
36968
38311
39102
39122
37950
40285
37259
40364
39703
42138
45354
43390
43971
42789
47888
41507
43811
45895
45784
47438
43691
48349
47838
46255
49993
45795
50143
46265
46515
48900
91459
117446
96348
107629
108169
103070
106156
108340
117286
125011
105896
120002
121594
57496
58458
60401
56734
57897
64038
58377
77673
60422
59640
60371
59590
64348
59900
59821
64178
65991
66262
67024
65751
64759
71512
64249
68095
68847
67564
70801
66393
70881
76111
71311
74607
69929
89425
72174
74998
74948
76852
73856
89595
74217
79587
79066
84566
79076
87732
76832
81961
85017
88333
81661
87491
86339
89755
87462
84726
83133
82361
84285
85928
88753
89605
91649
93162
92772
91820
96357
93032
89155
101737
93773
97330
99213
104723
95606
96278
94645
101257
100926
104102
108269
98030
98331
107077
106817
105755
102879
109592
102319
114271
117376
106897
111135
112988
112868
108260
113289
113890
118899
111135
120502
114411
110774
116985
120282
119581
116495
115192
128046
121113
120903
125031
123828
121314
126874
127265
127285
127335
124800
118439
126343
135851
130751
138175
131182
132525
137203
141582
143485
142833
135399
140649
146801
143775
139338
145749
148414
147392
140530
150437
137804
151689
151239
156107
145609
138656
150438
148204
149095
154055
149276
146179
142052
156258
152782
159243
157962
163852
164343
151600
162239
166727
156359
146751
165926
168921
171446
164814
161618
170415
166117
173209
180553
170595
171216
189930
165996
179431
172619
165456
189509
178480
177868
176276
182727
190852
185503
193437
185061
180252
188578
185151
196944
193267
184851
182456
201652
194138
194148
194188
202423
207242
190291
193457
196623
209897
189951
210568
207893
221689
206240
216259
208705
199938
205790
203836
213223
221859
210588
214966
207823
221408
209838
221809
215217
219405
220307
231908
225566
239993
228681
219625
220156
231788
222741
232299
238059
242287
222090
237558
231457
228612
243479
239461
267854
242848
244671
234592
256744
249891
240403
255070
240393
240043
244130
241966
255421
257154
243869
244672
256814
251043
251163
263657
249290
259118
257044
255211
255502
260601
278293
253508
278874
268295
273093
279546
269948
259198
280457
268625
280818
273004
285005
274877
277782
285577
289444
284785
291839
296477
285908
284675
283413
272452
286910
291588
300374
292760
305283
296377
302307
303180
297479
296186
296507
292560
291898
317676
326091
303890
316754
320240
322204
320351
320511
309351
317386
324609
315943
334197
323857
324058
325931
327374
323016
337593
319169
329538
334597
318808
323757
339647
319981
313669
336571
323778
338514
363661
325350
332713
323387
335229
339045
361637
355756
361907
361888
351117
369030
336992
374290
355686
369842
369061
367127
351458
364603
370964
359383
361236
367428
367858
361647
373859
371736
359292
377947
366476
362970
379449
390921
381503
371565
378789
386093
393987
387766
401460
402262
406380
390160
413954
393947
401670
399928
409735
402232
394888
415456
416078
406911
400549
417610
397894
408173
397724
410617
423591
434071
413683
415707
418983
416939
429843
416839
436836
461441
421328
426096
433660
428881
440062
447215
427428
427258
451072
447946
434572
448898
440763
448137
454558
465980
468554
450801
445061
464767
472121
462854
471890
477440
442586
462443
481348
453827
463194
477361
478623
499031
472892
492508
478913
493620
475988
477331
476699
482089
478423
493240
477832
495414
526992
520891
506614
498831
485796
500253
501204
510922
498800
488180
526621
519538
501485
500343
521222
514228
480867
499131
520770
501435
530719
551818
514058
550676
510882
528795
512826
544445
516022
535517
512956
546718
548301
509359
544775
545486
543763
533975
551788
546698
573078
563559
537221
535838
553120
570112
537702
556957
563249
554523
560264
577285
555374
578377
565003
576324
596581
573407
575972
599466
578547
561235
601550
596741
592543
560394
578016
595339
564642
580290
597061
611448
566765
592874
617479
626035
585971
624583
598003
625954
573708
586422
605407
630584
607931
622288
612700
615595
629371
634881
626666
625574
611357
654817
630513
639540
669024
647935
640051
660859
676568
633028
665738
651712
659797
675827
638307
650701
670927
659327
669084
661030
676218
655398
653215
676167
650540
669745
680355
668714
666660
675126
658074
712654
688620
692176
667121
708297
712535
670998
698368
703628
658114
705261
682700
733102
683591
676738
732291
688911
705291
700853
710862
730317
759481
739655
724276
709308
731850
745075
716842
741809
744694
741568
737651
748601
729917
760173
766173
732801
752608
757648
731840
760854
774088
746988
782523
754873
792902
749903
768037
760784
769279
780139
789136
755594
817027
811427
786300
796750
806417
796289
774809
764570
793644
799084
786972
802250
785559
786260
791099
802270
800256
830121
809042
806878
820143
792161
815063
815334
809583
793624
846702
829430
837715
832536
859696
854566
830442
859475
878510
854115
862981
850398
847363
846912
822487
852302
872740
872920
847934
824802
863162
892677
878140
866559
885674
874854
846461
865276
852503
904168
864244
894249
874153
866709
857372
874944
883911
885393
851701
904429
896855
905270
922241
910159
927611
895612
927190
925237
917944
911692
947888
911230
918564
911942
929304
939523
897606
920177
909107
964840
919856
951625
937529
954070
931097
986270
986019
935736
957627
951755
951896
936757
956915
970310
952387
982492
998842
969649
960862
1011606
1001858
949141
981641
1014681
994104
1159148
1002099
976992
1003080
1029529
1030731
1011626
1013259
1039387
989215
1050407
1037574
976762
1051430
1028057
1009813
1004953
1021043
982893
986990
1020613
1048764
1009432
1070475
1018689
1033327
1064263
1029158
1073149
1063903
1063842
1042463
1086564
1020823
1027045
1087636
1048525
1091894
1061017
1023428
1056108
1088808
1074482
1093547
1059795
1047492
1071306
1077367
1076095
1091163
1088528
1096513
1084420
1104417
1122080
1100580
1127810
1095200
1154429
1154680
1125757
1128712
1121058
1132809
1152246
1148468
1120136
1108295
1145833
1153268
1104808
1140504
1098897
1158868
1142117
1137799
1130145
1171701
1153999
1172823
1163736
1188993
1156073
1172683
1188903
1133380
1192620
1194974
1192220
1164057
1184796
1185316
1219730
1159239
1200134
1242762
1196607
1208098
1164949
1206035
1196578
1220210
1243974
1227855
1161493
1182572
1207587
1237984
1184004
1239766
1209361
1255917
1190486
1230259
1251528
1236220
1236591
1210022
1243383
1249084
1205213
1264732
1221674
1283908
1225290
1264453
1274701
1194994
1235199
1250156
1248743
1291833
1301631
1224308
1277687
1263520
1317660
1303896
1349660
1300619
1306380
1291893
1258362
1300078
1259564
1315246
1293075
1283437
1277106
1303835
1273529
1305478
1316639
1296873
1287445
1331376
1276315
1400844
1313653
1323872
1343788
1341294
1372783
1347536
1337387
1346664
1371540
1326146
1355471
1309145
1354258
1368885
1332468
1357294
1394742
1351874
1408879
1411213
1392619
1441480
1346494
1397869
1425730
1385787
1399843
1385746
1431090
1403159
1465814
1430238
1452700
1398890
1411844
1493265
1425079
1417275
1391707
1388441
1471244
1451888
1445947
1423365
1430379
1480922
1420760
1499346
1457789
1451958
1568213
1475301
1477505
1435458
1466134
1506830
1448572
1484709
1496751
1439726
1481212
1541554
1442291
1496941
1558414
1511999
1527618
1496450
1513692
1532878
1503303
1486622
1514443
1574735
1507420
1555961
1514914
1536585
1500137
1564676
1480250
1501209
1532146
1504635
1557914
1565117
1552534
1501500
1557524
1570918
1481112
1488295
1575326
1558325
1542996
1604720
1582179
1578532
1587649
1575636
1557122
1584212
1613486
1621040
1567341
1637170
1652268
1588310
1667646
1610852
1613887
1627973
1646167
1657006
1547424
1627522
1634495
1612514
1609649
1662958
1671453
1618545
1625278
1622293
1670151
1681632
1669280
1605141
1655705
1668648
1636949
1683014
1636579
1652638
1640306
1656696
1709273
1690889
1696910
1727456
1653430
1649413
1662717
1688605
1741703
1723880
1676773
1686171
1734670
1732677
1756560
1770025
1742314
1702931
1745370
1847488
1696259
1719332
1691089
1709854
1702019
1740721
1679949
1764745
1808847
1784962
1751821
1770385
1797837
1774704
1750008
1841297
1758484
1766779
1784462
1871161
1792316
1772439
1796243
1793799
1737395
1845635
1860642
1771177
1742464
1808526
1779964
1813285
1819196
1812303
1821520
1797636
1807824
1878615
1786927
1794740
1864319
1886871
1844923
1802285
1857747
1803066
1838692
1903942
1901027
1861844
1868156
1901358
1930371
1831528
1897500
1849342
1815459
1913239
1862837
1927245
1896779
1859480
1897751
1967259
1893663
1951159
1954635
1944137
1924931
1867485
1840134
1958863
1997625
1917077
1915994
1925622
1968461
1926905
1956088
1922857
1953623
1974793
1922547
1913369
1983720
1899564
1912999
1967079
1968501
2001593
2026819
1981785
1964654
2004868
1918739
1883053
2012041
2006562
1951109
2032659
1989119
2038189
2020877
2040254
2045112
1949526
2075659
2045904
2025807
2040834
2011561
1994790
1999719
2080668
2063477
2065470
2043720
2088222
2057766
2078003
2103460
2085797
2051024
2133326
2156348
2126983
2077302
2048509
2125111
2063326
2104522
2171556
2059058
2063987
2071080
2093582
2144656
2149886
2099453
2159003
2168390
2214295
2155506
2151168
2149185
2190250
2144266
2175453
2141931
2167338
2130139
2177276
2153513
2196051
2144306
2157089
2131221
2207862
2198155
2192394
2172948
2136290
2190931
2189659
2173549
2213954
2214555
2179370
2221428
2117917
2244340
2236425
2265549
2180752
2263455
2230194
2213343
2309190
2243368
2274876
2238199
2246374
2252485
2300864
2306705
2276600
2279344
2221237
2314329
2359292
2330449
2207512
2273093
2311614
2231706
2379340
2339846
2334487
2316413
2310633
2266160
2324558
2209937
2305733
2348642
2298661
2341218
2321953
2357179
2387203
2283472
2325269
2447184
2356276
2360985
2629861
2397132
2321111
2419854
2383827
2333575
2386022
2324238
2379990
2401240
2514218
2366656
2400799
2341390
2410817
2389258
2345957
2493630
2472561
2369672
2433178
2440152
2451713
2518095
2415666
2423010
2469305
2480616
2416808
2428620
2506915
2425003
2491887
2410186
2484262
2502336
2487088
2464516
2487068
2520871
2467682
2517183
2518185
2461460
2488000
2419774
2529366
2464146
2538082
2480576
2492438
2573306
2568077
2508607
2511653
2515149
2513386
2560293
2638467
2506855
2643486
2509790
2526280
2514709
2492498
2531640
2596529
2588946
2526421
2590870
2569139
2600297
2601458
2635552
2591360
2526120
2633088
2615434
2570472
2662652
2657012
2635732
2608923
2591711
2677519
2716642
2671979
2630232
2646823
2683269
2642594
2593474
2766203
2659576
2680224
2606178
2791479
2672259
2757987
2611427
2685464
2657372
2597622
2719677
2747539
2669124
2681276
2743872
2666949
2709869
2736427
2727642
2693769
2743661
2792611
2884471
2772454
2697626
2783725
2825642
2721731
2717252
2726399
2783425
2785078
2750213
2763037
2766684
2831323
2798212
2859344
2729255
2813219
2798512
2756324
2867820
2918945
2893037
2855427
2883269
2848946
2803902
2857761
2941837
2840781
2783495
2826934
2865496
2798121
2805315
2875815
2830020
2858443
2892446
2824932
2882899
2937839
2870576
2892205
2938130
2857241
2871307
2880984
2909126
2917251
2934773
2940104
2902645
2946676
2884842
2860898
2809342
2979656
2911190
2952085
2923553
2977763
3040269
3034187
2938862
2838446
2944271
3033827
2971792
2877538
3091884
2932139
3011896
3045588
2991959
2973204
2914637
3016744
2992481
2940274
2998391
3023557
3116970
3040278
3017927
3031573
3095239
3082035
2967274
3053453
3040389
3092164
3064604
3040328
3068059
3169997
3148868
3112372
2999603
3036041
3040419
3088848
3104206
3112652
3055908
3158086
3089790
3184995
3132769
3147236
3144290
3151724
3119695
3243603
3185987
3183883
3095800
3107732
3188502
3173644
3170329
3117320
3142628
3106972
3187320
3277376
3258351
3220111
3146064
3177251
3063611
3162975
3287234
3173685
3212627
3189113
3240467
3169567
3152115
3244275
3277586
3274219
3288316
3342586
3252099
3265855
3254694
3305758
3193371
3306750
3256738
3392087
3262468
3334300
3273879
3251849
3281494
3297493
3339160
3345863
3275693
3420670
3355901
3219869
3329302
3287715
3331415
3365618
3398269
3333549
3445546
3338318
3300909
3349389
3322489
3347415
3405673
3245908
3336395
3344129
3327939
3353396
3433493
3411182
3359908
3429356
3398750
3420711
3436049
3430789
3478637
3467507
3440887
3488706
3454623
3417404
3430989
3472055
3419367
3403759
3347385
3555509
3496379
3484338
3395433
3458210
3468719
3469921
3535913
3499926
3520614
3607655
3526575
3501409
3590252
3458149
3622583
3612784
3556912
3570807
3531685
3541694
3503143
3605331
3597527
3544388
3589431
3504294
3651245
3562391
3642579
3555208
3658920
3556371
3628734
3471264
3668086
3479348
3463689
3660533
3591855
3579644
3578792
3617022
3688313
3678376
3668898
3671994
3591315
3706047
3660001
3842158
3643081
3654331
3604520
3578040
3571177
3795622
3647328
3794430
3628223
3629966
3748766
3656144
3684157
3578611
3689837
3681381
3643692
3720322
3751019
3740330
3679037
3809448
3723288
3725943
3798116
3820317
3755668
3660121
3811812
3759936
3787557
3747974
3771808
3749888
3754326
3756159
3902779
3757261
3759606
3832370
3888283
3902299
3972488
3835936
3778941
3958662
3752162
3873286
3997985
3840855
3868417
3806613
3823033
3860522
3772289
3980663
3737665
3900756
3823383
3876881
3936753
3927104
3870350
3865271
3903231
3874287
3942433
3986233
3849652
3939036
3927004
3830075
3936071
3958793
3852988
3910053
3982056
4076921
4039512
3960616
3945218
3886289
4003746
4072763
4021799
3981325
3968762
4038269
4019304
3980593
4049921
4169421
4049550
4020997
3979241
4042938
4063396
3982818
4055221
4046705
3927836
4028281
4167287
4152711
4165995
4014335
4129217
4120041
4045974
4025196
4120141
4142572
4021108
4211579
4126161
4226768
4174762
4235173
4088473
4182025
4171065
4136400
4218762
4215025
4028461
4217580
4154605
4173869
4191151
4094924
4212060
4086579
4164763
4291036
4174020
4180902
4177967
4263205
4253827
4109130
4310101
4233690
4186463
4212390
4214795
4337401
4329336
4195870
4321291
4295354
4289594
4236926
4207782
4352880
4344284
4327242
4348131
4396009
4237738
4326832
4326071
4499971
4252225
4376814
4369711
4338744
4262864
4400177
4454427
4386873
4367357
4325259
4364582
4333764
4367707
4356095
4368519
4346238
4509649
4290585
4494091
4220476
4303600
4470417
4372977
4350246
4352719
4338363
4419483
4470287
4416527
4453936
4436103
4380651
4484994
4510671
4490093
4407882
4455660
4564861
4397412
4516672
4495423
4574830
4571834
4565402
4429691
4530107
4474154
4478642
4607741
4449208
4493339
4591440
4518005
4581742
4424222
4678170
4433037
4545987
4440322
4525399
4554281
4604354
4590828
4646902
4614443
4605947
4564571
4566203
4722041
4623570
4493149
4670085
4623669
4654546
4653134
4654266
4799814
4741647
4856219
4722632
4724646
4668322
4580941
4713916
4719095
4683690
4690783
4675335
4790327
4711782
4707695
4660748
4740455
4741337
4672450
4730387
4741637
4704549
4708075
4798532
4622397
4720418
4848354
4821064
4700461
4922390
4835630
4688819
4731088
4872980
4784527
4821866
4859675
4862670
4854526
4778175
4842023
4921900
4904598
4846270
4848164
4846771
4772374
4924195
4846160
4835290
4838546
4950632
4754070
4832274
4962075
4777654
5011825
4925046
4895641
4967514
4904367
4905109
4820613
5027014
4900079
4955723
5035659
5011255
4890572
4850819
4917642
4912482
4940795
4932489
4920097
4971902
5135584
4921439
4958187
4872469
5129483
5061317
5113814
5126668
5006846
5002499
5192770
5018578
5004402
5050457
5123852
4948448
4982833
5042553
5088147
5092304
5138269
5118132
5039828
5085371
5127409
4944682
5166361
5131126
5095360
5095821
4906522
5159929
5045898
5049004
5130064
5206305
5070715
5135374
5135154
5155481
5134342
5157174
5269872
5196667
5308864
5061808
5218798
5144320
5176520
5279409
5327598
5249354
5292063
5302913
5238094
5214019
5125696
5287715
5382059
5183463
5286272
5318872
5299507
5258140
5314975
5252670
5353456
5326567
5297172
5277747
5313643
5348447
5278778
5343417
5407957
5314564
5213418
5275222
5325795
5347204
5291271
5316658
5452929
5410872
5316128
5434255
5421272
5428684
5546812
5364747
5425368
5166872
5443602
5478567
5377200
5416182
5343879
5483817
5506168
5450886
5481482
5379564
5521526
5516617
5554537
5510677
5466564
5493674
5470292
5641798
5438303
5537405
5515886
5644813
5400072
5450755
5528930
5535011
5586356
5555208
5629135
5577349
5581046
5621300
5567000
5622112
5469571
5538617
5520204
5554167
5659380
5677043
5733367
5655764
5564415
5608206
5567381
5624305
5627271
5586817
5626781
5411213
5607214
5505757
5694335
5636518
5648020
5684267
5705035
5722377
5752402
5762091
5616913
5675731
5755758
5735171
5760046
5857947
5735552
5754166
5834944
5707971
5617985
5709173
5749377
5878055
5841196
5823884
5706978
5721676
5736894
5870119
5815508
5812152
5712068
5828763
5879577
5916876
5838791
5965616
6018543
5979381
5716266
5909141
5948284
5808025
5634215
5966868
5747673
6028041
5828833
5834394
5925351
5914472
5929589
5815720
5987005
5947863
5994790
5894945
5914261
5868196
5872954
5992655
5899013
5760157
5956779
6111385
6016209
6036496
5962259
5918379
6181363
6008345
6106776
5899694
6079095
5985873
6119720
6062464
5949146
5937614
5994198
6177216
6094694
5829284
6059629
6256492
6131903
6200940
5996663
6044881
6111575
6030345
6096487
6176374
6088182
6151298
6122946
6179089
5956759
6286798
6155385
6282550
6208685
6073986
6199257
6193586
6176264
6137062
6350757
6270438
6088092
6287199
6181374
6193817
6014255
6187344
6207241
6364341
6281869
6209766
6169332
6216538
6250952
6248988
6462783
6348252
6320029
6180101
6305072
6233570
6359913
6399576
6353922
6253687
6452614
6386121
6415646
6315802
6419282
6207942
6346950
6430123
6254649
6309831
6342240
6473041
6387324
6393194
6418972
6345967
6316763
6548701
6313798
6557377
6525649
6318106
6259418
6476608
6459176
6482329
6366124
6431936
6516863
6528714
6379389
6567206
6494492
6402563
6490034
6670968
6562217
6552609
6640792
6694531
6613461
6608833
6488931
6506554
6515571
6700973
6609915
6651231
6567918
6447755
6576543
6520379
6400128
6560212
6575681
6640691
6723053
6659957
6672780
6666970
6566585
6699039
6742279
6762356
6748150
6658224
6704990
6532622
6667311
6727521
6832626
6690223
6793814
6575992
6926108
6830532
6640631
6811326
6709087
6593665
6813781
6691576
6614994
6820794
6846992
6718846
6730086
6949742
6831684
6794726
6699801
6830903
6815964
6749492
6809613
6917863
6770090
6944923
6908756
6754261
6811676
6793624
6879793
6992691
6782082
6647564
6880514
6958798
6699640
6891224
6797762
6864995
6888179
6850409
6930316
6917743
7126598
7069632
7030761
7123613
7029889
6816015
6974136
7035349
7133170
6971753
7125476
7117912
6828127
6942538
7015082
7070244
7171520
7104747
7057069
7204372
7073330
7184184
7130766
7052431
6987922
7191748
7200785
7092916
7104077
7034649
7083128
7326937
7101121
7280592
7178995
7161953
7093877
7027184
6968216
7142006
7246469
7016445
6970319
7284769
7129723
7156303
7289849
7168505
6973665
7358807
7196557
7304196
7291382
7120587
7275643
7409931
7209351
7300880
7206715
7855953
7319474
7259173
7308274
7444856
7225641
7402096
7435549
7364527
7241981
7241680
7270634
7298706
7493695
7399983
7352685
7264102
7226182
7389483
7505999
7576178
7303996
7410923
7385415
7338740
7499386
7332548
7483888
7448442
7305348
7552935
7619548
7356442
7471134
7503143
7560118
7537066
7577570
7539320
7495389
7531936
7494246
7536675
7418958
7345522
7713330
7420189
7648240
7417546
7532637
7500769
7542916
7770256
7656195
7648451
7442341
7671433
7652889
7469019
7511458
7557884
7519002
7398550
7715254
7638432
7524713
7577330
7558876
7743376
7554979
7684046
7685970
7436460
7706307
7636580
7559637
7774464
7683546
7638162
7699566
7627092
7697392
7698203
7585665
7752072
7809137
7726855
7729841
7634065
8183097
7659522
7749167
7807945
7818895
7785074
7699335
7798618
7839704
7867846
7812473
7669670
7818074
7941682
7751902
7900125
7899524
7827561
7883485
7783651
8037499
7924650
7886540
8179941
7875630
7953795
8023082
7907509
7938806
8059049
7984120
7926755
7991824
8024455
7962591
7965116
7784943
7992406
7983951
7917667
8077173
8046686
7826630
7965346
7997836
8037980
8083624
8055252
7859932
7941342
8250473
8096378
7956419
7974483
8020428
8118909
8042719
8320641
7989210
8289915
8089405
8040175
7928889
8119270
8188437
8044843
7988038
8222721
8311154
8146901
8079456
8329508
8269598
8038270
8328115
8020618
8103591
8272072
8302959
8258186
8148885
8448568
8374691
8233201
8158623
8178540
8462183
8316585
8373630
8310112
8027882
8250332
8191754
8469456
8314050
8396942
8273685
8322034
8367348
8440883
8403925
8615506
8220357
8303640
8472942
8337883
8436365
8425124
8386924
8401260
8336881
8663554
8683962
8494843
8538263
8445652
8440493
8593686
8421548
8496717
8187836
8573899
8490926
8352801
8430104
8593144
8452905
8428190
8457455
8412721
8404326
8420295
8416208
8474606
8642606
8391382
8656641
8591922
8685004
8522614
8501425
8786371
8738653
8618751
8671249
8555284
8538754
8551418
8700753
8675696
8867921
8654167
8804564
8625314
8628750
8691576
8660098
8726220
8559613
8816697
8768709
8676568
8665278
8625144
8593446
8856481
8622650
8805547
8608614
9014903
8792873
8778377
8782244
8761616
8777154
8920169
8863523
8771424
8703689
8782034
8984507
8827307
9025422
8803322
8789748
8879583
8909068
9026324
9043886
8791732
8971523
8872260
8779368
8877670
8880825
8788174
8921580
8986391
8729536
9032004
8885554
8975330
8800908
8915850
9258683
8892047
8938421
9247443
8921110
9145224
9044026
8914919
9148299
9057873
8879944
8944453
9185328
8877810
9007450
9209642
8973888
8984006
9252992
9028869
9139443
9305509
9023158
9108024
9019401
8938903
9200796
9228286
9223318
9287906
8971653
9285372
9385587
9170851
9486222
9184466
9066398
9125707
9177764
9002560
9257261
9234739
9302413
9354609
9194144
9335074
9197350
9090473
9331468
9422876
9244116
9428977
9192931
9181391
9287576
9231562
9354350
9293507
9217807
9227886
9340083
9476074
9529863
9253784
9395485
9450176
9288028
9476235
9553768
9292946
9382422
9513233
9427816
9516539
9607156
9427645
9380368
9345213
9640899
9600544
9583263
9381230
9496723
9185709
9424309
9580918
9576019
9539421
9381169
9720967
9675332
9438204
9608369
9604742
9614740
9824207
9464312
9815230
9542698
9584785
9656898
9708884
9477287
9874550
9675242
9714975
9636751
9764386
9768544
9504938
9763184
9652981
9671895
9595986
9636360
9953756
9710357
9915746
9634145
9741263
9661085
9571400
9627244
9701780
9675252
9747315
9736725
9759668
9848822
9775237
9870191
9946993
9767112
10000632
9977229
9730484
10129771
9913481
10043361
9802156
9909163
9781207
9900457
10045345
9774825
9520736
10037821
9852649
9903422
9954708
9902812
9689899
9868649
9885119
9885991
10055383
9807997
9830008
10020729
9845956
10113541
9935262
10038111
10119912
9810050
9886011
10128048
9897874
10031830
10066464
9857649
10170146
10046046
10176918
9975958
10086631
10205911
10219337
10070672
9991756
9845927
10274198
10065472
10243911
10238922
10299093
10208617
10150059
10199369
10007034
10296539
10280108
10071644
10028835
10227942
10201193
10080109
10511305
10274008
10355177
10432279
10271483
10365837
10261034
10211171
10165867
10286861
10132536
10342233
10284336
10129812
10301398
10379081
10510584
10497559
10269529
10349166
10453309
10145821
10561036
10446305
10323979
10546801
10444742
10294195
10496467
10329860
10386685
10257677
10495536
10529288
10594749
10538054
10496097
10621047
10379181
10582666
10664889
10576074
10696377
10310896
10383669
10766275
10632509
10625565
10370115
10401894
10398758
10612261
10466593
10615607
10691407
10709982
10579220
10592655
10585652
10468255
10645493
10663746
10628491
10673995
10527855
10495636
11281356
10498933
10643409
10809616
10781684
10733185
10873684
10854378
10772858
10619806
10771366
10894353
10858646
10809976
10772147
10598947
10666853
10949164
10963550
10840032
10854849
10855901
10791132
10960866
10855962
10905593
11003594
10956006
10944534
10868094
10788728
10835634
10791463
10996531
10900083
10915872
11009124
11044450
11079374
10954222
10617302
11015717
10988686
10791543
10723427
10922034
10915241
11106243
11173858
11112605
10986703
10978096
10972917
11238758
11063494
11016238
11044199
11131800
11339594
10931481
11108077
10960144
11072171
11190319
11111383
11067371
11129005
11097286
11157178
10975021
11365292
11046944
11339774
11337200
11206709
11101544
11541647
11158671
11305761
10997553
11132061
11260327
11343240
11264996
11511641
11220654
11495962
11219903
11173197
11256071
11180501
11224452
11210796
11459796
11488129
11376693
11429771
11140227
11492075
11490964
11402320
11452944
11325188
11463614
11380460
11679732
11244099
11455849
11274274
11280265
11470025
11204024
11314077
11319277
11471638
11333734
11495743
11506663
11510289
11645779
11688589
11302336
11499360
11346337
11737098
11573766
11467871
11545204
11442064
11624030
11564971
11409173
11582343
11694730
11453705
11633698
11610464
11697445
11668041
11521911
11752135
11412489
11700461
11522322
11945122
11668021
11668211
11736918
11575831
11766762
11688037
11802509
11500230
11732479
11736587
11707484
12251877
11714646
11732069
11852932
11824249
11668011
11883589
11727540
11936496
11742518
11865314
11858342
11809371
11758338
11838665
11827615
11831112
11673811
11944301
11882907
11747188
12016875
11716841
12005163
11716099
11762425
12058081
12081704
11951314
11887005
11898066
12031121
11672901
12132088
11923713
12103584
12080663
12011675
12038204
11822947
12148808
12028075
12095109
12317239
12152175
12061326
11814241
11842212
12235027
12153046
12372191
12093356
12084339
12263841
12113543
12284619
12372270
12321367
12181969
12152655
11942117
12073910
12134362
12116318
12402747
12020812
11862700
12145873
12135304
12326075
12087465
12385595
12531705
12137798
12091081
12197949
12473879
12411703
12391717
12469279
12301881
12387088
12259332
12354337
12293335
12315676
12338098
12133590
12249695
12572570
12477024
12233465
12331295
12378582
12304045
12432331
12414459
12373573
12608366
12420740
12528790
12586857
12471144
12500398
12406024
12345642
12726355
12323281
12521216
12535522
12495138
12475903
12527377
12395424
12338509
12570567
12462518
12571790
12606653
12620609
12537125
12490609
12697531
12482535
12680030
12561551
12441710
12401735
12817953
12756610
12493606
12452369
12705075
12577520
12555790
12667045
12752073
12761449
12712709
12584263
12610330
12784132
12895848
12698824
12723890
12561671
12729481
12621942
12709314
12951290
12826710
12940841
12948745
12807504
12874477
12827471
12798117
13034723
12802946
12834525
12746843
13110864
12950499
12802776
12788238
12895136
13025747
12955658
12905916
12660122
13038090
12942553
13141491
13004758
12983189
12957852
12896058
12898502
13040565
13011141
13195832
12866223
13091369
13304622
12847419
12768413
13167019
12954817
13196754
12838342
12962962
13251764
12960167
13079647
12853621
12863879
13391502
13226528
12945360
13124900
12996864
13165355
13312236
13387856
13137584
13183449
13278945
13394068
13449499
13022271
13238671
13429022
13145108
13278224
13399929
13196553
13412822
13401491
13069929
13347602
13338175
13272263
13396742
13351048
13550867
13268386
13384690
13330480
13579370
13483723
13342953
13265380
13347612
13381114
13568259
13495394
13367278
13629893
13792162
13564252
13634902
13573178
13604767
13718125
13645191
13279095
13464457
13541550
13425064
13757067
13742991
13204037
13357851
13505464
13402444
14515719
13742220
13261884
13610959
13611609
13740858
13822910
13918816
13347833
13528456
13639541
13647415
13735328
13823962
13723145
13548894
13573078
13631396
13704241
13857874
13636947
13607622
13617251
13887288
14016206
13504542
13749023
13766375
13908247
13950596
13782465
13881317
13622931
14212820
14116351
13918946
13783917
13721042
14054787
13883241
13831255
14018661
13754814
13990919
13839039
13839560
14116351
13819523
14060458
13992432
14223088
13884133
14102556
13680407
14059416
14038908
14084041
14027878
14103698
13812580
13875186
13938603
14053385
14058204
14120318
13954692
14407689
14017278
14102786
13990630
14108247
13987474
14253505
14169440
13826948
14272310
14402931
14076859
14102606
14167296
14522812
13995819
14549481
14156035
14174619
14197882
14187283
14199486
14440640
14324646
14253215
14533020
14121191
14134295
14301384
14374428
14597210
14777252
14589675
14423459
14289912
14157137
14350154
14579126
14461549
14203152
14307004
14491634
14327672
14400146
14583354
14444858
14365682
14362156
14117784
14443806
14445840
14630851
14616525
14333413
14528422
14720297
14591238
14641301
14299230
14604653
14720517
14663211
14442584
14300682
14550523
14431073
14351947
14361024
14383254
14848243
14383305
15322017
14767694
14577844
14505370
14831733
14663512
14594825
14658713
14631964
14775960
14821735
15055967
14650809
14794835
15039587
14432546
14881746
14701803
14778174
14559451
14900199
14610945
15456445
14687467
14751505
14878820
14909646
14816325
14601718
14792411
14705079
15059874
15095139
14930115
14744753
15049745
14980127
14691934
15084490
14936385
15117741
14906511
14730476
14741726
14925245
14553840
15322158
14895119
15205282
14814832
14919204
14830480
15053662
15474789
15029027
14864183
14920747
15286953
14990265
16154253
15045668
14967393
15537195
15477635
15686530
15315415
14924144
16441895
15213828
15413287
15072157
15462107
15185948
15276264
15209380
15330535
15324493
15593409
15453471
15335834
15300780
15133791
14878630
15305739
15648321
15449003
15227654
15596075
15217035
15120356
15292924
15404241
15408268
15214360
15444484
15509344
15550771
15511277
15748285
15540842
15735150
15398540
15555439
15498484
15467587
15366350
15140173
15631610
15334171
15387278
15179596
15822823
15411043
15166892
15044596
15817443
15919762
15652408
16026659
15721455
15379684
22699735
19121932
17051741
15548165
15429346
15861264
15644885
15747083
15887372
15432913
15732928
16045955
15925042
15697372
15657408
15558656
15639635
15533449
15807055
15440077
15746402
15583953
15840927
15621562
15567622
15766059
16101377
15666876
15523902
15754828
15689057
15931163
16063628
16086430
15900707
15936804
15689747
15485591
15781557
15939468
15911607
15735652
15749368
16271531
16026099
15985204
15868197
15611263
15577761
15817344
16146040
15834736
15962923
15986886
15857057
16043160
16259749
16247287
16073736
16328717
16123248
16044512
16305645
15982679
15959536
15936854
16267894
16022001
15769345
16282171
15929240
16352161
16217111
16248961
16215980
16163143
16743383
16259661
16289135
16381054
16186847
16275519
16447928
16080400
16267485
16349326
16397155
16543444
16176147
16224676
16050795
16089276
16486940
15914202
16496818
16327245
16502719
16666571
16246205
16453919
16408294
16809565
16597013
16743844
16269308
16495646
16244863
16486709
16570233
16494844
16882861
16150529
16496999
16611189
16894973
16745006
16377558
16647166
16725481
16500886
16631186
16753261
16526613
16620907
16639231
16930458
16603374
16382006
16501647
16470801
17014864
16787675
16514771
16492451
16615227
16763872
16688904
16754124
16299605
17172115
16934526
16533527
16553574
16867043
16911414
16855571
16763691
