51
60
120
110
210
171
320
360
571
291
601
501
541
651
501
811
751
902
1042
1072
1282
1212
1432
1453
1443
1603
1853
2425
3356
3236
3627
4268
3958
3096
2454
2976
3326
3556
3657
3316
3727
3927
3777
4268
5330
4728
5040
17864
4929
5199
5991
6091
5380
6753
6803
7664
7093
7775
7023
8095
8686
7624
10419
9878
9668
9698
11471
10790
11992
11291
11091
11171
12252
11992
12453
11812
14186
15468
14107
13645
13916
13586
15649
16902
15309
16271
14517
15088
9167
8576
9368
9127
9698
9759
10489
9969
10560
10148
9267
12783
11090
10650
12363
11812
11963
11491
15158
12933
13064
13194
14116
12483
13385
14577
13956
15078
15419
15218
15368
14507
15449
15198
15820
15298
17963
16180
17642
15779
17573
19477
19406
19616
19045
20498
20878
21941
20347
19997
19627
21349
20789
20448
22572
20458
25127
22562
23895
22542
22372
27000
23994
25327
24415
24586
24476
24284
24185
25557
27110
28402
26810
27631
29184
29945
31678
29825
29905
28563
28844
32831
33022
30757
30977
31398
33742
33412
34744
35025
36427
34224
35425
33553
35876
34825
37700
37319
38631
36698
35696
39924
37990
40294
37600
39863
41998
39703
39804
41406
42008
43130
46325
41888
42569
46296
43340
47599
43320
46225
45284
48841
50313
51045
45204
50013
46997
48400
51585
52237
56174
50273
48740
55152
53820
50473
53910
52377
52407
57115
56915
56044
58549
52678
61223
56474
60762
59330
61694
60592
62947
61744
61324
61624
65090
66003
64439
63799
65301
62486
68197
62977
64479
70060
68176
75119
68106
67926
72404
69289
75449
68978
69118
77123
68787
69269
76261
75470
70421
67445
76672
79627
79517
76081
82563
84456
78065
77824
78305
84256
87392
84526
81942
79577
82903
75680
91429
89686
87803
85419
84256
96499
91018
90517
88003
89556
94815
92702
96028
92221
96088
98523
98592
96719
101958
98402
98673
102590
97911
98632
103682
94245
103672
104514
107739
101868
105115
102209
103030
103712
106708
112758
107359
115955
113841
116806
105144
120503
109393
110885
114983
123469
113991
116335
109522
122316
119922
122998
113591
131163
127506
118560
125312
129249
121495
120563
124320
133467
128207
123259
127977
129660
126735
140701
132576
140480
127957
133937
136192
135440
149086
137104
138707
139759
145399
130281
139708
143535
134569
145669
146451
143515
148034
151300
147503
148185
141452
150168
142474
158173
152191
159035
151070
155728
163032
162832
153474
166498
154436
153124
165867
156289
170676
168261
162862
166278
170045
172008
158233
176677
165206
166178
168321
164525
166408
170465
172268
174273
169263
191665
177559
180715
175034
182758
183259
172739
181005
192938
189030
178621
185573
185563
185283
192026
187146
198988
192547
184621
196724
191735
193758
204549
190582
197946
195522
201473
200090
201293
208877
211511
212032
203306
217813
211041
207845
206412
210330
209868
223984
220348
217343
227110
214748
214337
205190
231238
219978
228213
219727
226960
222893
219636
228123
230687
220348
233102
228063
223163
217793
227761
228633
230917
231328
227972
241728
242078
243100
241267
242338
239323
241117
242789
236007
240095
248409
246837
235295
264008
261775
262646
246095
253740
251926
263268
254301
265852
245815
257136
259520
267004
262426
277093
276081
267986
260913
278195
303462
270641
280239
291380
273676
269689
275830
279698
283305
284868
276222
292181
277072
292522
270882
272805
300086
300356
304333
280089
279237
270441
280820
304193
293884
292973
311958
322147
298613
312078
331734
292522
309834
309513
294776
349958
313821
327737
336763
292472
319311
334099
321245
328127
321966
311888
332325
344898
321385
322046
341251
338938
346552
335201
317328
358384
323770
326524
327216
339799
340470
345099
333918
341803
346442
335421
339298
362722
346672
353915
369344
342735
380966
362972
356019
382909
364224
392687
351561
357943
369374
353915
399350
348536
361951
368833
366919
380134
376317
348746
386696
359977
375215
396464
389962
369504
370576
380945
367320
399219
380344
375926
391295
402766
393448
393629
390132
395392
404739
384432
388610
409899
394901
394209
381437
400412
377178
405170
417563
411061
398778
412524
406313
416671
442760
428804
444233
419427
430858
417172
405831
423854
422282
438341
430818
435897
432431
439553
430968
441608
448631
428574
428904
453810
454471
456515
450043
418495
447749
442268
459440
455092
446277
462185
443992
464490
457176
459922
477944
462526
454121
482744
460863
489857
479388
489636
468858
471333
460362
495888
474989
482544
494586
477134
498313
489056
476803
488364
489086
473175
492652
485649
500807
531353
506808
489175
487533
494135
520013
521505
521385
518450
506488
535101
500206
509804
514442
495457
508542
509733
551000
545751
535321
531785
519592
528588
512238
533929
529971
547764
561470
528748
547724
557072
541071
541132
562661
542915
547344
558645
551551
568663
589892
565106
572169
545981
564595
551371
573081
581035
578671
578931
579533
579282
575045
570186
602536
584121
580584
579122
570526
563162
582298
595101
594100
592327
599339
578371
576176
613316
621521
616601
612504
585874
605080
582768
614698
609869
606423
628774
601273
636528
625297
634815
619998
645444
622362
638742
625438
645184
622031
631860
656215
637580
636939
640456
667596
640596
662006
680480
644894
644413
649903
674659
655654
647409
661214
659621
671934
650955
674449
678126
662076
664120
655012
689397
688294
704304
676212
694515
673547
680089
718971
682333
663869
686891
691921
686991
723620
683055
699164
670712
697020
702831
697732
709213
711587
723239
721746
721065
711648
716196
713341
734009
747153
693644
721055
773672
707801
716707
755959
762842
771558
820459
755359
753465
796865
752322
775726
737074
758895
733017
794010
751912
784663
772661
734660
774214
790223
767371
769865
777489
798609
765497
754336
754877
772971
760378
828755
806994
782268
763653
790604
780695
768122
780475
786456
796685
798889
846768
797756
805812
837490
826681
814007
845245
802776
815469
831910
784993
816251
846658
859692
804069
848721
822432
860794
861625
870531
840095
840757
849974
857708
873336
831970
834504
875340
845957
840175
846667
860623
863769
858529
875571
872986
859060
866183
892783
877334
899014
880760
878196
889787
853270
892872
895779
936103
885610
887663
873076
923009
886231
922197
892913
885690
943477
901318
930442
895487
882263
923921
910856
913811
945741
939950
956160
935492
977830
948346
966789
920444
911617
939991
944278
914844
976197
926004
962322
1043943
977670
967070
968112
1002335
937526
981968
1009439
970937
1019217
965958
996214
996555
1008286
999591
1018646
970246
964656
1000593
1008307
990794
998288
999932
1020289
1005091
1003387
984362
1020459
1023735
1046247
1007415
1012093
1053982
1050625
1035848
1006553
1034556
1047109
1049252
1025779
1043993
1075471
1057448
1032681
1058900
1026120
1036779
1101209
1024617
1056025
1054903
1022232
1021191
1064661
1023796
1072375
1066955
1086541
1049393
1063649
1072796
1089257
1068348
1073527
1082914
1113852
1148556
1081001
1036399
1110436
1103954
1126395
1139139
1097643
1096641
1156291
1112700
1090849
1161871
1127186
1106138
1114954
1140552
1110697
1101830
1073157
1247029
1157233
1169425
1150781
1115314
1132948
1165758
1147915
1151662
1132267
1171619
1223325
1180906
1205161
1180124
1212875
1127918
1189643
1186116
1192207
1181828
1196976
1194111
1224587
1228023
1181918
1168333
1180556
1147624
1196285
1187970
1180655
1232201
1213166
1200463
1222243
1192928
1264231
1260614
1187147
1232652
1217524
1260112
1211162
1203277
1244243
1285700
1233664
1246528
1274390
1246728
1230828
1246457
1273838
1226310
1307681
1251778
1247049
1248531
1268678
1271243
1270583
1297171
1302592
1249513
1276773
1306459
1309835
1303153
1304856
1256416
1340492
1367081
1309544
1284067
1321847
1270512
1319553
1308732
1336674
1312229
1366109
1321676
1354087
1344259
1376748
1319413
1327958
1285019
1333890
1337146
1358345
1314334
1289828
1375797
1332877
1356061
1321596
1352694
1373021
1358865
1357533
1430268
1420950
1366099
1411693
1422694
1388390
1362612
1401495
1415370
1440537
1457699
1408006
1611994
1389332
1949439
1407405
1497252
1449674
1409679
1451357
1449834
1436149
1407526
1409028
1449042
1434186
1411724
1406724
1444434
1423646
1431520
1436990
1404601
1463259
1456736
1460524
1423586
1454713
1465724
1486893
1535653
1510116
1465814
1513823
2161301
2076214
1431029
1489307
1503544
1518792
1528921
1527578
1534902
1494597
1501129
1527457
1578592
1517289
1545682
1542446
1550591
1489106
1539931
1518932
1560028
1518882
1518912
1538798
1532267
1572972
1546793
1545471
1544419
1562022
1531656
1558696
1531355
1565618
1515706
1584504
1512660
1590305
1596826
1569636
1584734
1603198
1562823
1590614
1594061
1580035
1573893
1610591
1584653
1588722
1562252
1597588
1552875
1630528
1647560
1660093
1571429
1701350
1541073
1586948
1628044
1584494
1746974
1672456
1873328
1650485
1624678
1623836
1650856
1706990
1631350
1661606
1657779
1662317
1645165
1652529
1737487
1699857
1705708
1698034
1733359
1703504
1759608
1678548
1698855
1675342
1716358
1753306
1733389
1704736
1701169
1654703
1749879
1733950
1700648
1712711
1756292
1734491
1723461
1776890
1711027
1746013
1709084
1748487
1726356
1724112
1775737
1793831
1799952
1773554
1774936
1774656
1765909
1774405
1738939
1807256
1745051
1792188
1788992
1800593
1851217
1799221
1823987
1837071
1778984
1735153
1838203
1776720
1827573
1808558
1856618
1812015
1855344
1913783
1824638
1855475
1859682
1862128
1872257
1844395
1845787
1797667
1884919
1887013
1837131
1892123
1808077
1851458
1879660
1847831
1899065
1896030
1934040
1915657
1940282
1940703
1896130
1872918
1946694
1858250
1951693
1894828
1945071
1876544
1944780
1926145
1895409
1920896
1979996
1986017
1906690
1884509
1969315
1971410
2003148
2012376
1880642
1959418
1963355
1971860
1934011
1961922
1992398
1951052
1958315
2057239
1981708
1974635
2031110
1983011
2047030
2027494
2007476
2024879
1966180
1983402
1964056
2047831
2034126
2017395
2043012
1982400
2099056
1997518
2029267
2014239
1972632
1989493
2002197
2080842
2039215
2095029
1980737
1963906
2042110
2062187
2032413
2071375
2042211
2058250
2151092
2037072
2087004
2070073
2055335
2087625
2020360
2093646
2103714
2122719
2110036
2150321
2064021
2130073
2107972
2075081
2079059
2165429
2173524
2102612
2163916
2145241
2134201
2198991
2432042
2068720
2177321
2151102
2136155
2157965
2163445
2125074
2270543
2163315
2252620
2198370
2131696
2208088
2205052
2174486
2260535
2207357
2279971
2282546
2198500
2182771
2221002
2270904
2229577
2163095
2220701
2188812
2228305
2283287
2242492
2193531
2251959
2258451
2330995
2265084
2293716
2300158
2236521
2236390
2254573
2298085
2315777
2263240
2307953
2367483
2276084
2304707
2340042
2260895
2288056
2318993
2303745
2379866
2305569
2344029
2289819
2356853
2364117
2303545
2282386
2376901
2356533
2396948
2297133
2357966
2316709
2386017
2266937
3425141
3081265
2346664
2368785
2392950
2465804
2378183
2320466
2401957
2371770
2298666
2367934
2480002
2458732
2447471
2397088
2482446
2383342
2433335
2390986
2403059
2471526
2455005
2455907
2456938
2449975
2489348
2397879
2446840
2544270
2498285
2489529
2472848
2540894
2521448
2407446
2508233
3308335
2399973
2485672
2591538
2484740
2526848
2513704
2882907
2496482
2481033
2556824
2676055
2534302
2507683
2526307
2547236
2563576
2543068
2621724
2589615
2569728
2530004
2500118
2554289
2634367
2614119
2582070
2570699
2621263
2540793
2617085
2545142
2584355
2588723
2632353
2561361
2848373
2687125
2672667
2656208
2850507
2614841
2677927
2554800
2568445
2730064
2648984
2625461
2637042
2717522
2658652
2618949
2709166
3026072
2737829
2647661
2653903
2852040
2684520
2702934
2680122
2768175
2731246
2663230
2796467
2770358
2756232
2715287
2659884
2771561
2713353
2765059
2683619
2753257
2686804
2803731
2722230
2738811
2709336
2750492
2742417
2747386
2712803
2827044
3033196
2769858
2773585
2687045
2740914
2773916
2810232
2778354
2850197
2779595
2864774
2771982
2870525
2899207
2789224
2847842
2971802
2880443
2766381
2872387
2845778
2868300
2780368
2874111
2804592
2831652
2986258
2832685
2742397
2806486
2830249
2856518
2900249
2873389
2864543
2919425
2921218
2916029
2878970
3267529
2882216
2856388
3196448
2901702
2897364
2849285
2869653
2847341
2800655
2916639
2960460
2943369
2868200
2876415
3289480
2958287
2950082
3109116
2930395
2909145
3083950
2968155
2908805
3012918
2962845
2916670
3032284
2991558
3315448
3060716
3063111
3031422
3050157
2943639
2978905
3049486
3077938
3050999
3101031
3367013
3105960
2990296
3356554
3072238
3078429
3104268
3064143
3066627
3017897
3111801
2995024
3120617
3032314
3486795
3024319
3024109
3092294
3098326
3056389
3113625
3129213
3117692
3143940
3203761
3095971
3119886
3183494
3405705
3153458
3163357
3127029
3056269
3084030
3245539
3222315
3168206
3223057
3533231
3133171
4196520
4129585
3120658
3169297
3640249
3226764
3293056
3228537
3145734
3210173
3213780
3228748
3337469
3219020
3286795
3165370
3243745
3150623
3211606
3226073
3267890
3318504
3213389
3275995
3340595
3329404
3252552
3332941
3282236
3308905
3259304
3243855
3296503
3316129
3260386
3252020
3246280
3310118
3388013
3370099
3338240
3397991
3273380
3344922
3359640
3334794
3503285
3359880
3395656
3350533
3347417
3323944
3473771
3468701
3514026
3311080
3286264
3458934
3360862
3368497
3402620
3462369
3345374
3357035
3394594
3402859
3474974
3395877
3416665
3440950
3506962
3406517
3526068
3433978
3447653
3384806
3498938
3435551
3392841
3378815
3484952
3497816
3416725
3480864
3504237
3519325
3655658
3420793
3391498
3494139
3616465
3580729
4168057
3571693
3517773
3970882
3547338
3514727
3470966
3606046
3566543
3563127
3606176
3447883
3640400
3485393
3648094
3559450
3450849
3671447
3553769
3545634
3626193
3664444
3588353
3617397
4453765
3616555
3613751
3818599
3597059
3572594
3582863
3636182
3628197
3661699
3570751
3749632
3640360
3715118
3675264
3799023
3630772
3742278
3691894
3737730
3601518
3761654
3629880
3679432
3631213
3696915
3670516
3755162
3749692
3772985
3792421
3702294
3812448
3704538
3883440
3816576
3755182
3809002
3802149
3769108
3842964
3698988
3754431
3870736
3772564
3756485
3807209
3890272
3754120
3794334
3815374
3833667
3783154
3797330
3820784
3862541
4159811
3872960
3788434
3869174
3849026
3829951
3903517
3938943
3848905
3828077
3911281
4191029
3888740
3783615
3971303
3935215
3932720
3964710
3792892
3995718
4265537
3917743
3918955
3896624
3971633
4009913
3910539
3867690
4321711
3935156
3980309
4044708
3902555
3982884
3968547
3979808
3927862
4027005
4190458
4076837
4092827
4011616
4071267
3929946
3981260
4077639
4106974
4012218
4113315
4242695
4163508
4157587
4248235
4096023
4011126
4032114
4024110
3999695
4185669
3948259
4124475
4077890
4154572
4146707
4150754
4067190
4203182
4054626
4447414
4210786
4076156
4239489
4116060
4076838
4202631
4159651
4190498
4467320
4193533
4517394
4182233
4238447
4170691
4210685
4133022
4116231
4561966
4219572
4163118
4504339
4096454
4243967
4278802
4338643
4195627
4340476
4376783
4212679
4207399
4375440
4200076
4217859
4258674
4325868
4263223
4299519
4277099
4567637
4363297
4265427
4446022
4344643
4353841
4270185
4737872
4329856
4315269
4591831
4400397
4397090
4346366
4299139
4479483
4367836
4873462
4456029
4188515
4404454
4470387
4481607
4401068
4505702
4416196
4429520
4411968
4384518
4369710
4446392
4468422
4516702
4364791
4406768
4452563
4485644
4734856
4460719
4521711
4501755
4410796
4564921
4462462
4732411
4479734
4511091
4579378
4451852
4543451
4565964
4539765
4475586
4509338
4894902
4566074
4630032
4440300
4471118
4652213
4619362
4625865
4579899
4877460
4555544
4500783
4500311
4410696
4590509
4561304
4477650
4578527
4630562
4802912
4650039
4673282
4649058
4686096
4733414
4591451
5221868
4708006
4575181
4584768
4572786
4691055
4708698
4682569
4601319
4973447
4612279
4668934
4773538
4704830
4773126
4762888
4868113
4524998
4658525
4798845
4788315
4803703
4812640
4896806
4743702
4717674
4706724
4741979
4863904
4622869
4914869
4691736
5141259
4855359
4800358
4735156
4794336
4763680
4622619
4685264
4842776
4843998
4781292
4891045
4754112
4861340
4926351
4842405
4889763
4793013
4888541
5220605
4805627
4963960
4815936
4811989
4721211
4972566
4976293
4880786
5184609
4846733
4953220
4964080
4798895
4878262
5098399
4917484
4985089
4918296
4997473
4925699
4833909
5009976
5107917
5280126
4976002
5065528
4923575
4956416
5049348
5033559
5259648
4913557
5048036
5059828
5099992
5066500
5241374
4962377
5453406
5039500
5397072
4999135
5114910
5050491
5063875
5089011
5109480
5047755
5085325
6110563
5114629
5137291
5040402
5101014
5193626
5368249
5047655
5224623
5106534
5158981
5252394
5079334
5185571
5104470
5295895
5265980
5732733
5197763
5247525
5140437
5190169
5105422
5280677
5235984
5275506
5274896
5370012
5090725
5437246
5276098
5119387
5247144
5177055
5338934
5116292
5207461
5298540
5424012
5171965
5177075
6028150
5651062
5383907
5227217
5466340
5276339
5286918
5257293
5239370
5368500
5454298
5310011
5370983
5383707
5350966
5421437
5356828
5308167
5288030
5334316
5390950
5281538
5406239
5417530
5433990
5239090
5416298
5262593
5345356
5507927
6577197
5407481
5414975
5356307
5491607
5443408
5378798
5482210
5476088
5507817
5356938
5548422
5519779
5501636
5458175
5510061
5535569
5520681
5346739
5468034
5569892
5599497
5438579
5577186
5628891
5557780
5503850
5639531
5455440
5491627
5544205
5619403
5553081
5598456
5519138
5664197
5610848
5670829
5698410
5634131
5580331
5568509
5560244
5534046
5673915
5655421
5423321
5701445
5672713
5620736
5691237
5702888
5586743
5684164
5631577
5720461
5731712
5641575
5850402
5696807
5688612
5819554
5915953
5682661
5702166
5887631
5720881
5758852
5789088
5792975
5715933
5783658
5679946
5738976
5918608
5745257
5810577
5711254
5819354
5733324
5623181
5870328
5739055
5702628
5789087
5842477
5823352
5881950
6011439
5793175
5824403
5832087
5795900
5783668
5852765
5926432
5967057
5938505
5868524
5883302
5883703
5901726
5820235
5850241
5965554
5927394
5944986
5954013
6012341
5879947
6043389
5961396
5931181
6024253
6002523
5875218
6081509
5877531
6162318
6005097
6041465
6112407
6082411
5958140
6089064
6108309
5994638
5986723
6239752
6063697
6096718
6104271
6023472
5982627
6025135
5977226
6111726
6023692
6109561
6143273
6005329
5999408
6144677
6191022
6060560
5944535
6082842
6093281
6147922
6134418
6272563
6222020
6202093
6062564
6205709
5993937
6140558
6112546
6180383
6195631
6193116
6057855
6218482
6194078
6143224
6282572
6270569
6217261
6287731
6178228
6238630
6112086
6176716
6129128
6183809
6133216
6290447
6329398
6378258
6290387
6259028
6389549
6295295
6438630
6197103
6265049
6211530
6388447
6305484
6430505
6415027
6415899
6237749
6419636
6518719
6372288
6412813
6368280
6431397
6477372
6486650
6364894
6261402
6390752
6489224
6395380
6496999
6599118
6452717
6491218
6462725
6412232
6302959
6448750
6418162
6558672
6549495
6503821
6413183
6569312
6577598
6677934
6408345
6414496
6709752
6471482
6336421
6542493
6566507
6670820
6784421
6496347
6644722
6592505
6596904
6525120
6720973
6569673
6626198
6578740
6640665
6691088
6805760
6673375
6558643
6591062
6752111
6556098
6721284
6703822
6764524
6589120
6712468
6680488
6770075
6755246
6853619
6834073
6655833
6650243
6722897
6684255
6675128
6738256
6825267
6773802
6891540
6928508
6723067
6746731
6829634
6850493
6887071
6796122
6926945
6802144
6845995
6930772
6952872
6821249
6744828
6781876
6844432
6904182
6848529
6987437
6979292
6780845
6944017
6746200
6683103
6965957
6792356
6874928
6762090
6950699
6896559
6858328
6851996
7029615
6910073
7001613
7170746
7003897
6760046
6964775
6963151
6987527
7020137
7067505
6751991
7103792
6967570
6890677
7022561
7014907
6876922
7027401
7011862
7060021
7124411
7205110
7018334
6952673
7177970
7066814
7064189
7126895
7038852
7226720
6983419
7178180
7201803
7178280
7052908
7202145
7034745
7154837
7136583
7146592
7238392
7168241
7027341
7235746
7262546
7230196
7295848
7043600
7274368
7275230
7224886
7128448
7005370
7201283
7299244
7384893
7225428
7211391
7237650
7266564
7361449
7235406
7199519
7250534
7128318
7356630
7312779
7290437
7351010
7198097
7396635
7411613
7387678
7288264
7230567
7470651
7597687
7311627
7410070
7407234
7506598
7377269
7273356
7413085
7375746
7406242
7292572
7463068
7538427
7485659
7479969
7450605
7338086
7415008
7351150
7379974
7486321
7417523
7417824
7660422
7534880
7451817
7485880
7577269
7652578
7542925
7545941
7488404
7699676
7702120
7447809
7509364
7610089
7617003
7709684
7474378
7550640
7626611
7521145
7710716
7651046
7630167
7829466
7457087
7525142
7634846
7903703
7526145
7862627
7556230
7559496
7794992
7721486
7707179
7477625
7469159
7682734
7808276
7741944
7859802
7819307
7683756
7889467
7668108
7736223
7598509
7731625
7714794
7737957
7701159
7682704
7912670
7758254
7951853
7638572
7806233
7907961
7860584
7986867
7766580
7939220
7808317
7848662
7938107
7920425
8052850
7904194
7707811
7837171
7900006
7828474
7807656
7955961
7962903
7872155
7866855
7861155
7800563
7821492
7980005
7996395
8045817
7751722
8062207
7975506
7931796
7995624
7873508
8211654
8004360
7994341
8007466
7952454
8156391
8182670
8186277
7961911
7966690
8082474
8070552
8096862
8025809
8068538
8148888
8135212
7988210
8084609
7930363
8149178
8068899
8148326
8073107
8083506
8249624
8248752
8095498
8146914
8172331
8220530
8222795
8186938
8160650
8190454
8157222
8317500
8309405
8217915
8236239
8067346
8079048
8256306
8211995
8126527
8124853
8246347
8410292
8267667
8244234
8554508
8285500
8331867
8404802
8164126
8280130
8507021
8332968
8417705
8594082
8210863
8303664
8313742
8393481
8444555
8373132
8372982
8402016
8504395
8541013
8441389
8235017
8267707
8329221
8095258
8518101
8509345
8474370
8503364
8405953
8600012
8582490
8364838
8665394
8568574
8359307
8606766
8593661
8573734
8399071
8541895
8688567
8335172
8589343
8431400
8691041
8544239
8579064
8627284
8591878
8643874
8634978
8587931
8883999
8679520
8629798
8672797
8723843
8658762
8779766
8621583
8652359
8632473
8687825
8424708
8493676
8656778
8735504
8450225
8715397
8898044
8628686
8745022
8855947
8747325
8663110
8803339
8655636
8823377
8836561
9779467
8913554
8904737
8726197
9179556
8950572
8869642
8864934
9278329
9051098
9200364
8820611
8794463
9218929
8814059
8785797
8828586
8993502
9034658
8909616
8951344
8817365
9118974
8884169
8958577
8804602
9211185
8867368
8855736
9121779
8963616
9387471
9117111
8919213
8910478
8835018
9133771
9261217
9054395
9386098
9003830
9120447
9195886
9236822
9311149
8972572
9083428
8962624
9040538
9282136
9200354
9216695
9010854
9279752
9212336
9033656
9114706
9198100
9107803
9169176
9029968
9479391
9331337
8990717
9088637
9157565
9609291
9027183
9120668
9074702
9280854
9654616
9291995
9340605
9091212
9417707
9270414
8996638
9139853
9286424
9448624
9198792
9191418
9791098
9200165
9276916
9392471
9389534
9755352
9442193
9137287
9318874
9131166
9167283
9301903
9326328
9299137
9448093
9407398
9426253
9743551
9390496
9300821
9521520
9275194
9603922
9400155
9613851
9510730
9354891
9508194
9568716
9521589
9967275
9953108
9388113
9593723
9293437
9482828
9577663
9561143
9497766
9333822
9826815
9770090
9448394
9792511
9761012
9688849
9526348
9570089
9619090
9594744
9541997
9596959
9699639
9601157
9400866
9760612
9555372
9642914
9839868
9610484
9861719
9805866
9460927
9669384
9494810
9803391
9759500
9726309
9568326
9756384
9580809
9610975
9938451
9861038
9692856
9820884
9962375
9950724
9751044
9555492
9727320
9552617
9622245
9945465
9555452
9643305
9736377
9917622
9887687
10044808
9844557
10017828
9768597
10046962
10037765
9782784
9946066
10239298
9805395
10048035
9729224
9988344
9882307
9903898
9754080
10114798
10120639
9812489
9953640
9921711
9969429
10005466
9966894
9965111
10076507
10096515
10078351
10107354
10118855
9894601
10164901
10101503
10217739
10028628
9856439
10133884
10124175
10189506
10175610
10150715
10059346
9859796
10254627
10284863
10116932
10116812
10268713
10143231
10524807
10238898
10369971
10283099
10208862
10161976
10274744
10273422
10274233
10034670
10302285
10304589
10442334
10510511
10282619
10220444
10242224
10504570
11112886
11332062
10381693
10197982
10403302
10635712
10261219
10431003
10728935
10764090
10307806
10275906
10634270
10412669
10420253
10192372
10268713
10693139
10457423
10423149
10555484
10709349
10433848
10327973
10517313
10617549
10445951
10496014
10835422
10424181
10501865
10798885
10752008
10650820
10617509
11136490
10732422
10536228
10724788
10565213
10688601
10678742
10890905
10593114
10924838
10641904
10574780
10757458
10768148
10922714
10863955
10638438
10580420
10767838
10702877
11053356
10695143
10614945
11036766
10608192
10403983
10742250
10538223
10527042
10679454
10703388
10953161
10905543
10720500
11039741
10748071
10543542
10792072
10911183
10687719
10908698
10845973
10884182
10887529
10988926
10874314
10714068
10852213
10872240
10912685
10558590
11011880
10741629
10896125
10937170
11064577
10827528
10682870
11037107
10812119
10980301
10871329
11022008
11012430
11037356
10869465
10783767
10967367
11166426
11053626
11013312
10947450
11051834
11030724
11071870
11280006
11041765
11350977
11050671
11040453
11280136
11356959
10884453
11010296
11056672
11335618
11387204
11309911
11101796
11301446
11082581
11036225
11242817
11133755
11000829
11217670
10910612
11160264
11188357
11212310
11126041
11439862
11208053
11517956
11341761
11202973
11428851
11356869
11245422
11068364
11225556
11330429
11332744
11130730
11298671
11517436
11208133
11110873
11764604
11622199
11258126
11332122
11466261
11440543
11338454
11705584
11647116
11669658
11521823
11560806
11680237
11331541
11462143
11579731
11467243
11359092
11863867
11415607
11375012
11935079
11545388
11576255
11377076
11801512
11485476
11703991
11306726
12064959
11589859
11524850
11277863
11763280
11501336
11487270
11584781
11651815
11556468
11570725
11680377
11506786
11924189
11600219
11450121
11648839
11637989
11845072
11825817
11619044
11746620
11489905
11615207
12090216
11888623
11515753
12039132
12029354
11668075
11690146
12161579
11738134
11926093
11770726
11964674
12112969
11679075
11978029
11709582
11928487
11858828
11919470
11923849
11961960
12144908
11650832
11827330
11881139
12171277
11857325
12252988
11904172
12116645
11831718
12161268
12092571
11856083
12521025
11898942
12231889
12254140
11747582
12108941
12041917
12048539
12191585
11910003
12180383
11897980
12008505
12082111
11857896
11868266
12212262
11840434
12066643
12063297
12096939
11670149
12183379
12037919
12588920
12319872
12065321
12076732
11777487
12274748
12122215
12190492
12445775
11875689
11938246
12236277
12201402
12196333
12304604
12317066
12269709
12197285
12124490
12173370
12078735
12047067
12216480
12300736
12217943
12459270
12319953
12433393
12189320
12343265
12116586
12354045
12314382
12616381
12366188
12424987
12433763
12256164
12315504
12345419
12219387
12233322
12662657
12336804
12594561
12602095
12162771
12308601
12563163
12643561
12589983
12212664
12613196
12522618
12582578
12503422
12569785
12128958
12266013
12448710
12322898
12629715
12792037
12584602
12263838
12695328
12817343
12905356
12479647
12605591
12521816
12636568
12517578
12464400
12609939
12721536
12517749
12509493
12558955
12593980
12745931
12707860
12599230
12635316
12690990
12481131
12834054
12946322
12930804
12788760
12613867
12872104
13194732
12872225
12853821
12889016
13009048
12855013
13010741
12886641
12998529
12812063
12919763
13081042
12753425
13212115
12721476
14017315
13037812
13107861
12883306
13092603
12921657
13692084
13283957
12872225
13468049
13160239
12726265
13475101
13028133
13281302
14014400
13984404
13683057
13433895
13331646
13472798
13246728
13224307
13530945
13422855
13298204
12849263
12861455
13256386
13249794
13323320
13729463
13158144
14111490
13002196
13206033
12758575
13148386
13309054
13212255
12956180
13413227
13181347
13029767
13271785
13323792
13015099
13188431
13022493
13244264
13056166
13160208
13145942
13364046
13346113
13261787
13224868
13394492
13388912
13248322
13378533
13394702
13417034
13141724
13284619
13293395
13391006
13558286
13326456
13204210
13164677
13474501
13491893
13564627
13716559
13463430
13318672
13475562
13198620
13506149
13279880
13559768
13848803
13380737
13486323
13675744
13652350
13196396
13545302
13471405
13363075
13699166
13554930
13586087
13522329
13689719
13648463
13394032
13618878
13491171
13689990
13628356
13484950
13561963
13523552
13719955
13712101
13783452
13801807
13796627
13611344
13813168
13621213
13780347
13620561
13562143
13758096
13724694
13753948
13727709
13760621
13806776
13499066
13688126
13993852
13843894
13821753
13909636
13913513
13851589
13855686
13965580
13736195
13689959
13685782
14037995
13972694
13868421
13802038
13711920
13865555
13858862
13972854
14030080
13630300
14621706
13967684
14154800
13951824
14059444
13990987
14326077
14156454
14357016
14420082
14088709
14366303
14286715
13802779
14580128
13828467
14187902
14276356
15536299
14631073
15208142
15275526
14589125
14188182
14174176
14541186
14110078
14178054
14745816
14380518
14279091
14608642
14302073
13973676
14360973
14342989
14491745
14280504
14676086
14850710
14234950
14275564
14615113
14256228
14196938
14472799
13979467
14241150
14627967
14197210
14469594
14541197
14353409
14886446
14491724
14179626
14994797
14213510
14442243
14726069
15241764
14523133
14237424
14310058
14515539
14844909
14388093
14566303
14275194
14596949
14390077
14744964
14404564
14504458
14532480
14467330
14714227
14901935
14542349
14523855
14623389
14616265
14323344
14096563
14606177
14575911
14531850
14495772
14595167
14677690
14555022
14553178
14334914
14878151
14849728
14397651
14511922
14630692
14594866
14658674
14920098
14542679
14694150
14673211
14404633
14597761
14707454
14638868
14990027
14944854
14767666
14635461
14899099
14561905
14985559
14973337
14812038
14949854
15019422
14825854
14835792
14863544
14823670
14738752
14744513
14982113
14861269
15108658
14717994
15029661
14930918
14821996
14901424
15144895
15207581
15096185
14958700
15189447
14893809
14977836
14956957
15122864
15092448
15092508
15026075
14988315
15034610
15159271
15134526
15297377
15333995
15083852
15000988
15002601
15230774
15055569
15043417
14899551
15002361
15251032
15185239
15216708
15239851
15157589
15355645
15118546
15163128
16465340
15256020
15213933
15311643
15658887
15550537
15238297
15207581
15218902
15051832
15153691
15454839
15366005
15399797
15298189
15195438
15327603
15466360
15688191
15655740
15646294
15228370
15387905
15064236
15355134
15529757
15177075
15588636
15346969
15655160
15531020
15413593
15485135
15465509
15875548
15733085
16090887
15352690
15544696
15367257
15490716
15531691
15594878
15522024
15829363
15797043
15730780
15543323
15866351
15427508
15602783
15731762
15763822
15363781
15861583
15585811
15715302
15768470
15532583
15669457
15595008
15698811
16009266
15679575
16285367
15710573
15877532
15745738
15973260
15686599
15865930
15779841
15798255
15432919
15744656
15731642
15786213
15542732
15867213
15942533
15694833
15891348
16214146
15825626
16218774
16282852
15915963
16058797
15790080
15785601
15774572
15970084
16064178
15856483
16152492
16128647
16049320
16429845
16406843
16028562
16167670
15771837
16134659
16135751
16093192
16039162
16057616
16419526
16070750
16002543
16221810
16226458
16055612
16284877
16144376
16141882
16362931
16378190
16248319
16093743
16409959
16438922
16404619
16233060
16552462
16232940
16137995
16174472
16595552
16425677
16517297
16200370
16285548
16243570
16159485
16367991
16398487
16477163
16439884
16394961
16699174
16379201
16413204
16391183
16449873
16479157
16594830
16698913
16648139
16374322
16331954
16352903
16664269
16420829
16377749
16566218
16212212
16693654
16470490
16492922
16458508
16803628
16641618
16402415
16606693
16636398
16462005
16597236
16692873
16523890
16575425
16664150
16546702
16752873
16598558
16607254
16706438
16627681
16287703
16412373
16434465
16856696
16355468
16896720
16464008
16800552
16938637
16891951
17123410
16828945
16730152
16703382
