30
60
40
80
100
60
160
140
191
170
220
240
240
250
380
311
491
461
410
611
641
581
511
742
942
761
1062
1122
1092
1082
1152
1273
1503
1232
1863
1442
1533
1783
1683
1833
1884
1853
1994
2104
2004
2565
2444
2474
2906
3096
3006
3115
3366
3286
3646
4308
4057
3506
3817
3717
4528
4368
4809
5299
5460
4789
5029
5089
5340
5420
6632
6171
6281
6923
6562
6552
6903
7153
6732
7404
7924
8445
8786
8926
8766
7223
8115
9657
8315
9928
9678
10680
9747
10349
10640
10900
11151
10990
10319
13064
12102
11732
12373
12964
35916
12944
12693
12032
13725
16360
20438
18855
16129
16460
16991
18514
19275
18153
17602
19476
16761
15709
16059
20718
16931
17502
21520
17382
20378
17312
18895
21189
20598
20408
19526
20698
21950
20587
24625
21550
22711
22371
28141
24224
24455
25567
24245
25808
28773
27300
27009
28022
28122
29925
28893
30316
27360
29834
29304
30285
35244
43820
47928
36587
34944
36647
35776
33712
38962
34594
33922
36798
39152
35405
40905
41276
36538
36897
38190
36216
39823
41477
37859
45023
42729
39122
41707
38381
38892
46005
38991
41255
41406
40514
51705
48980
57596
50403
45273
48990
43720
44612
44632
47678
47296
48118
46666
46916
60241
55472
53077
55371
52747
59770
53609
53609
54120
56374
56704
57405
57646
56093
58097
65761
57616
60692
62135
57396
57115
56474
61232
58297
61523
70910
61904
62304
63287
62495
62374
67033
64839
67333
69517
69718
71562
69818
74987
72473
74867
72273
95085
79386
79015
78334
77422
80027
77412
78584
78254
76580
77933
89624
79436
80188
78724
83834
130299
80718
89324
86779
85457
92971
89966
83193
89785
87611
85007
84095
95295
86479
89795
99703
90827
93121
125150
100154
93612
97560
97239
90526
100464
98811
108690
91868
93622
92881
98320
96477
97489
99613
119770
105925
97489
107197
105785
109180
107547
110022
116594
112937
111485
112126
106025
125681
114250
104952
119750
112446
113809
125851
135159
111014
108419
120402
126522
119530
118097
118748
127284
134988
119740
135399
119018
124048
126663
126242
122605
125270
122676
151168
140808
134167
143323
128195
136370
139136
137162
137002
151138
130610
134798
134146
145017
137152
136741
136762
175472
140147
150707
148593
146048
143534
145778
149284
143634
160255
147320
154744
150737
144866
146509
157589
154114
154744
151719
159914
148694
153733
157950
151658
157840
158291
160775
170102
156648
156227
165534
167478
171254
156688
186202
170774
155145
162518
174520
170293
171495
167197
177245
181743
169741
180712
182295
175703
173469
185601
190941
179410
183507
180582
180221
189779
179710
191662
173128
181584
175152
201109
217910
178357
195419
193616
203674
201520
200198
205528
191372
205988
192994
199236
201170
201691
199897
204255
208022
208704
205207
208764
224222
218512
215536
223451
209495
214504
225113
213532
212471
226616
212000
209054
217039
220906
234521
225284
217420
252644
210066
221918
216608
231355
226656
211940
232227
237877
231224
239651
233299
404393
232658
246684
248416
255229
239060
237907
235132
243998
249949
249748
247735
245190
259426
246293
266770
247796
247304
245411
260839
285144
240322
268012
269826
261831
254938
270917
250932
275306
258064
279874
256000
265869
279834
275737
262823
275025
283591
285184
272841
306503
278221
275215
287348
279504
303438
286186
295823
280475
286536
289652
275667
289462
294742
297376
297777
297286
278953
326960
294541
286366
308497
305651
322422
302215
448694
298509
308737
312404
323244
306363
330607
313156
301383
307936
322282
328093
318455
322232
316852
320549
312364
316251
335677
328594
341988
323725
340366
322222
356565
339453
342920
356636
343992
332802
337149
338071
334084
339764
329054
356766
363378
363257
347668
364038
351806
726374
358278
362036
353479
366554
354581
359330
344653
370381
360002
363447
345224
356585
372895
398712
352988
366684
372203
361083
368617
373276
376943
381771
385999
390107
378516
376021
381160
434398
377133
391789
393343
393002
396388
396338
387582
404843
395807
380730
405334
403862
418429
387412
407740
402589
395296
396298
399764
400956
423588
406817
407699
426994
419991
461678
426934
415994
418188
388243
413169
429519
414441
441761
444276
427004
433396
426353
467198
436121
447612
442052
445338
452672
451309
462430
462249
452091
461788
503485
433236
486534
458853
449927
450999
490821
459544
469262
445489
446821
462780
506410
472218
479962
478859
482887
470665
465695
474572
493737
482025
469562
511640
486925
492154
503315
511119
479150
486453
491974
495761
500660
499207
522880
521238
503535
488968
478950
507212
534502
501311
518412
513463
542146
515477
523472
539932
531296
526978
513123
542937
514536
506881
549259
556002
527219
531557
516288
550772
552545
521198
522520
533621
607737
535744
539180
531647
534512
551463
562624
555440
542326
581678
591507
546694
578332
572191
551343
593159
569786
580025
588411
614198
571700
588461
589573
606734
566421
583462
608447
596345
630368
604540
611774
602627
590344
580686
625379
619298
613868
651677
621942
606574
616392
649513
615311
587830
607917
618667
666875
634796
614900
630458
603078
657789
648141
610702
653490
621843
611313
624687
637852
629537
623436
678918
660013
661575
682724
689798
667527
677946
646488
662427
634916
749096
668768
664180
670772
652308
660053
674980
659261
705256
679969
677485
672365
662397
654512
678707
1082509
679759
689407
678978
689757
707350
690708
699575
742194
724230
701058
719431
696099
700888
724400
762832
697852
756660
692442
710205
725122
736222
704053
758503
738817
723159
735952
721125
731083
745560
754636
738026
726905
725302
764875
727566
749176
765335
791564
770175
773962
767359
741973
765096
762841
758564
734029
792796
782848
768852
779362
811551
774322
765286
821509
757582
798086
780394
1067811
784000
803375
763623
787477
761479
828682
779862
793919
809707
808645
808105
770035
853658
786665
787667
789430
829103
809597
835485
832469
832680
827791
799589
851344
813394
866632
855461
837078
841887
790693
849871
834643
865660
830305
850262
838891
845212
838270
881159
863857
841446
848979
845623
883442
905393
900825
855922
879576
903981
890897
1031675
862184
884625
903099
910082
875989
892159
875288
870910
906345
897098
922004
919619
886849
869237
891468
914801
963219
937542
922865
921743
909360
957749
924508
982185
912467
953101
930670
926422
933755
967317
984919
976684
934888
959653
1011378
965083
987664
959723
937242
975903
1034450
957399
1056861
935859
962809
958120
997302
921403
997232
964802
1000468
1017049
980592
998494
994748
1028219
1172815
1016467
995730
1003554
987344
1018271
1036565
1004415
1010186
1003724
1034320
1039761
995830
991742
1048957
1039500
1044359
1038378
1050911
1019182
1033959
1305859
1023570
1041664
1049328
1016056
1049418
1036855
1032437
1034130
1043177
1066029
1094741
1016949
1077299
1064756
1084983
1071889
1084252
1100792
1053415
1064455
1097226
1117643
1089231
1112033
1084292
1105882
1078762
1116792
1117813
1059546
1110921
1090333
1102576
1119437
1108526
1085614
1087308
1162846
1133933
1252030
1096744
1147458
1162725
1130117
1124185
1131148
1169088
1200405
1068102
1187581
1121851
1110369
1121861
1179758
1176401
1190898
1166492
1142068
1191329
1204783
1156665
1153689
1157957
1190006
1175810
1164419
1208620
1215123
1165541
1167825
1183103
1188373
1224389
1215282
1176281
1237223
1229189
1200014
1209221
1187501
1253403
1235640
1203982
1241871
1206015
1260646
1274561
1177083
1222456
1248674
1255396
1245117
1241911
1221865
1890974
1240098
1189816
1218339
1302102
1230310
1267669
1266085
1526825
1254856
1275303
1196778
1285722
1269262
1276255
1250006
1269863
1261066
1308363
1268180
1295269
1335834
1262770
1292494
1300178
1273650
1321859
1301291
1297864
1329542
1294608
1331085
1285902
1346343
1299497
1351763
1284059
1470011
1945674
1324392
1290691
1869334
1394592
1348828
1323441
1384223
1439044
1357304
1369776
1403399
1338349
1370247
1369315
1383151
1451788
1377060
1367072
1344730
1380035
1395483
1434174
1408838
1503241
1354849
1393750
1386587
1393410
1417494
1417414
1420680
1463398
1392198
1373484
1484016
1400202
1437010
1383311
1826786
2448318
1352044
1455313
1427773
1448821
1406715
1463609
1424186
1441718
1405452
1449473
1464550
1436438
1446227
1486501
1475000
1470581
1436920
1433163
1431209
1458530
1482764
1447309
1528749
1579040
1455604
1504985
1478536
1486481
1558223
1497420
1509764
1506027
1524049
1491430
1548454
1582848
1531704
1458920
1471063
1487513
1535250
1516386
1527226
1559775
1584350
1538737
1498453
1579702
1593798
1582197
1582167
1595020
1539698
1545379
1594098
1618643
1520833
1575434
1566097
1573490
1560116
1627840
1647657
1620887
1614355
1549927
1550919
1600070
1698831
1693891
1650993
1626488
1636627
1588058
1655641
1659378
1569574
1689654
1619014
1593848
1625446
1681579
1660140
1625897
1625737
1657665
1681409
1649490
1689284
1611060
1627991
1665449
1663676
1708118
1750305
1752911
1712997
1663967
1683092
1694994
1686989
1810005
1678664
1716453
1735018
1708529
1684174
1764271
1748773
1728445
1736089
1716323
1714800
1758851
1772396
1729858
1733875
1686839
1731260
1708369
1712226
1733054
1730358
1756748
1687289
1750135
1779179
1703059
1738824
1708869
1753031
1732944
1809294
1828759
1761415
1722083
1771084
1788876
1824932
1771354
1729508
1822208
1770482
1800759
1861791
1969468
1803293
1864615
1760464
1938291
1899871
1889752
1787464
1835803
1821747
1831965
1816497
1895984
1820004
1861510
1866779
1868733
1896374
1833779
1870767
1870467
1855419
1824632
1887849
1952968
1887738
1919636
1923283
1847023
1905641
1920168
1913305
1847363
1879213
1902886
1935495
1902014
1870336
1881066
1940215
1956674
1918274
1915819
1942459
1966372
1886105
2037563
1886035
2121507
1927291
1984566
2007588
1930126
2002629
1946446
1886296
1911712
2042442
2002920
1982062
1942478
2022626
2048454
1880836
1968005
2003120
1984937
1940314
1956564
1967364
1975028
2023327
1976691
2011595
2054555
2024720
1986159
2012728
2007007
2000225
1974056
2045378
2057219
2020201
2022496
2029088
2033445
2141294
2064804
2136826
2096883
2025721
2020181
2009421
2050247
2112721
2022866
2081034
2101030
2055045
2055206
2151071
2122830
2073960
2030671
2022556
2253870
2119494
2131646
2080061
2090781
2066677
2126327
2181438
2156692
2174244
2101301
2151122
2195113
2045408
2156542
2149529
2161020
2219638
2114345
2175968
2150431
2143438
2125956
2127298
2172481
2222153
2178032
2235046
2201494
2177270
2176008
2150070
2271904
2207566
2203969
2193960
2251206
2149308
2224326
2212184
2300656
2225479
2191146
2246167
2216923
2309001
2241708
2303242
2254041
2249041
2275641
2168484
2329519
2215751
2272976
2370214
2252358
2462524
2258760
2242560
2253480
2303231
2243612
2277204
2299655
2270160
2355287
2241218
2289226
2717283
2284687
3285887
2348935
2260423
2343035
2353854
2330822
2338356
2349607
2322938
2350087
2308120
2388848
2356970
2360266
2298132
2426016
2381375
2474766
2338015
2353033
2346521
2383479
2734354
2416309
2371807
2430095
2579789
2467513
2342895
2413424
2371326
2415788
2450542
2500995
2440443
2404437
2405559
2420306
2475568
2445172
2524378
2477622
2425616
2427971
2548562
2440484
2418013
2502697
2503309
2513748
2493260
2429464
2502177
2516073
2514649
2543383
2549984
2770149
2431868
2503009
2542581
2540617
2581683
2491747
2527703
2566525
2536139
2560353
2551428
2453036
2843895
2563620
2479646
2514579
2607019
2620674
2563389
2575512
2565513
2582374
2619693
2585210
2525179
2669114
2566876
2611998
2588405
2572586
2549735
2600948
2649257
2620174
2632506
2519349
2596981
2659125
2624601
2605016
2628780
2581723
2688368
2623901
2746074
2644168
2677940
2649848
2622238
2693468
2686456
2705089
2645760
2720337
2715188
2687176
2724536
2690844
2723754
2628749
2757976
2774156
2887825
2734284
2662301
2790347
2749932
2747017
2736407
2781910
2786439
2759880
2733432
2710419
3029956
2733772
2774397
2726549
2810082
2798230
2751816
2824389
2800755
2815543
2716030
2743060
2840378
2747998
2701954
2798912
3150438
2708676
2742758
2875502
2846129
2783724
2818949
2835409
2791558
2859283
2911790
2882826
2820351
2904767
2852060
2943077
2858722
2910817
2941404
2958485
2845788
2928940
2897403
2838194
2889599
2854434
2979514
2858542
2986036
2851438
2963935
2970778
2798431
2946272
2920054
2956151
2898836
3002957
3051866
2954588
2973522
3007746
2921126
2908964
2906630
3072394
2969817
2988360
2996184
2910207
2994301
3055083
3349725
3045546
3099435
3046367
3168581
3028965
3007977
3060563
3122457
3050986
2897494
3128437
2936936
3033684
3012335
3347180
3140119
2999461
3063669
2958005
3055564
3123218
3158433
3114723
3092913
3510409
3103872
3101668
3136803
3183349
3151339
3122236
3159064
3092201
3160386
3081471
3222551
3148344
3149747
3520377
3241996
3161950
3320741
3130542
3086772
3163993
3160156
3187085
3198517
3095968
3210048
3195831
3183749
3157290
3178490
3177528
3278503
3172338
3157612
3154987
3165947
3268625
3251534
3509057
3236927
3233109
3542047
3228041
3227139
3280607
3315772
3295154
3248028
3381061
3251664
3192796
3241306
3287069
3341399
3282721
3306395
3432286
3387274
3344184
3360564
3321383
3309049
3343653
3426195
3513234
3333655
3367347
3305533
3407340
3484842
3423831
3358801
3249199
3364571
3353200
3381643
3320421
3667368
3402721
3341109
3385811
3359552
3394296
3361085
3397953
3435391
3410085
3764035
3367977
3429911
3425704
3361356
3422598
3438407
3450239
3402962
3414904
3465237
3446292
3363720
3497095
3528873
3413902
3491455
3385410
3533913
3375572
3423089
3467831
3810110
3452142
3602779
3784292
3522060
3590837
3524044
3538251
3549792
3552026
3500431
3486786
3505911
3610143
3481677
3548350
3601036
3543250
3499419
3608039
3602529
3656788
3679721
3471789
3619911
3905185
3678959
3619499
3632884
3683107
3558949
3581199
3554571
3725034
3730554
3564629
3572814
3769765
3536397
3814558
3676635
3639246
3650276
3637062
3721367
3614461
3671415
3693065
3643604
3703364
3674210
3560411
3745411
3635399
3750931
3668810
3691342
3623968
3746042
3695730
3716158
3816271
3759998
3704757
3805592
3714043
4128525
3719003
3732919
3954014
3769856
3759036
3806673
3702853
3770267
3689769
3743027
3815130
4120350
3782068
3652831
3838672
3811112
3719383
3736846
3938326
3884356
3868708
3796475
3888714
3862727
3967299
3872965
3826590
3925663
3828093
3853209
3908251
4263393
3880800
3861915
3848601
3908771
3933176
3994949
3875310
3848881
3915944
4016218
3934218
3912659
3925642
4017251
3909202
3909172
3979371
3834034
3931453
3940129
3867275
4284382
3872585
3938266
3996362
3973901
3879949
4067593
3907329
4112746
4006721
4053267
4269394
3900546
4014806
3952582
4087981
4147349
4067954
4026328
3938776
4053808
4133254
4224722
4033090
4101185
4168910
4085186
4163770
4095936
3955307
4074536
4040424
4132302
4260789
4099111
4056102
4131371
4171384
4073905
4166375
4131691
4059579
4087880
4131090
4132473
4178547
4153161
4114690
4139585
4491663
4058807
4302024
4136580
4100113
4267381
4217799
4243717
4195910
4185170
4617053
4157969
4252573
4168589
4195488
4172476
4167958
4201950
4592978
4250830
4478549
4343581
4276587
4260528
4146258
4194427
4337229
4202391
4314006
4356173
4241864
4447853
4313435
4452580
4387792
4242285
4184939
4311461
4658910
4341327
4298418
4386830
4319938
4412727
4204345
4277139
4383484
4234560
4535183
4441580
4422566
4392340
4258995
4474030
4380638
4444706
4415633
4474811
4582589
4500970
4428747
4371702
4445568
4373585
4395506
4289291
4883673
4399693
4499096
4573783
4422436
4390156
4498515
4512842
4483698
4817862
4431152
4575297
4627692
4301724
4607184
4533640
4556351
4589152
4505237
4583802
4597868
4541093
4508554
4587618
4556281
4597727
4531656
4601624
4476615
4587148
4598639
4522228
4542076
4620640
4561741
4547225
4788669
4657296
4630608
4730662
4534621
4723268
4544139
4842307
4761568
4904170
4506460
4684357
4708551
4610311
4621010
4526466
4973258
4620159
4652287
4722998
4672395
4720182
4802734
4835204
4821448
4713590
4721485
4597006
4673416
4665602
4807443
4678887
4849199
4734699
4679818
4732265
4756028
4689536
4746772
4918096
4773911
4657116
4856302
4895234
4825927
4766407
4758974
4721164
4879475
4868024
4731603
4876119
4887400
4946949
4972536
4971163
4967487
4969601
5229087
4927273
5028820
4985340
4883572
4940257
4939214
4853428
4854670
4950605
5017489
5075426
4938393
4893861
4921312
5273249
4790021
5241119
4972536
4955845
4862503
4897808
5114807
4877722
5445235
4971254
5161373
4981293
5106803
4991741
4906565
5044148
5053365
5074133
5049307
5085374
5121149
4980561
4879205
5404440
5065026
5241791
4958691
5067141
5096104
5163657
5122361
5094731
4982766
5016277
5155352
5135696
5097546
5021757
5036574
5142870
5319955
5107064
5128292
5043146
5089441
5048445
5225842
5425519
5282966
5430247
5306850
5149271
5292585
5134024
5271787
5646675
5177143
5152768
5101153
5184526
5263431
5212598
5099460
5147658
5192761
5151826
5311159
5331637
5165200
5198942
5243044
5201608
5298806
5269863
5309456
5263932
5408066
5337046
5233456
5275784
5501669
5236271
5259554
5173766
5490999
5359577
5675689
5346313
5479348
5366811
5474759
5399130
5594749
5357514
5658036
5282647
5536253
5315266
5573921
5326576
5667233
5421391
5468227
5527837
5424126
5348317
5391316
5429917
5379664
5659178
5397217
5656233
5502030
5416271
5346805
5524901
5475261
5294067
5543145
5691116
5616760
5481362
5647396
5537234
5677382
5459802
5663987
5479648
5451426
5617973
5793656
5460332
5511066
5602765
5725019
5567610
5623733
5619024
5866559
5738584
5472104
5617081
5670289
5494225
5860618
5516707
5830263
5674216
5644722
5661552
5766826
5722945
5991058
5675248
5700304
5710713
5674386
5649090
5875175
5953538
5701285
5510225
5847494
5648348
5755826
6111760
5778758
6058853
5891445
5541793
5779058
5727203
5857663
6184754
5774019
5729918
5719790
5746649
5824092
5842976
5948139
5755535
5685376
5864405
5871588
5681229
5827377
5866639
5911662
5891815
5740928
5871820
5853326
6121858
5793104
5742351
5912484
5906112
5804025
6158166
5830664
6002469
5843167
5882048
5837416
5955683
6289056
5987061
6135183
5950124
5990748
5862683
5970801
5929716
6300447
5955894
6022956
6126707
5924276
6214429
5974408
6308071
6045729
6000165
5999804
5915179
6009583
5888170
6131857
6141705
6168635
6107863
6003090
6037333
6082567
5989135
6197718
6120446
6038396
6125576
6134732
6361940
6118884
5999093
6160800
6258700
5946346
5985368
6084881
5991138
6174936
6316576
6145603
6000165
6572347
6141695
6084310
6029138
6056639
6298143
6162724
6211143
6234696
6086674
6195073
6189192
6098015
6202297
6329309
6203880
6262988
6180797
6280380
6492780
6259952
6134031
6254733
6354907
6076785
6399048
6575883
6384742
6242831
6443059
6159708
6609084
6210862
6349958
6271113
6260023
6337204
6296800
7213334
6458767
6339569
6410038
6372058
6210682
6394530
6333878
6331184
6286952
6402625
6498581
6246468
6491618
6539927
6529147
6472823
6410459
6582475
6454300
6420327
6345019
6499773
6399729
6552801
6562088
6488853
6489774
6469007
6384502
6551057
6429494
6574079
6498210
7432177
7104515
6548032
6481910
6459048
6515642
6677710
6576123
6650830
6567047
6491368
6600107
6550757
6633279
6526653
6581723
6718926
6487701
6616848
6654156
6579760
6550487
6588055
6688961
6655410
6579129
6564533
6678873
6556938
6688000
6518758
6627619
6777955
6737821
6587966
6820383
6771714
6683651
6700302
6594718
6808071
6757728
6737240
6724196
6807699
6857381
6800587
6752097
6868672
6806858
6838105
6766874
6690595
6892606
6766083
6716502
6766424
6797782
6829880
6770310
6856729
6798583
6768347
7005042
6769449
6807239
6910087
6895230
6834128
6920887
6776502
6739033
6921568
6946404
6815303
6787843
6960310
6909126
7034006
6906611
6988201
7006645
6947888
7122558
7116607
7045938
7003930
7011304
6908575
6927760
7052779
7001786
7104314
7088476
7083366
7123299
7107771
7012105
7147504
7055214
6950031
6968184
7101489
7082123
7000524
7019829
7096440
7150329
6855467
7139339
7063920
6993842
7177288
7071434
7109143
7238290
7008719
7265110
7156440
7178781
7079710
7217803
7140491
7220979
7172129
7209698
7324799
7173572
7324439
7242959
7310123
7052640
7230316
7061987
7161149
7130112
7157362
7215709
7279727
7299353
7265080
7208556
7267595
7292460
7222451
7324269
7227731
7399787
7356047
7369922
7291799
7276400
7241837
7352030
7417781
7466621
7386854
7349565
7209758
7256044
7478573
7357420
7390100
7481499
7356458
7342212
7422871
7531540
7476219
7485064
7546247
7422560
7477901
7505642
7456282
7412822
7507466
7510592
7345098
7569740
7584768
7583966
7625734
7597692
7650789
7550404
7582213
7491247
7456792
7531700
7501966
7454438
7489913
7484354
7625112
7536479
7597552
7560474
7640050
7420437
7527963
7751545
7598904
7657462
7641212
7613211
7576442
7602571
7760751
7441345
7557729
7821192
7610045
7626535
7780968
7849044
7822075
7757535
7649777
7646873
7793912
7840929
7760180
7743260
7669774
7779896
7763216
7936996
7649137
7863480
7802077
7683860
7812176
7939019
7901641
7745683
7941814
7832353
7768676
7915666
7786929
7987478
7783353
7913803
7984653
7826522
7849054
7814259
7993028
7909845
7750893
8032842
7885090
7832233
7896601
7940492
7859844
7754911
8018655
7928730
8473231
8127094
8175483
8539613
7902893
7809050
7871024
8063097
8007134
7881984
7785708
7778234
8105736
8144115
8187024
8053339
7999390
7923501
7875181
8073686
8074377
8051115
8055854
8309610
7998909
7928380
8137925
8203115
8029134
7979062
8238319
8197274
7927047
8146791
8109362
8129840
8056887
8106848
8034766
8337792
8102941
8114462
8234302
8242618
8107239
8255801
8440682
8104283
8233120
8365474
8090158
8166067
8150899
8226929
8402462
8406209
8223141
8223793
8248197
8274737
8355575
8306224
8358010
8343332
8418160
8254429
8217782
8559359
8457963
8510330
8358390
8373989
8406879
8198366
8206912
8541467
8639867
8360674
8256663
8447063
8468303
8514217
8181495
8522351
8551285
8257054
8394737
8534003
8297458
8547588
8421136
8571903
8585398
8508836
8598932
8601557
8307096
8661648
8616034
8556545
8684841
8570921
8543280
8618288
8566933
8584726
8441212
8567104
8471197
8471117
8545254
8493088
8432587
8725424
8577964
8488600
8654685
8508987
8769746
8833764
8588293
8672247
8738058
8549632
8746123
8674721
8725615
8779254
8750561
8841599
8684359
8881432
9030756
8679139
8600826
8568526
8536898
8937816
8774044
8936803
8773323
8688126
8819948
8860533
8669101
8679660
8713933
8839285
8935863
8828525
8844334
9094654
8834526
8987287
8841348
8791698
8958564
8876273
8718283
8748218
8985924
8786308
8879318
8976196
9076020
8976116
9023253
8934349
9114260
9006713
9043350
8999359
8963513
8973030
8971939
8991224
9290644
8843292
9012383
8957482
9006983
9207121
8980003
8920073
8998798
8877314
9195420
9294100
9180041
9208383
9144857
9261891
8925593
9009267
9232497
9180983
9408982
9286606
9203304
9087371
9293479
9018073
9201350
9160555
9219724
9128677
9050032
9133465
9156317
9135108
9196301
9310741
9209546
9121523
9247254
9285886
9402629
9262813
9281367
9173839
9395928
9381952
9231155
9275246
9241865
9190801
9359190
9338662
9400486
9479211
9388194
9379167
9246494
9316873
9290685
9430010
9470454
9236795
9367425
9315660
9416074
9482447
9449686
9703773
9372204
9259507
9351676
9525546
9374990
9373788
9359651
9380800
9492686
9423839
9459825
9418039
9436303
9724903
9464816
9418691
9523984
9674671
9789011
9428629
9586890
9586579
9563977
9650186
9607287
9442203
9469433
9521158
9554860
9528623
9576059
9656387
9492145
9749969
9640698
9700869
9676674
9509216
9740852
9689639
9908661
9543299
9760900
9567514
9768864
9845955
9838261
9617956
9594683
9766820
9882352
9801865
9810882
9782659
9637171
9609000
9553007
9857868
9980162
9818736
9720184
9810701
9837129
9861834
9866914
9774294
9959394
9841447
9849362
9815199
9960927
9909423
9946721
9731575
9862926
9871903
9787258
10000399
9959414
9931352
9915964
9868768
9982256
10046854
9920944
10033050
10006310
10286245
9900165
10050121
9959684
9898742
9959374
10288759
10058206
10243806
10358738
9937624
10124598
10009085
10165633
9767652
10272720
10082420
10135437
10179488
10050170
10121482
10036186
10191851
10293328
10153311
10053358
10165884
10038611
10266389
10251892
10138183
10183537
10013374
9957031
10213722
10107006
10024524
10210456
10163309
10327812
10311592
10273191
10314287
10245541
10421764
10312534
10282699
10244279
10226115
10199315
10333603
10271098
10226255
10366574
10446109
10408701
10412828
10376571
10635086
10149544
10383915
10205968
10490040
10422406
10338642
10327612
10557003
10433416
10510317
10441420
10468170
10554108
10267782
10462680
10575777
10345755
10135088
10506531
10502002
10527239
10470404
10508635
10530224
10415072
10779302
10527379
10523822
10498786
10362897
10776927
10793588
10530665
10362546
10592048
10708170
10523812
10815829
10348320
10736473
10701960
10465525
10489599
10703562
10738627
10336719
10583963
10683456
10595053
10722277
10546303
10534982
10703002
10687252
10699565
10755188
10681653
10905654
11092557
10630859
10818243
10944226
10794270
10958712
10876842
10614911
10823093
10980022
10757182
10804008
10874328
10847207
10765537
11060139
11115861
10858238
10886890
11258182
10645116
10809898
10998436
10865161
11037176
10711888
10929980
10825768
10935650
10799239
10977536
10674620
11180961
11114529
11195838
10909932
11178897
11032638
11022460
10958693
11160874
10960376
10954986
11004065
11008725
11292086
11325336
11247604
10968730
10841166
11186131
11371411
11146908
10971836
11048858
11102817
11068604
11043549
11105733
11211367
11211066
11392810
11267080
11173988
11175351
11634645
11207971
11337819
11329995
11263963
11208412
11177244
11195718
11389224
11349481
11252282
11138393
11496982
11251911
11014936
11306792
11141438
11422144
11450356
11415933
11406115
11593309
11114229
11262922
11356414
11571629
11420831
11561441
11374517
11352517
11741492
11657377
11475834
11570557
11440659
11654302
11295382
11555680
11557514
11497774
11779602
11539401
11376021
11441701
11491211
11546143
11429679
11381901
11460766
11595524
11608258
11660904
11818354
12101724
11805489
11475583
11678787
11810208
11691580
11920651
11521338
11520806
11378435
11598749
11642801
11857675
11786565
11557243
11799678
11467669
11863877
11822461
11763101
11862024
11498846
11536155
11855903
11782608
11977947
11857525
11779943
11537717
11778150
11822191
11488176
11853658
11619548
11907197
11700487
12010126
11813684
11974350
11727386
12033488
12170491
12126740
11998925
11855101
11838740
12013462
11611312
11849801
11922375
11996380
12032076
12240610
11783479
12043347
11738316
12085134
11866121
12019473
11707801
11964613
11985050
11779674
12118276
11861935
11837269
12160293
12096796
12024113
12115700
11915253
12059618
11933727
12062904
12223789
12459643
12189376
12090475
13125417
14237631
13239867
13106763
12711826
12225192
12532257
12759294
12357405
12718209
13052192
12492443
12228498
12540081
12309266
12475633
12360671
12601694
12151908
12300190
12333511
12171183
12227667
12240630
12189726
12387020
12134906
11979801
12350893
12348358
12434186
12238476
12207300
12550740
12245940
12145405
12410112
12286475
12189537
12296563
12547775
12472757
12360491
12453221
12619317
12675840
12503183
12368836
12416424
12301001
12354049
12513792
12337558
12401416
12640666
12545281
12482095
12405724
12532357
12587398
12534330
12300211
12743165
12634014
12367114
12838230
12630598
12780424
12485040
12607947
12958061
12655414
12527057
12711086
12722567
12373575
12667396
12641429
12751340
12927334
12778440
12798817
12634456
12600072
12997413
12480522
12665102
12761870
12507131
12516128
12620850
12696309
12516378
12571710
12739308
12807784
12921313
12622854
12689536
12826148
13017609
12818353
12972587
12783089
12894343
12712740
12819586
12839583
12858587
12820728
12840674
12886919
12810409
13060338
12815017
13023149
13146276
12847988
13094291
12890336
12946920
12764364
13159961
13043567
13019793
13112684
13115780
13229018
13087008
13105141
12990490
12918708
13047374
13208591
13303465
13393911
13114298
12879335
12939336
12997985
13329404
13356102
13100473
13398791
13238908
13299679
13235101
13348038
13168929
13241282
12961478
13086618
13242123
13413669
13236082
13232927
13265887
13388212
13314436
13149984
13281145
13419089
13522339
13268772
13288759
13335244
13443704
13515596
13353268
13322340
13424459
13298888
13470513
13252762
13499055
13456207
13462879
13365370
13390396
13495990
13378634
13373565
13370800
13428827
13090344
13308826
13427464
13500599
13317563
13539300
13514464
13491853
13643952
13652978
13582038
13409761
13535122
13738566
13474892
13596916
13702549
13473859
13788578
13342668
13588981
13636157
13707639
13666093
13655243
13501199
13666994
13626250
13506340
13894323
13642109
13846516
13679418
13431462
13777198
13734800
13589903
13925782
13641498
13823183
13899553
13753555
13976164
13879156
13969873
13900715
13733318
13980041
13599131
13767520
14176322
13840134
13896187
13692302
13917366
14001661
13983738
13872654
14048076
13523242
13695598
14140897
13665673
13978979
13894203
13741532
14013101
14258773
14125248
14092769
13901386
14117964
13966065
13952781
14174478
13879836
13932243
14290672
13862565
14299869
14180850
13961567
14199785
13737706
14078062
14198363
14118977
14256139
14104109
14303636
14323402
14114238
13921283
14121892
14016488
14125588
14278810
14220634
14305219
14232225
14323353
14220153
14128785
14296604
14106835
14298919
14194236
14335706
14148101
14192342
14502062
14057314
14193194
14184798
14133214
14245681
14368045
14113898
14456117
14299229
14147149
14376711
14539210
14714042
14315910
14500168
14661435
14512341
14471175
14483848
14363327
14474311
14741431
14628214
14807944
14516658
14373004
14559798
14631740
14575738
14448844
14590765
14568143
14614208
14587118
14399383
14634645
14536846
14692612
14573995
14726344
14730833
14681622
14682344
14752201
14658029
14275736
14647981
14726054
14441421
14574735
14609739
14730441
14630408
14921363
14796593
14536886
14807804
14851495
14495621
14790073
14886720
14730072
14651497
14953393
14513524
14885127
14555962
14686903
14737896
14616744
14926553
14788941
15088441
14906887
15050592
15046744
14843370
14650035
14971336
14933776
14826630
15208481
15047686
15031707
14789872
15099882
14907398
14892921
14869208
14852878
14814538
15013674
14834023
15237365
15001842
15133825
15173557
15081147
15036566
15211397
15228188
14989840
15141528
15023432
15182904
14877494
15057133
15263883
15354300
15207941
15162989
15290502
15069456
15094673
14922045
15175270
15149924
15134506
15208592
15147119
15420071
15165864
15328622
15380539
15502704
15146319
15213653
15237215
15397571
15095936
15428808
15348119
15442794
15288149
15452772
15312253
15548268
15021489
15472208
15575909
15370681
15536716
15592499
15287128
15487375
15597869
15821030
15560280
15463702
15521719
15314137
15270517
15434037
15543659
15670672
15580467
15546164
15634536
15502243
15267702
15317844
15513704
15753054
15627032
15694607
15417026
15691872
15823274
15545292
15889064
15755458
15787808
15607096
15806553
15682154
15880558
15823163
15594672
15620099
15629477
15711087
15709263
15846416
15853669
15865160
16121862
15800482
15465756
15958653
15845325
15967901
15332642
15856145
15978050
15778171
15379718
16105012
15939729
15798098
16012533
15736545
15884677
15892471
16118057
15984551
15980915
16106546
15976827
16129627
16157409
15939989
15922076
15942684
15829126
15730654
16214564
15811944
15910635
16117425
15987326
16123586
16029724
16124969
16092359
15852799
16308367
16030385
16188456
15972088
15802065
16204506
16281717
16020036
16162959
16208973
16255980
16009938
15828194
16514014
16205597
16635508
16088563
16211308
16334845
16165894
16431813
16273352
15765288
16166716
16263635
16037379
16638384
16696712
17432985
16259668
16551725
16124560
16388816
16435872
16345005
16338503
16229663
16379698
16289904
16481817
16332351
16564729
16598632
16760299
16714014
16591709
16523303
16561944
16608519
16360083
16502634
16294452
16856345
16305161
16541206
16532490
16728931
16520718
16721407
16774825
16528453
16938897
16823184
16483118
16463513
16830648
16349734
16661087
16619620
16771809
16625381
16868417
16722069
16653622
16728220
16676494
16746604
16466078
16769947
16990532
16661257
16793319
16813156
16819096
16642914
16892032
16952874
