200
1553
2054
2815
4268
5250
6061
6863
8456
9949
10751
12013
12634
13726
14517
15399
17342
32300
20428
21720
22692
23945
22011
11612
12033
12443
12824
13205
13686
14016
14397
14868
15939
16791
17412
18304
18935
19456
20127
20708
21210
21821
22321
22792
23454
23915
24436
24877
25357
25738
26219
26670
27090
27502
27862
28323
28734
29165
43411
30116
30407
30898
31319
31729
32872
36358
34755
35687
36368
37130
37780
38633
39363
40005
40606
41177
41969
42500
43120
43661
44323
44904
48801
46126
46687
47208
47719
48220
48681
49293
49853
50304
50875
51467
51957
52428
52969
53459
54031
54422
67497
55393
55664
56125
56496
57087
57337
57928
58299
58810
59120
59532
60042
60663
61085
61334
71403
62356
62777
63198
63558
64120
64381
64932
65413
65854
66294
66484
68087
69239
80411
71133
72145
73037
73858
74770
75361
76173
76994
77786
78557
79067
82835
80661
81412
82304
82814
83657
84127
84869
85459
86301
86953
100948
88335
88946
89598
90109
90640
91411
92002
92613
93274
104946
94687
95318
95709
96220
96731
105277
97973
98494
98975
107701
100257
100418
101179
101680
102242
102662
103494
103854
123682
127097
111619
106149
106579
107240
107722
108382
117740
117380
110266
110597
111007
111418
111990
112470
138769
229359
227465
227906
234458
229579
179887
115456
116077
116357
116798
121727
117741
118401
118732
119132
119633
120064
120546
123321
121527
121918
122148
170358
123111
123481
127769
124513
125435
125715
126126
126537
126777
129802
127829
128099
128760
129322
129582
130013
130564
133860
131425
132047
132188
132979
133419
133910
137026
134642
135223
138779
135654
136235
140613
137226
137647
137818
139801
144660
143037
147175
182080
145692
147045
146414
153737
156983
149930
150993
151833
152805
153457
157886
155741
156262
156693
157785
158757
162584
160199
160811
161482
162474
163055
167083
164537
165419
165870
166872
168014
172552
169216
170038
169718
674151
172562
172733
173495
178304
174867
175538
176009
176760
181529
178434
178734
179505
180117
180868
185718
185076
182751
183443
184134
186348
185477
185918
186930
187390
191929
221294
189835
190606
194003
195977
191929
191608
193031
197128
194284
194754
195155
195646
199813
205494
198031
198471
198852
203280
200565
201075
201547
202298
205875
203239
203871
204232
386974
205334
205804
206597
210855
207348
207698
209101
208891
212948
210744
210864
211786
215673
212588
213529
215292
218198
214871
215273
216074
217035
220632
218128
259415
222606
224279
218699
221013
221193
224710
222576
222716
222997
227776
224540
225311
225842
226323
228257
227135
227745
227625
232785
229218
229740
229989
280504
231102
232024
231923
235871
233106
234138
234098
238005
235651
235770
236202
239929
237194
240179
237804
243625
239097
239307
239979
243135
241061
278701
243235
242664
242683
243004
246832
244087
244297
245148
248285
245839
246401
246581
251130
248074
248324
247572
252602
250398
250408
251079
296735
251971
252492
257131
253083
253774
253814
257822
254536
255147
256269
259845
260136
257451
261329
258724
259024
258614
262230
260467
296384
265647
260967
262360
262701
266488
263833
264294
264695
269363
265226
265997
269213
266849
266719
267470
270616
269173
269885
273271
499424
268011
275285
271658
271988
277709
272850
273361
273812
278260
275575
275385
280665
276227
279833
277078
281636
278431
282468
322503
280244
280404
284793
280714
281316
281827
284261
282788
283130
287367
284392
284672
288799
285333
286306
286516
293098
346538
288609
295823
293419
309429
304970
297356
297887
303347
298838
301524
310170
304259
304219
308567
306262
307705
311903
389187
312945
314598
311893
313176
317183
314598
315569
318115
317203
318004
322663
319908
320679
327633
375151
323024
327703
324527
323666
328725
326991
328113
331139
329707
334285
331710
332181
336730
333513
334606
393716
339895
336599
364130
339044
344193
341068
339254
345536
341408
343022
345326
344364
343542
348201
905212
348100
348411
353210
350055
352569
351416
351738
357148
353781
353891
358500
355976
359752
357207
426557
363430
359432
360184
364632
361445
365333
364973
369040
366084
364662
369661
366274
670103
367868
368579
372176
370232
373158
371374
372116
378658
373318
377635
375241
375462
378908
425485
388205
381563
378658
380952
380121
384669
381173
381163
386382
383466
386572
384649
431647
395459
386993
390760
388326
392483
389448
390510
394418
394618
395680
393175
392053
394498
428922
402433
395580
400058
397393
398465
402172
399707
406600
400418
401019
402061
401891
451253
403404
408093
404596
408945
405287
406029
420035
410898
410477
408954
412341
410127
452266
425275
411789
414365
413372
416008
414175
414895
415447
416288
420446
417310
465160
418673
421969
419885
423722
420175
420957
427960
425545
426838
423421
428802
425746
458938
430074
426227
429924
427519
431136
428972
431597
430655
433059
466061
436145
521625
436826
433360
434011
434863
435304
438991
439221
438099
437628
440483
438580
448458
440854
443669
441506
445543
442667
442287
442727
443659
447446
442558
449200
490977
451725
445373
451935
447026
452546
449931
453237
454580
455301
452285
507829
465310
458948
455231
458587
455782
456583
457235
457415
462395
459169
463646
504313
464047
460641
466211
462545
465650
463496
467824
464148
468135
465781
532446
467334
471402
467835
482683
469257
475950
469106
476932
470759
474217
516966
477072
473105
474437
473775
475800
475138
481550
479316
480618
477733
526865
483224
487130
479075
482462
480668
476971
481891
482592
486680
480588
563664
484005
488172
483153
488724
486039
493322
487231
490327
487692
490497
489124
501087
489715
495496
490647
495426
491839
495887
492120
495106
541182
495967
497290
495577
508080
496709
499825
497280
501107
497730
502419
529089
512809
496769
508240
497419
505165
502730
503071
507228
503902
723773
573011
561038
531704
547253
524590
513240
685712
671977
511025
521365
509823
513290
519161
518689
511186
515884
520403
513039
521795
513239
517618
514953
522076
614118
551091
570687
517457
519491
519251
540411
520253
524350
524370
521345
525513
523098
526314
523428
527787
521565
527766
520694
528287
645356
551851
546722
526774
531053
532154
537906
534379
529279
533277
529911
533908
529670
535591
535671
532776
536363
533227
538126
533768
647219
585835
534799
549137
537936
563864
542384
539128
540600
539939
543857
538637
545159
544247
541773
546211
543506
547093
544568
547293
644735
583420
550900
546572
549508
560568
548234
552383
545560
552954
550950
550950
555348
551651
552402
551041
556851
564545
554907
654283
586947
560819
560527
568704
562462
558033
557312
562571
559175
564525
560077
563944
564465
561419
565317
563133
566489
660936
604700
568773
565888
572290
580876
567621
570927
568483
571939
572100
568974
569955
570206
574434
575375
571448
572440
665184
613947
578000
573402
577830
589041
576007
586837
576387
580154
581136
577910
587097
584302
578792
583300
580054
583290
677006
623516
587589
587318
583291
597267
584152
616713
625169
596295
589242
592097
584693
661416
941139
619017
652419
664833
594662
589572
594121
873072
921383
592758
597207
608407
597597
600702
597417
659112
602086
600242
602076
606324
607145
616041
611674
624137
675683
616112
609429
613036
619689
614378
621221
622634
1239558
621632
621712
625229
619759
638143
630409
681043
634225
634216
633644
629667
633344
676144
634716
638904
687005
636289
642040
642281
636379
647120
653892
643222
693467
646349
645987
650797
649915
647250
649254
652920
718723
652230
656207
657349
654614
661647
660725
657749
705188
661126
662168
661507
664542
665043
662238
668059
712773
665433
666456
670423
671716
672747
669883
674741
715367
679300
673940
673820
673409
675974
678930
677166
827246
683218
681895
681303
686173
684710
687946
722540
689138
687806
686773
687355
692695
692454
689719
881067
690711
696713
692775
700359
692204
699458
735464
696963
700119
702233
699568
704336
703515
705269
750062
708094
708585
713714
715478
711280
709797
749821
710509
713865
713594
714415
712081
716349
760521
718513
715708
718613
724444
719475
717922
721799
761003
728311
721529
720517
724424
726788
726227
768817
730095
728923
731247
728341
736206
733882
777203
745694
732178
735775
736397
748089
735164
762605
740064
741997
741185
739352
742748
742007
744662
767053
745122
746435
747047
748049
745233
749671
772114
746716
744943
748679
760461
753498
753027
777784
752346
756835
754641
757396
754671
759419
774818
782483
760982
759079
765381
764088
765541
793523
755692
762535
765681
766463
768596
771803
819261
769789
771913
771732
775680
769869
791660
783134
773887
776712
773676
775029
778836
797290
780078
780919
777724
789746
782202
785628
811457
790558
783154
787372
783385
788855
789345
802380
787242
790909
792080
797401
792361
794676
794274
800246
792782
796268
795938
793263
906655
799625
797791
802831
800196
800998
798472
824562
797731
801228
805045
805205
804033
816055
804955
808511
809844
810244
810265
807720
840752
812839
812118
812389
811938
814743
827917
811107
815946
819232
817318
813340
818109
840081
819332
820193
822076
822517
821976
840401
821706
820844
844148
828008
828088
834280
854477
830913
826786
826284
831445
831524
847204
836283
836494
834239
841643
831384
845000
866290
837466
837436
837135
839669
859036
837365
841484
839990
851151
843847
842936
881278
867331
860419
841553
849117
852664
912736
849939
850059
849008
872350
851511
866901
874795
849659
856070
859807
852092
871750
858685
859587
864296
861992
863754
855058
889603
870317
859697
860388
862272
877090
866620
864947
864536
868574
861901
865067
940488
870607
872882
884243
978259
928686
882219
912586
955486
881287
1062836
921253
883853
886197
875326
873703
876078
878843
879745
928075
882470
885095
880195
885786
885505
881388
881668
898880
888280
912306
878663
893200
926372
931120
902487
974783
1025617
892849
940328
904450
936270
961287
968090
894743
900373
901264
945177
991093
944706
922193
960205
938274
961698
942612
924769
914129
957320
932443
1007614
1060392
966667
929207
964363
954495
968741
1009326
956208
918557
976706
975344
921072
941520
982236
915762
935889
915271
933075
912175
917835
928796
964463
955536
988518
930429
1000681
955275
919829
918086
919780
921653
926161
948203
930300
919128
943594
924709
964413
963111
935739
946309
930970
934327
929637
1011251
975544
949565
932643
939817
1031448
963111
932814
942021
935299
935619
979250
994329
1004017
969693
979802
983679
1039012
973430
997905
974101
959534
993246
950777
967639
950347
962830
979140
955847
959113
1008335
957610
1040976
988537
1002604
1001783
951047
964103
951659
952270
957580
959674
959493
975493
965915
989169
963151
978850
972568
961798
967238
962369
983959
959223
989750
970293
968661
961858
983538
986675
974061
971446
983698
968440
974382
1005289
990321
975353
975463
975493
999999
975684
979011
991193
977938
971867
1012443
1008646
981334
983628
983559
1001742
981364
996203
985252
987967
988678
1005089
1005951
988097
987126
987546
1076622
1006512
1002283
991664
977557
1036207
993808
989399
988588
996032
1013755
993557
995952
995932
997855
998847
1032250
995100
993978
998697
1027992
1090258
994529
1005500
1001532
1002905
1032540
1006431
1003976
1004978
1006582
1055373
1015729
1008245
1000460
1001882
1000781
1032370
1003215
1001973
1007393
1011200
1036337
1012833
1013024
1024355
1007404
1053128
1008495
1008775
1008695
1009647
1025787
1012713
1010248
1011401
1018504
1037910
1019255
1018654
1014396
1011581
1016029
1033371
1015949
1023974
1017783
1018754
1073547
1018995
1019095
1021960
1020598
1039273
1021950
1022361
1029054
1018484
1050203
1033452
1026859
1024315
1029855
1044031
1026038
1026008
1049421
1029435
1030977
1061615
1027792
1029465
1029665
1029234
1033572
1027381
1029675
1029153
1032490
1083575
1029074
1033191
1034684
1036908
1068988
1038501
1039884
1042258
1039363
1074068
1036618
1042729
1044422
1043851
1067816
1044112
1057967
1050774
1048330
1083315
1050985
1049212
1049082
1048129
1070051
1047739
1061945
1058348
1049011
1087824
1052277
1048960
1054000
1054852
1073297
1060472
1057176
1060843
1064380
1129521
1063268
1055603
1064741
1063168
1072575
1066334
1070220
1068637
1063227
1116137
1066764
1069359
1060372
1072485
1091039
1073216
1068718
1106718
1070171
1124603
1064160
1068538
1070882
1068497
1094746
1071523
1075470
1078246
1072986
1127297
1077605
1079888
1077224
1084287
1083065
1071083
1081552
1083976
1102180
1100286
1080580
1104434
1082274
1139219
1085440
1093343
1081242
1082824
1143628
1094075
1080089
1088946
1085339
1105426
1089567
1111798
1089928
1088725
1147365
1095928
1089687
1097902
1083185
1104384
1084197
1097601
1082193
1099325
1132046
1086981
1089086
1086140
1107199
1092502
1091299
1113572
1100207
1145821
1108402
1102110
1097441
1102390
1118671
1104565
1117980
1106779
1109133
1149829
1098133
1098413
1104244
1116988
1095708
1116477
1103172
1102190
1149629
1116928
1103413
1104054
1103703
1124742
1104926
1105987
1118200
1130383
1173343
1116056
1117619
1118961
1141664
1115815
1121296
1126767
1112961
1155971
1126757
1121567
1117058
1122628
1143438
1123981
1124743
1130633
1126556
1172301
1127408
1129692
1121356
1147866
1131906
1126937
1134010
1123971
1161110
1132276
1127458
1147395
1147636
1136475
1123430
1126435
1127457
1132087
1171169
1129421
1143919
1130563
1161651
1132047
1128520
1132898
1131926
1165769
1142355
1133219
1146483
1159768
1139249
1132086
1135152
1137256
1170728
1151974
1139830
1145582
1162613
1141414
1142966
1141133
1141885
1175116
1150651
1149208
1158746
1148727
1165730
1144289
1146623
1146854
1146653
1183282
1153587
1157815
1149979
1182691
1149618
1151904
1150851
1150230
1200284
1152714
1165438
1159037
1175448
1153557
1158005
1155700
1156211
1215101
1157293
1169396
1156282
1183672
1157354
1162774
1162313
1160540
1186398
1168475
1162242
1168154
1188542
1161983
1167473
1163545
1164307
1197879
1176800
1165880
1179715
1188151
1171891
1173944
1170769
1169256
1216113
1188141
1170117
1170147
1195374
1176379
1174706
1173213
1172742
1205684
1183903
1180577
1193871
1205113
1175978
1177531
1177471
1182581
1212016
1177711
1178092
1193622
1201556
1183953
1180968
1182009
1181138
1213929
1184304
1200203
1184755
1208148
1184524
1186158
1211775
1189684
1219850
1199662
1186608
1189013
1217696
1191948
1190756
1191407
1190886
1246450
1192048
1207137
1192540
1218618
1193832
1195294
1195925
1209902
1209270
1196497
1215543
1200384
1205874
1196627
1203911
1225972
1243404
1209141
1209921
1200755
1219519
1203771
1209721
1203931
1205854
1243665
1204993
1207056
1208319
1231001
1206826
1208760
1212837
1206295
1241972
1215553
1213980
1210112
1235039
1211465
1206866
1218447
1240729
1228888
1221564
1218357
1245047
1240259
1217315
1221634
1221022
1261679
1227014
1226833
1228517
1235950
1219851
1229819
1220592
1229849
1271537
1221864
1228366
1228496
1246280
1223838
1224309
1227795
1294169
1264764
1255787
1238215
1253684
1242162
1249085
1242101
1260176
1280514
1243905
1253794
1252812
1293608
1249586
1258342
1249997
1295351
1266107
1257791
1262650
1284601
1260706
1260927
1265355
1302314
1273470
1283329
1273992
1289029
1271727
1272829
1267780
1274483
1323685
1275755
1283479
1275906
1296814
1283810
1281135
1279191
1337931
1282558
1297615
1299379
1302655
1288689
1286074
1286575
1338562
1301002
1303717
1295863
1311181
1302404
1294009
1350975
1379349
1310240
1309488
1306893
1319948
1309859
1305821
1305180
1355474
1320038
1317233
1315179
1382655
1317873
1315980
1313615
1360564
1330477
1318915
1324646
1342380
1321471
1323845
1325728
1355534
1333463
1327371
1340065
1352679
1329154
1330928
1325187
1358269
1345776
1345205
1342610
1356305
1336989
1347579
1339834
1369720
1351025
1342299
1347719
1366184
1339064
1343020
1345034
1380711
1342569
1361785
1350645
1368799
1352077
1352539
1357938
1386972
1353571
1363940
1369009
1352298
1356796
1363118
1357438
1403543
1369640
1366996
1384028
1357728
1364761
1365482
1403704
1374309
1387234
1369390
1415877
1372125
1369079
1376693
1400388
1382344
1383335
1385540
1387684
1372395
1371524
1378797
1415105
1379379
1394817
1396721
1379609
1409425
1394086
1379669
1430865
1383145
1385220
1406399
1403464
1392724
1383476
1433349
1393425
1398615
1389247
1417470
1408904
1405678
1403173
1430935
1402783
1404565
1418382
1401189
1419403
1405106
1456012
1406539
1408924
1406750
1491528
1416718
1410877
1419544
1429913
1418552
1424293
1433730
1438900
1415035
1429082
1453908
1430995
1417981
1435122
1430814
1431336
1429231
1478805
1426266
1428520
1430714
1450691
1442677
1430825
1435544
1476590
1431115
1459558
1454569
1453116
1437367
1434883
1488232
1444801
1446915
1438980
1458737
1455381
1453938
1487561
1458587
1439471
1455942
1465630
1493111
1453017
1467754
1502809
1452145
1454609
1472633
1466361
1462434
1465529
1508570
1463396
1462053
1487010
1468755
1471811
1459057
1503280
1471030
1466241
1480708
1464708
1485337
1472582
1517466
1484545
1467984
1470999
1490506
1485407
1471180
1503540
1480948
1478012
1470429
1505435
1486879
1482061
1489875
1492019
1485316
1480999
1674921
1485246
1489184
1489955
1518298
1492771
1484685
1512477
1493301
1484555
1481129
1525943
1490216
1491628
1519200
1502538
1500646
1521495
1529779
1505714
1500034
1595763
1509111
1503270
1498461
1608627
1494894
1501196
1526053
1507067
1503240
1502308
1542403
1498782
1512287
1526233
1517868
1510864
1512848
1557892
1517757
1513208
1649203
1521084
1523328
1517146
1555949
1516926
1520642
1538946
1518339
1518959
1528608
1557462
1520633
1529700
1547202
1526624
1530210
1534408
1558242
1531403
1528848
1554216
1535661
1535450
1538997
1575185
1539838
1542223
1626640
1546781
1536873
1571278
1546080
1540048
1544407
1591504
1543515
1533938
1575245
1544487
1543876
1568742
1564023
1547753
1550098
1586986
1552893
1547883
1569083
1556830
1546251
1556720
1581586
1551771
1555607
1570115
1559335
1549506
1555027
1587978
1554145
1577790
1576527
1554075
1558523
1565026
1587067
1563082
1566037
1576667
1560107
1565316
1558583
1564575
1563693
1567110
1595062
1568331
1564264
1567921
1565957
1570746
1575545
1569524
1571127
1570506
1576748
1580594
1569674
1578351
1584872
1578150
1572509
1584141
1579402
1586015
1591044
1582418
1580514
1585825
1597717
1586976
1587487
1609198
1592777
1589241
1590142
1617864
1589051
1622333
1588079
1597085
1587518
1592417
1599541
1595944
1601875
1595202
1595803
1599089
1602796
1599891
1608747
1602105
1603257
1596645
1604930
1603648
1602927
1680131
1605521
1604189
1606773
1608657
1604760
1606473
1620278
1610130
1615941
1611983
1614869
1616281
1622874
1618235
1611702
1620390
1617052
1611803
1617593
1642550
1614758
1618986
1627282
1614718
1619247
1624657
1645045
1624987
1627773
1631039
1627623
1705117
1652659
1616962
1631910
1639665
1637631
1634596
1643212
1643282
1644063
1671995
1635718
1656427
1639394
1703394
1643122
1642470
1641949
1634967
1643612
1679199
1643672
1644334
1646548
1644594
1646578
1643682
1645095
1647870
1651397
1651578
1650595
1655424
1658720
1647670
1651116
1655885
1655054
1654793
1643382
1660444
1658541
1653751
1659342
1662678
1662789
1670352
1665644
1665083
1657879
1657970
1660063
1698815
1672165
1666085
1671204
1664822
1661526
1661586
1683978
1665413
1666606
1675582
1674400
1674320
1726287
1667697
1679649
1673989
1672155
1678748
1676555
1688336
1688817
1677526
1682725
1680401
1674380
1687014
1682996
1685540
1679580
1681072
1688106
1761623
1689368
1688546
1690410
1690770
1692994
1687374
1712852
1686462
1694618
1695850
1689959
1698515
1694698
1697544
1688697
1692003
1695920
1699326
1702443
1696220
1700619
1703595
1696872
1700088
1736577
1703635
1699847
1704276
1700549
1705548
1714525
1717490
1704998
1711649
1709415
1709445
1703304
1710056
1703955
1712942
1711049
1710137
1711960
1788814
1717711
1715898
1716689
1734231
1716779
1775499
1716759
1714555
1720116
1719905
1720767
1731737
1718312
1721408
1720176
1724353
1726838
1722620
1724353
1720757
1734603
1730364
1726658
1740754
1808220
1725736
1737077
1723031
1732589
1733480
1769157
1820133
1734613
1738099
1735184
1737688
1745152
1766031
1738360
1738059
1741906
1750282
1752005
1757285
1743950
1743008
1740693
1749771
1754740
1748188
1750532
1745974
1747677
1749620
1760160
1752256
1753428
1747237
1750732
1750021
1764389
1758938
1756033
1755211
1754931
1749951
1819912
1761683
1755581
1761052
1759590
1763627
1767163
1764539
1759830
1764218
1754250
1763406
1769067
1767615
1768696
1769107
1766812
1767945
1774447
1772553
1770209
1775208
1773375
1770078
1770079
1799384
1785658
1772213
1778354
1778455
1787722
1775319
1778284
1781380
1791258
1777993
1791859
1779677
1775890
1791579
1786139
1782302
1812708
1788203
1790296
1776952
1785237
1795406
1851802
1791178
1778755
1793192
1792009
1787883
1796990
1798301
1793592
1795917
1791519
1797520
1804653
1788634
1796689
1799203
1796258
1799574
1849518
1814693
1793121
1801508
1792160
1799583
1856381
1826104
1805576
1800005
1805726
1814712
1831253
1803832
1805845
1807299
1801988
1803161
1816336
1813510
1810274
1812528
1810705
1807729
1968009
1850158
1811697
1812408
1813119
1834189
1815364
1819100
1838687
1819962
1819200
1825141
1838456
1820142
1824261
1821024
1820723
1828749
1827406
1825413
1820062
1824701
1819782
1836833
1826434
1820503
1830783
1830773
1830511
1845540
1834179
1826896
1829880
1857312
1844037
1844899
1838617
1838757
1836704
1855318
1900112
1842254
1843927
1843115
1849087
1845320
1857702
1833117
1839498
1862111
1852443
1850639
1857953
1852002
1850990
1844979
1852223
1851210
1859466
1854056
1854747
1845309
1849467
1898098
1856260
1877029
1851922
1854677
1855438
1896415
1860769
1854937
1860057
1860869
1858895
1862482
1861559
1866168
1863794
1861440
1860698
1856570
1858214
1864075
1869595
1862041
1941269
1870056
1869885
1886566
1866039
1871278
1888260
1871959
1866429
1872691
1870627
1873422
1885265
1875045
1877530
1871850
1868512
1892858
1873603
1880475
1882499
1879574
1877289
1881156
1883270
1887007
1881177
1878832
1885635
1893459
1883080
1886697
1883291
1890884
1900122
1889592
1889452
1891215
1884343
1891105
1966987
1894291
1896906
1896726
1894932
1902877
1895464
1896816
1894512
1915370
1899701
1905432
1892678
1902095
1899621
1895994
1897326
1902617
1901334
1893570
1899802
1902426
2235038
1906785
1900723
1902065
1910181
1908348
1927574
1908958
1912715
1910461
1912816
1929987
1915691
1918767
1917876
1921922
1914889
2241931
1917895
1917915
1918877
1922174
2186347
1912676
1924036
1921191
1922243
1919388
1939636
1928595
1931982
1921142
1926561
1937531
1924868
1921863
1924628
1918386
1915771
1945857
1929106
1934787
1932723
1932903
2090307
1937422
1934487
1950596
1942992
1935799
1949374
1935408
1938915
1937903
1940688
1955556
1943684
1940067
1943082
1944986
1935769
1960675
1942251
1948502
1942541
1947982
2002033
1943152
1937171
1949635
1947942
1952179
1953472
1952690
1948983
1953792
1954283
2286535
1954864
1952870
1949705
1956949
2231050
1959062
1955375
1951999
1961847
1960495
1979470
1958321
1962348
1951989
1962048
1974461
1962819
1964252
1966226
1965875
1977156
1963641
1960415
1959874
1970273
1972266
1987165
2061153
1970223
1972408
1973970
2023202
1990291
1970734
1975863
1972878
1968860
1990070
1977817
1978999
1978098
1981464
1994859
1980482
1980021
1979080
1977416
2034623
1983237
1989038
1984029
1983749
1986434
2000580
1987685
1990611
1989289
1983618
2318635
1989890
1988127
1993106
1999167
2126595
1994489
1988838
1991863
1988717
1992915
2004788
1992354
1994037
1996673
1997204
2018393
1995631
1991022
1999597
2001602
2341677
2000640
1995079
2003536
1990812
2013183
2001973
2001351
2005038
2005749
2004927
2016619
2004888
2007403
2010849
2009516
2019125
2005258
2010619
2012522
2013354
2344632
2014736
2015298
2013314
2014926
2071442
2017712
2015377
2010919
2021369
2020978
2039221
2009226
2019956
2023423
2022110
2034223
2023041
2024013
2025777
2025106
2295711
2019966
2022521
2026769
2028752
2045904
2026829
2024805
2024775
2029724
2029183
2050152
2032319
2032730
2033090
2035245
2049341
2032249
2027831
2031237
2034663
2198059
2035916
2036156
2038100
2032529
2057035
2031297
2040334
2040595
2043600
2056705
2030595
2041496
2030876
2048910
2041917
2058168
2044312
2044592
2039823
2048449
2103663
2051905
2044292
2053098
2043581
2063367
2050413
2053278
2048520
2053338
2384758
2051785
2056695
2055262
2058758
2314487
2055693
2053679
2058668
2073796
2075660
2060892
2061484
2061944
2061644
2072224
2060221
2064039
2062847
2055984
2070911
2082173
2076842
2064399
2067735
2065010
2228385
2069809
2066713
2071151
2068296
2083896
2070090
2076672
2073156
2072123
2089947
2073747
2070721
2072795
2074508
2413642
2072174
2079317
2076822
2073206
2095036
2078977
2080219
2086971
2076983
2106809
2083665
2084497
2082744
2085949
2412159
2087072
2086510
2084106
2084877
2350524
2085318
2086481
2089837
2087242
2106107
2090878
2093664
2091449
2090558
2202407
2094806
2090698
2092932
2093664
2613806
2096159
2091911
2092642
2095838
2114613
2096759
2098523
2091720
2100196
2135392
2103742
2193160
2100687
2101389
2173362
2099635
2102630
2105216
2105255
2447986
2097992
2113271
2102921
2109614
2159818
2107489
2111277
2099915
2111137
2131404
2127347
2113380
2112018
2111147
2133628
2115455
2112369
2114683
2115835
2387303
2115645
2118400
2118961
2194793
2178953
2114182
2110695
2118820
2123098
2138367
2121085
2119502
2113661
2123058
2468334
2123890
2125524
2125053
2126034
2142174
2121195
2126846
2127688
2120043
2142596
2128098
2128850
2127698
2129300
2153205
2139830
2125773
2133307
2139389
2148947
2131615
2135341
2134590
2135743
2193510
2135633
2138257
2130873
2139740
2156462
2138568
2139910
2155590
2127727
2480126
2143928
2143487
2143387
2146102
2411688
2145851
2147244
2143857
2147585
2166850
2139569
2146192
2139129
2148446
2175978
2150090
2147114
2139440
2152363
2163073
2153957
2148397
2150530
2153686
2152835
2157103
2158675
2157383
2215722
2162683
2149358
2157022
2158565
2172311
2156842
2167813
2160228
2155679
2496677
2160829
2154768
2162052
2161721
2222745
2163735
2166200
2166821
2166380
2186918
2164937
2168293
2170748
2170617
2191747
2173093
2167441
2171078
2160740
2194623
2162332
2170808
2172141
2179444
2191627
2174745
2175487
2171709
2188180
2199792
2178473
2179173
2175908
2520361
2182339
2184404
2203910
2182520
2347909
2177400
2184654
2182550
2183782
2245247
2180155
2184374
2189884
2186778
2210602
2193681
2180166
2190554
2180617
2208669
2189493
2193580
2198179
2254454
2188271
2196436
2186377
2200353
2208008
2198179
2200012
2198660
2201956
2537634
2195084
2200714
2206615
2205883
2471741
2197067
2205503
2199231
2201215
2228897
2204762
2207707
2202347
2227624
2206414
2208989
2210793
2210171
2553884
2211484
2203660
2206604
2203749
2361624
2210291
2211394
2205032
2218808
2237543
2215191
2212245
2219399
2244897
2357917
2217426
2219790
2213998
2385780
2221312
2223296
2211003
2221963
2276175
2216944
2221543
2230249
2223737
2245367
2221182
2225390
2226452
2248553
2229287
2222465
2222384
2230489
2496116
2227584
2221282
2226272
2221032
2245016
2245898
2224388
2232884
2293227
2292666
2231281
2231131
2234798
2580063
2225260
2236000
2231832
2234707
2401088
2232403
2238204
2237292
2238945
2261678
2244525
2238955
2241580
2267529
2230590
2239215
2249124
2231060
2583249
2239156
2239917
2244235
2246319
2297966
2249846
2242603
2250628
2272879
2248303
2251539
2235659
2248834
2274061
2252481
2242693
2261898
2248974
2520952
2257160
2248252
2246139
2259534
2254965
2260907
2255737
2256478
2270534
2246960
2249976
2251148
2261457
2598637
2266126
2256568
2257250
2267910
2265014
2259594
2262680
2267409
2281154
2263952
2267339
2258983
2269251
2290982
2273781
2272457
2270314
2260666
2334434
2270925
2269122
2272689
2332821
2274312
2269773
2275584
2262800
2293036
2275473
2275885
2271607
2274892
2305770
2270183
2273270
2284510
2539828
2285753
2290251
2275553
2283318
2307573
2288157
2284530
2281254
2311792
2279952
2285412
2282217
2289691
2629726
2291233
2291344
2291684
2287266
2314196
2285382
2296082
2284230
2310830
2284931
2292666
2289129
2297705
2316860
2294339
2290221
2282798
2306372
2305580
2299649
2303406
2302054
2353710
2295872
2302454
2297244
2307013
2308154
2306221
2309377
2302394
2644523
2308546
2308275
2307955
2309617
2578299
2304638
2314176
2310489
2330336
2302284
2305529
2352237
2309728
2329154
2316560
2315648
2313956
2341367
2320047
2318845
2321650
2347728
2340305
2318494
2321169
2323253
2320758
2328903
2319245
2325017
2315118
2333172
2328553
2311501
2318985
2335656
2407080
2343811
2341026
2327361
2357738
2334984
2314507
2326018
2352067
2347098
2330837
2327631
2324576
2340485
2340815
2330116
2339553
2335055
2395228
2336738
2322742
2338993
2341807
2350604
2337640
2336728
2335986
2353891
2334033
2345093
2484204
2347338
2345795
2345074
2345024
2347879
2381683
2348399
2341788
2339193
2352168
2356826
2344733
2347448
2350884
2350094
2350334
2347589
2347308
2352418
2360222
2356996
2355844
2358489
2361233
2359461
2377474
2355633
2354090
2369319
2357988
2357647
2348530
2365091
2363949
2361634
2364109
2359521
2424482
2361745
2373427
2362887
2371263
2365171
2364820
2355223
2355173
2376072
2366754
2362636
2379869
2445201
2357166
2367535
2369600
2366744
2381963
2398263
2365131
2365882
2381962
2373537
2376042
2368978
2373146
2390920
2376322
2406909
2364190
2426746
2371052
2379318
2368147
2382854
2375099
2385299
2387233
2382583
2385860
2379679
2384267
2387513
2382914
2383666
2384588
2388215
2378476
2453827
2386851
2382824
2385269
2394867
2386311
2391720
2383926
2392613
2399175
2394566
2391511
2397311
2487200
2413422
2397662
2401940
2400016
2409895
2394165
2403042
2399325
2402932
2399386
2403223
2403604
2408803
2400598
2398834
2394546
2409975
2430233
2408843
2403674
2403483
2417600
2407650
2406368
2397301
2401509
2410847
2412330
2408723
2415055
2412941
2409915
2412339
2407611
2411117
2412139
2411277
2403984
2413191
2415104
2421076
2420274
2417830
2426226
2417169
2417700
2407280
2423450
2437696
2422458
2426747
2417950
2429722
2414052
2423219
2415705
2450291
2432908
2419353
2425574
2420695
2434211
2427798
2429722
2417909
2497088
2427428
2420084
2421917
2436094
2485035
2418150
2423941
2429672
2454257
2430984
2439921
2427778
2470047
2438528
2437607
2430984
2438138
2499012
2439400
2432597
2434050
2438999
2437146
2446974
2452064
2442415
2444529
2432507
2449689
2447876
2454809
2434090
2471920
2488972
2496317
2445692
2445071
2452495
2453176
2440622
2448397
2451492
2450671
2459077
2454117
2454529
2461080
2527465
2454949
2459247
2443368
2465579
2459718
2456231
2460039
2452024
2472843
2460079
2461542
2452064
2532684
2465810
2462704
2467813
2467873
2451943
2461872
2462804
2470018
2473955
2465289
2470067
2457735
2487350
2468013
2455711
2464277
2466180
2464807
2468044
2476169
2469286
2484544
2467482
2462212
2460129
