150
631
792
1072
1583
1994
2214
2575
3176
3677
3987
4408
4708
5090
5330
5681
6482
6943
7454
7925
8345
8807
9287
9528
9939
10289
10610
10880
11381
11702
11942
12373
13245
13846
14477
14998
15529
16100
16551
26950
17813
17974
18494
18836
19346
19677
20078
20428
20779
21370
21640
22041
22452
22713
23073
23354
23764
24235
24495
24746
25187
25538
25969
26128
27191
30858
28794
29445
30066
30708
31288
31950
32641
32952
38642
34304
34665
35196
35567
36018
36639
37039
37490
37911
38362
38902
39284
39895
40275
40786
41287
41788
42108
42379
42940
43291
43812
51647
44694
45025
45405
45896
46006
46517
46897
47409
47559
48000
48410
48631
48891
49383
49803
50224
50675
50815
55824
51606
51997
52207
52688
53099
53370
53770
54282
54622
54993
55353
56586
57557
58419
58940
59862
66985
61155
61776
79408
91741
96420
95829
96791
97452
96380
103874
100668
98765
99536
104425
106018
99737
101590
103113
108603
100117
103363
106088
105728
106599
107541
108503
108774
103493
77535
77935
78336
78697
79258
79840
80150
80681
81072
81552
87683
82594
83155
83396
83826
84327
84828
85289
86151
86431
86922
93905
87644
88125
88645
89037
89427
89998
90269
90940
91201
97983
92203
92834
93295
93635
93865
94126
94727
95128
95598
103253
96200
96651
97041
97533
97843
98404
98504
98955
102983
99887
99937
100558
100848
101269
101660
102141
102392
102812
107621
103223
103994
104355
104786
104906
105557
105757
112491
106810
106809
107341
107642
108122
108523
108883
109134
113232
110247
110748
110977
111218
111689
111980
112380
117320
113322
113873
113843
114434
114404
114985
115475
123190
117940
122790
120105
120575
121317
121998
123421
131275
125033
125455
126636
126868
127358
128230
131195
129693
130173
131286
131396
131957
133019
136856
134171
134932
134992
135974
136485
137297
140423
138669
139130
139641
140443
141384
141625
146514
142858
143328
143939
144560
145061
149470
146564
147155
147727
148087
148708
149420
150110
150602
150912
151574
152114
152655
157054
153898
154479
154779
155400
155861
159509
182702
157906
158266
158466
164527
160490
160390
160871
161572
161792
169327
163135
163405
163716
164478
164798
172663
165830
166421
166692
167413
172362
168685
169377
169817
169937
170749
177873
171380
171520
172082
172593
181699
173674
173835
174507
175398
175508
179546
176920
176900
177842
177882
181379
179515
179406
180047
180467
183924
181159
182181
182220
182702
186759
183543
184305
185377
184896
188833
201066
195676
301203
249336
188592
188512
189504
189815
193733
190747
190927
191348
191568
197139
192450
193191
193281
193933
198361
195325
194994
222877
196096
199693
196848
197860
197971
205153
198551
198892
199143
199363
205474
200815
200946
201807
201677
210043
202188
202829
203060
210604
204062
204332
204913
205314
210553
205885
206486
207087
211245
208440
223759
213609
208910
213930
301223
274343
217276
211566
211405
211576
212377
217085
213078
213629
213459
219350
215272
214742
215813
220152
216495
216975
216906
217898
225201
218579
218659
218799
226153
220673
220452
220883
226924
221424
221754
222375
226373
223638
223438
224209
224300
229779
225752
225451
226283
233236
253484
227204
228157
324797
288810
229269
234959
229509
229850
230490
237454
231262
232445
232174
236001
232935
233085
233807
238125
234558
235090
236101
240559
236833
236642
236963
243606
237625
237715
238225
245659
238947
239828
239678
245569
240510
241312
241421
254605
246571
245689
246982
253915
266859
273472
399256
325399
259515
259165
253955
255117
256019
260346
257271
258433
264745
259736
260717
261248
265917
262600
263182
269334
265336
265977
266539
307645
398585
269333
276327
270576
270806
277959
272900
272680
273622
282158
283359
275666
280715
276587
277368
308827
279592
279252
318745
297466
281426
288239
288239
320830
284462
290182
285945
285934
293138
392463
400017
422129
289561
289721
291325
291164
292276
297045
293509
293719
300652
295092
295813
300021
297226
297627
305542
299250
317123
329917
326079
334396
324547
302325
385921
446044
305030
305461
306734
306583
307364
312214
308306
308647
315410
309859
309870
338002
312835
311893
317824
336198
313806
314788
315469
315559
316071
316622
325358
318165
318215
348071
349203
363369
339004
336149
322182
327572
323184
323705
329025
324828
325458
329766
326059
371825
329015
328063
332953
329145
329826
337942
330638
331109
335517
332351
332481
336750
334155
334786
339024
335958
355555
363679
448388
384769
338803
344634
339745
339505
345636
340476
342160
346839
342440
342901
352068
344043
352589
344985
345656
350846
346678
347099
353390
348101
357589
349333
349824
353511
350165
350826
372897
368779
371805
353491
353922
361205
354323
354803
362558
356296
365042
357258
357368
363780
358430
357839
358941
359172
367297
360403
360644
368959
362828
367276
363650
363440
369662
365924
368139
366976
378819
370803
367066
367818
373478
368709
373448
370102
371024
375181
371274
375942
372477
373228
376674
374150
378047
374791
375422
380010
376985
380071
377686
378738
382835
378348
383337
379730
380912
385210
381924
384548
405668
383317
383026
383487
387495
384920
388967
423071
387173
391031
388556
390981
387976
388105
393716
390591
395189
390740
394237
392213
391802
395178
392904
397172
394026
394046
398525
395008
398485
395941
400248
397172
397683
400418
398144
402022
399117
403263
400258
400098
404305
401090
406160
403324
402964
404386
403995
407211
405518
409035
405398
405959
406901
407652
411108
408023
413152
408985
413303
410076
410177
415246
411138
414695
412131
415827
412501
413203
416558
413713
419304
415717
418733
415767
425075
418041
417580
421618
418031
422219
418893
422560
419194
424984
420316
420245
425676
421198
424954
422029
426538
423241
427048
423883
424684
424464
425225
428171
425966
429603
426848
437037
427860
432349
429152
432128
429663
429553
433260
430785
434443
431246
437357
432699
435194
433160
437037
433591
434331
438821
436436
439823
435985
439932
436295
444942
437749
442337
438400
442968
440574
443469
440373
440975
445032
441285
445903
467504
446985
443249
446625
443459
448528
444601
448349
445613
449470
446925
453979
447727
450893
539459
476340
449440
454229
450312
453388
450332
450883
454640
451915
455461
452686
457235
454850
458166
455180
459749
455602
459669
455913
460992
518299
462675
587258
462845
459218
463276
459379
467053
461062
463326
461552
466162
463056
466912
463557
467965
463627
467875
464648
469658
465721
474968
466963
470780
467865
470410
468566
472443
469117
473194
469828
473645
470690
474286
471190
476712
472413
476039
473054
477302
473465
477573
475308
520663
475850
481711
476881
484405
477753
483654
478344
483434
479416
489616
479897
484455
480989
485678
482923
482051
485347
480769
483904
480729
484986
481780
486149
482182
486540
484135
487020
484326
487120
485127
487862
486119
489335
486710
489696
487281
490748
488974
491739
489175
493252
489235
494174
491038
492030
495066
492420
495937
492892
496609
493954
497870
494304
497039
495176
498361
496037
499634
497680
500465
497950
502279
499374
514923
508862
504413
508781
507168
524821
507980
513680
510334
530191
512297
513389
517367
514703
519942
517097
521365
518700
523679
520743
559035
529850
524020
531484
525282
533808
526744
531534
529169
529860
538577
530973
540801
532375
538677
534819
539629
543336
536643
547753
564596
545209
545269
540250
548305
541973
547503
542273
550279
552173
545640
553414
547203
551782
548515
554586
556169
550619
556640
573382
561489
558174
554687
559666
556230
564265
576087
559977
567571
560007
565437
564626
561219
571208
563723
568071
572149
607606
572450
566870
567672
577259
569385
592728
577370
570857
579082
572320
581377
578151
574293
577820
576708
586386
587137
600783
586466
585023
579203
584794
580705
585975
589452
584042
590564
583771
589322
589702
586696
596235
596556
588310
591916
613276
595844
601244
596415
602446
603598
599130
604560
607395
602757
606754
600473
601735
610611
606734
610521
610792
607326
628115
611683
606303
611553
611112
608488
615731
615701
614378
616522
611974
616462
623115
618606
622373
627814
618166
650736
623155
625349
622373
624568
620731
624277
625009
621291
627193
629237
623285
632102
633314
629797
632523
634346
630730
666256
635838
629166
634556
635018
631681
636419
636109
632312
638133
638343
634796
640117
642381
636660
666366
643082
637572
638213
643293
642421
640928
650326
649744
645517
647300
647841
643843
648161
648723
645577
651198
686103
648021
652159
652189
648773
650436
654393
655205
651288
656597
658020
653652
677697
664171
659583
673740
680772
664483
656527
662218
662929
660034
663770
667668
665424
665484
670353
669331
665213
670834
671075
693927
671726
670243
672227
667728
673349
671465
668309
677095
674781
681595
672587
674370
718453
673680
678258
706311
680182
675262
679641
680562
677236
680973
686243
683458
682936
686423
685271
684359
685712
688226
710769
684590
688938
688167
689639
684470
690300
690862
686183
687676
692354
693386
688948
693907
694108
712151
702433
696822
696973
697373
693446
699398
698777
700490
695851
701371
705218
704206
700229
709737
710528
722871
701422
705749
706450
701932
706311
707603
730306
700390
704537
703415
738570
703285
706571
706421
707473
704528
709286
708494
709726
706350
711130
712683
712001
709366
712512
713414
714175
710038
715688
715838
716900
713715
718213
718664
717712
715648
720997
719245
719785
717701
719184
722852
723142
722992
720206
724965
726679
725827
722931
729724
726838
728512
724213
727680
728873
729604
726127
726498
731016
731467
732580
728733
733852
732990
733952
729483
734893
735384
735956
736297
732479
737980
743781
738481
734372
739433
739433
740505
740213
737960
741416
741416
742688
738831
743400
743399
745253
744522
742318
745103
776371
746856
746986
743921
748379
750082
749742
747767
747297
750964
751866
752216
749752
755593
754260
755913
755803
752226
756464
756674
756554
759219
756244
759961
760491
759440
760671
757175
761704
762716
763377
763638
760512
763777
765070
764680
767345
763116
766703
766734
768155
768737
768567
767716
770591
769558
881768
831344
839339
1193621
913677
905412
813410
774428
770560
802100
776922
777103
778766
774277
777633
792121
778746
780329
779597
777564
780809
784366
782203
782493
786991
799655
785478
783174
785779
785398
787372
817428
830522
824652
790127
803071
816146
786200
787221
790528
792101
790658
791920
792311
790478
794656
799885
801138
798734
798002
793573
802360
802610
800226
805395
799494
795407
799965
799524
805045
800456
801488
801669
799355
808171
803422
802580
804424
805045
819522
802720
806468
807340
808992
806367
807339
805827
809643
810695
811627
834190
835592
813360
809854
813400
814062
814833
821375
815895
815955
813350
841313
824321
816377
818130
818450
819241
834069
817168
820483
820514
820263
821816
820755
822959
818851
819873
827266
824581
825673
828548
841503
827577
823940
824842
828849
828189
829120
830362
829932
830503
825723
831184
832355
832486
832506
833538
834500
835582
832276
831715
836163
837185
837706
836854
845611
840842
841854
834810
838808
840642
844299
841262
841574
841934
841813
843026
838818
853756
844679
843767
844258
846182
846823
846873
846632
843066
843437
848627
848416
849338
849969
850149
849949
851873
849178
847624
852293
855660
853295
853606
853566
854497
855560
856410
855800
854498
855759
857102
860018
858285
858014
858295
859958
858976
861029
855900
857183
861761
861009
861601
889383
867541
864436
887699
864546
865488
865458
862302
865307
866500
903379
894272
868223
899181
893390
911394
872942
869365
870217
870728
908087
866971
869545
873483
871649
873914
873934
874275
874895
875667
876388
876418
928375
877570
878422
874946
887128
889122
879203
879975
880055
880486
914169
882550
882039
883842
881578
883101
883602
884153
881648
881618
885986
887048
885746
884714
886266
888140
888561
890996
913298
890114
890565
889943
891086
893941
887990
889963
890815
894633
893961
893991
894302
894893
893641
895293
895474
902357
903128
902848
898229
897597
898289
899441
899912
897678
899562
900514
900483
910973
911565
904271
902157
903209
901846
906625
904631
904280
905983
904962
906235
908057
909049
908449
908658
908428
910792
905322
904922
917696
922405
910842
912486
910251
911955
912425
912485
913187
913919
913507
916393
913768
915311
917455
947171
917796
916674
918366
917465
916373
917005
919739
918447
919519
917876
919689
920731
920281
917034
918086
921964
922535
922745
923757
922665
925049
924599
925019
925861
926622
926562
926162
927664
927213
927374
927914
926993
928455
931141
929598
931221
931992
933204
937212
934738
934697
933696
936381
934988
935209
934978
936311
935468
958722
938023
937813
937532
937964
941260
941289
939977
941410
942832
940989
942010
941981
942411
943494
943294
944355
946038
949596
944666
946389
946009
945077
946970
947952
948263
948112
949444
950226
949866
949815
952050
988378
951398
951339
951509
952470
964963
966817
955296
956297
955165
956167
955636
956598
985883
958232
956308
958071
958422
960515
959023
960826
959915
960366
961548
962780
961257
963051
962239
992024
963932
963451
964614
965335
965675
965806
966547
967218
968561
967258
967719
968661
967668
991804
968159
972508
971706
970835
971907
972758
973250
974972
975373
975113
975784
974932
974642
974061
977858
976205
976094
977387
977487
976756
977808
978940
987365
998146
981054
980062
983077
982517
980954
981334
982346
983098
983569
984009
985713
985583
1005139
987165
986744
988447
986745
987115
989189
990171
988758
989459
992926
991403
993357
991243
990291
992425
992485
993247
996222
994749
993487
995231
997405
996362
1019916
998927
997514
997094
998226
998747
999038
1001452
1001332
1001612
1002504
1000330
1001051
1002915
1002875
1003376
1002605
1001943
1003876
1003646
1003186
1004739
1006011
1005920
1006161
1008275
1009087
1009858
1032300
1009597
1024015
1009848
1009447
1010689
1035787
1011491
1010689
1015008
1011130
1013304
1013284
1013745
1012964
1014967
1014346
1014807
1016370
1016671
1036197
1029665
1018444
1017633
1016801
1019566
1019847
1020818
1019917
1020939
1039643
1022171
1022341
1022402
1024465
1021720
1023142
1023503
1024896
1025838
1026129
1026468
1025868
1026519
1026789
1077915
1030025
1029434
1028322
1029865
1056175
1030326
1032650
1030637
1032039
1034043
1034374
1034083
1036547
1032660
1033412
1033051
1034854
1036227
1034624
1061124
1036528
1035285
1036758
1068597
1062646
1070501
1048360
1403614
1242953
1066102
1054611
1054441
1054742
1058258
1057317
1056325
1056895
1077724
1061815
1061605
1062676
1091811
1066243
1066233
1069619
1071654
1070291
1073947
1068767
1071984
1072525
1074588
1103523
1074939
1075911
1078156
1079608
1078256
1104154
1080951
1080440
1093003
1135984
1090849
1102400
1103673
1088615
1088384
1103082
1089787
1089677
1092101
1094556
1096429
1094766
1095698
1095799
1097371
1096550
1098914
1099365
1099415
1102160
1100718
1101940
1107370
1104725
1104785
1106308
1105066
1129321
1109164
1110025
1109845
1110105
1120174
1123039
1117028
1117910
1140241
1118150
1118150
1122007
1118752
1119363
1145761
1121366
1125784
1123661
1123681
1123410
1125323
1124251
1130093
1129952
1720626
1134962
1133519
1134691
1136475
1139250
1133459
1236782
1137746
1137526
1139050
1142626
1142105
1180537
1150621
1145011
1142075
1141645
1143759
1146894
1144350
1143578
1145211
1146964
1149409
1147014
1148657
1149028
1149288
1150912
1152264
1152464
1168113
1172361
1154328
1159778
1154568
1156572
1157053
1157744
1159959
1158997
1172802
1160700
1160439
1161190
1162914
1163104
1165359
1164888
1164046
1169216
1194202
1191377
1167462
1173835
1169807
1169106
1210423
1176469
1173083
1172312
1176079
1174816
1174205
1176018
1177902
1178413
1181759
1178984
1178252
1179675
1196838
1182350
1182340
1182921
1187130
1231852
1188011
1187200
1185667
1186658
1188822
1188291
1189544
1189554
1190115
1190255
1249886
1200764
1219540
1204843
1195645
1195114
1195164
1202538
1197939
1197028
1199402
1197819
1199522
1201126
1233917
1204041
1204061
1204251
1216384
1204462
1204452
1205203
1211585
1235730
1208749
1213569
1210784
1211164
1210573
1213428
1212687
1213629
1214550
1214259
1213990
1214049
1219940
1242543
1217526
1219330
1218958
1220762
1221464
1234809
1224099
1223377
1223698
1231502
1232003
1231793
1231112
1237844
1228056
1231683
1229137
1232073
1234828
1240118
1238174
1232705
1243675
1232804
1231863
1261549
1254214
1243605
1242022
1236091
1237403
1237974
1242933
1238505
1240359
1266458
1240829
1244146
1246741
1243134
1245308
1248303
1244626
1247292
1246250
1247622
1249095
1249025
1253052
1250397
1250247
1253113
1252241
1253573
1255907
1256819
1254736
1265595
1255868
1256118
1262560
1259695
1259444
1264243
1262490
1263011
1262710
1261558
1263783
1268291
1265535
1266688
1268992
1265726
1270065
1271827
1270235
1269273
1274202
1272459
1305541
1274903
1274222
1274382
1279512
1274042
1277899
1279793
1278770
1278920
1283379
1279191
1279152
1282788
1281495
1290162
1283990
1282998
1286995
1284731
1285603
1321460
1288288
1286465
1292256
1332631
1288209
1293187
1290642
1292185
1293789
1292546
1297896
1295592
1318395
1297646
1294500
1294529
1300792
1341107
1301182
1298197
1327772
1321430
1300050
1300701
1301924
1302505
1329435
1301553
1301473
1306943
1304879
1304248
1306492
1333513
1311552
1308125
1310429
1312965
1309277
1311241
1313785
1312744
1316321
1347770
1313054
1316421
1313986
1318044
1314777
1318705
1319687
1317663
1321009
1318665
1317624
1324926
1320899
1319597
1320829
1324155
1324807
1321510
1322522
1328984
1324255
1326910
1327281
1327000
1350765
1350795
1331900
1351066
1344994
1332009
1330096
1387604
1334003
1334845
1334625
1338021
1355303
1336839
1338843
1384989
1335466
1336669
1339665
1348380
1353470
1341528
1376062
1368779
1376022
1359361
1432628
1352659
1362668
1345976
1389939
1347199
1348030
1372125
1348681
1362457
1365934
1350254
1396520
1358319
1370362
1352158
1375030
1369570
1357829
1353971
1401380
1356926
1356606
1365152
1362226
1373828
1359722
1378957
1386051
1361155
1363309
1361906
1370763
1377165
1367377
1389848
1366295
1365643
1393204
1369821
1369740
1373448
1368909
1429753
1397522
1509813
1375832
1383617
1375381
1379659
1377074
1413833
1378196
1376934
1387514
1377004
1380371
1377645
1381873
1378177
1384768
1380581
1380480
1380631
1381292
1414123
1385009
1387775
1384067
1388746
1412871
1389797
1394437
1408493
1386562
1388355
1436795
1391531
1425124
1390008
1393706
1391962
1398214
1390639
1396330
1392933
1398775
1395308
1396800
1395038
1421758
1411108
1400929
1399656
1399336
1400879
1400338
1403384
1399597
1405718
1404896
1406760
1426817
1413443
1405317
1406770
1405317
1408403
1405878
1411659
1435363
1413252
1409285
1414113
1411529
1424703
1418111
1417711
1412661
1417981
1414144
1416919
1414124
1419192
1416408
1417590
1419754
1417570
1418382
1418702
1419284
1420285
1423591
1420366
1422669
1422890
1427308
1421778
1427318
1425675
1429503
1449479
1425735
1427379
1427949
1427598
1432458
1429372
1436265
1432889
1432528
1432447
1432387
1434952
1431666
1435944
1436545
1438258
1455190
1441515
1437387
1441274
1436926
1442636
1440563
1442497
1439741
1443909
1443138
1445833
1442968
1446374
1444991
1448788
1444581
1449380
1445071
1448558
1481399
1448087
1451123
1488523
1472292
1450582
1455270
1484686
1456502
1451082
1454378
1451594
1456603
1453708
1458216
1454318
1456873
1458537
1456744
1460951
1457845
1461683
1459137
1461182
1460350
1462324
1461321
1464708
1493722
1463656
1466892
1464368
1467884
1465029
1470179
1464617
1473915
1488262
1471431
1467313
1471491
1472623
1469207
1472222
1469858
1499303
1473565
1477482
1489385
1488131
1486950
1474796
1479666
1476350
1480247
1478203
1479225
1477011
1480447
1479976
1480698
1485678
1482992
1485297
1483584
1486458
1483343
1487110
1497329
1498481
1489324
1486870
1489915
1485898
1493071
1518679
1488643
1491849
1488723
1494584
1490106
1497410
1490987
1491869
1496999
1492710
1510503
1519771
1505374
1500776
1498021
1500204
1498701
1501798
1497129
1497820
1501547
1499483
1504102
1501316
1506386
1501147
1502729
1505604
1521855
1507207
1503922
1507217
1510474
1506467
1509021
1505655
1510513
1521083
1520663
1514731
1512367
1528888
1510754
1509492
1515012
1511395
1518629
1512528
1514391
1516285
1513530
1565747
1515493
1519781
1521735
1537664
1523348
1517938
1520172
1554175
1517637
1521655
1521294
1520683
1523007
1522546
1523789
1522846
1524510
1537154
1522566
1529029
1524680
1523689
1552923
1565627
1529950
1530812
1527416
1556570
1529379
1529039
1532614
1533256
1534609
1537153
1533316
1539918
1535060
1541372
1540440
1534910
1541160
1536282
1535029
1539838
1537274
1546050
1542243
1540330
1543496
1540830
1545359
1560106
1544567
1549437
1548645
1544417
1547563
1544137
1552542
1549927
1546891
1555789
1551851
1549016
1551089
1556069
1565697
1553825
1553585
1557221
1555288
1552512
1555598
1558764
1554846
1558082
1557512
1556200
1566088
1556820
1561098
1561710
1559756
1591555
1563222
1560036
1565156
1566578
1564585
1592446
1569594
1564695
1566218
1566117
1567210
1568722
1567690
1571307
1571107
1569464
1571658
1573040
1570846
1573862
1572440
1570496
1579923
1575676
1572209
1578851
1576798
1575115
1577679
1579763
1597055
1581366
1576767
1583640
1586235
1582949
1580365
1582929
1593749
1593830
1585424
1583931
1586926
1586375
1585334
1587387
1601384
1589281
1586475
1588940
1590293
1588560
1605481
1591896
1589882
1590834
1594440
1591535
1592627
1596795
1590724
1599290
1631550
1595392
1598538
1598959
1594110
1595462
1599570
1632312
1598088
1611042
1620780
1598037
1615941
1619798
1602546
1605561
1604469
1603478
1604029
1607475
1602316
1606363
1609048
1607184
1604259
1608227
1611522
1605561
1610210
1613997
1610450
1611543
1612825
1611633
1609900
1613647
1616531
1612524
1614217
1616982
1623154
1615971
1616502
1615300
1616822
1619618
1631570
1617223
1619016
1622613
1621562
1624507
1623746
1624557
1619558
1625649
1628604
1623024
1626851
1629386
1624136
1623565
1749511
1634375
1626441
1626520
1630398
1628995
1628925
1634516
1631599
1629566
1630388
1633454
1635838
1642901
1635477
1637090
1635076
1632822
1637061
1636790
1635427
1640387
1640286
1638142
1636619
1643332
1641659
1639244
1640657
1643062
1645005
1642671
1647480
1645696
1648772
1644264
1649344
1651316
1648882
1647379
1653731
1659442
1647940
1646768
1650946
1651136
1647740
1651066
1652620
1652168
1650075
1657078
1655725
1656457
1654923
1658160
1659282
1656426
1654753
1669752
1667507
1658571
1658049
1662758
1663539
1658811
1659382
1665433
1666405
1661586
1661045
1664832
1665243
1666786
1666184
1676554
1669521
1664752
1666145
1668259
1668759
1670442
1668448
1671885
1672015
1674160
1671505
1672938
1675011
1675492
1671875
1675362
1675692
1677726
1673358
1676895
1679670
1680682
1675762
1678447
1680201
1681994
1681934
1678808
1682996
1686813
1681733
1681203
1688806
1696261
1685631
1684309
1683588
1689838
1688166
1688826
1687585
1689408
1692213
1690971
1687364
1692654
1691983
1690280
1693035
1690751
1693024
1695069
1694718
1692313
1694497
1695540
1696511
1698064
1695730
1698145
1700689
1699367
1699827
1699617
1698986
1700318
1700900
1699427
1708724
1705367
1705548
1706641
1702984
1724093
1706430
1708073
1708634
1705428
1707181
1711730
1709947
1709876
1706760
1706951
1709366
1712992
1715627
1710758
1715707
1711780
1715086
1714505
1719244
1714164
1714605
1716869
1717060
1714535
1712631
1717079
1717160
1721729
1717250
1714966
1724133
1723272
1721849
1719695
1718642
1722219
1724544
1724804
1725105
1720857
1725816
1723793
1725937
1727119
1722109
1724494
1726617
1727469
1727930
1730395
1725556
1734763
1731387
1731857
1734172
1726337
1730074
1735334
1736416
1736256
1736265
1734502
1734132
1735083
1738509
1740974
1738700
1736546
1739401
1741566
1741205
1738851
1740965
1736846
1740924
1743660
1740614
1741645
1741084
1749751
1746915
1743018
1746775
1744932
1745042
1740924
1745193
1747887
1748719
1748950
1749331
1746004
1747718
1750232
1751544
1749149
1750833
1750402
1746635
1753278
1751053
1751474
1751114
1751645
1751144
1755472
1755672
1754700
1756344
1756643
1752756
1758367
1768016
1759028
1760311
1759820
1756534
1760902
1762935
1760731
1764349
1762895
1762004
1760321
1762555
1765180
1764929
1767644
1764970
1769327
1767193
1766462
1769468
1768235
1771161
1770420
1773294
1768877
1769017
1770520
1781380
1770500
1772754
1775308
1772644
1771632
1768787
1772794
1775269
1775609
1777422
1777282
1773926
1772744
1776531
1778735
1779346
1779677
1779877
1778134
1776872
1777052
1779867
1781590
1782252
1782391
1782061
1783494
1781080
1781349
1784075
1784396
1796679
1788022
1786319
1789485
1785358
1782813
1787551
1789785
1790006
1789936
1792090
1793453
1792421
1787742
1790818
1791719
1794314
1799123
1791318
1794765
1793252
1794605
1794194
1796999
1804884
1797711
1797220
1795577
1800666
1798913
1799574
1796728
1796738
1798613
1800896
1802129
1800105
1802520
1804153
1804443
1799414
1801447
1805084
1801878
1805976
1806046
1806827
1804884
1807729
1811286
1804163
1806176
1809322
1808752
1810876
1811176
1824792
1812808
1812048
1813590
1814903
1810444
1810985
1811537
1814532
1816315
1815213
1815834
1818549
1817888
1817568
1819091
1814993
1815394
1820744
1819552
1818248
1822407
1823118
1822056
1832135
1825051
1822978
1822316
1820323
1820363
1825523
1828498
1825062
1827416
1826675
1826774
1827326
1829560
1828137
1827927
1828058
1828699
1827687
1830712
1830542
1831424
1831042
1830632
1833988
1834299
1832766
1835351
1834399
1838106
1831614
1831604
1847664
1839178
1839479
1837244
1840711
1839098
1838407
1841532
1843366
1841272
1844028
1841723
1840320
1840250
1841342
1842845
1843306
1847183
1842524
1843306
1843827
1848135
1845840
1847904
1846231
1848055
1850128
1848897
1859165
1850138
1845971
1846963
1848515
1851801
1852974
1850198
1853725
1853485
1855950
1855709
1875205
1858575
1857623
1856971
1857883
1859356
1859876
1860689
1857712
1857613
1863473
1863744
1864565
1855879
1859075
1863003
1862411
1864836
1864816
1864576
1874714
1867221
1865637
1866819
1865697
1866238
1863945
1866720
1866038
1865046
1867701
1867411
1869003
1868754
1868613
1871118
1869174
1870206
1869114
1870116
1871258
1869525
1872290
1885846
1872421
1877860
1873171
1877209
1879193
1878091
1878953
1879173
1876147
1879774
1878201
1882468
1877800
1882038
1880004
1883401
1880936
1881407
1880646
1883041
1882850
1928435
1886407
1886035
1887618
1883511
1886146
1888891
1889492
1887859
1888711
1900613
1888080
1889752
1890013
1887969
1889062
1889753
1891306
1892027
1891005
1890484
1892838
1894041
1892718
1893670
1895223
1893309
1893239
1894952
1894741
1894241
1898339
1896555
1905652
1896926
1897898
1897608
1897628
1900092
1898258
1900493
1902056
1901875
1902306
1899871
1900493
1903528
1902587
1902977
1905302
1904190
1906314
1905612
1905853
1906143
1904991
1906924
1907726
1906403
1909980
1908859
1907566
1910341
1920259
1924377
1912655
1914639
1912905
1912585
1913627
1911874
1913467
1916353
1915852
1917194
1914929
1915731
1918116
1915070
1919258
1916022
1917144
1918506
1919889
1919338
1924167
1921011
1922654
1933685
1922855
1922393
1922093
1922594
1921903
1923546
1924177
1926040
1931531
1926892
1926261
1925871
1928004
1927974
1930760
1926040
1925289
1927954
1931210
1932703
1931621
1932062
1933183
1932192
1932713
1933013
1934676
1944274
1936230
1935708
1936841
1936039
1935558
1939245
1937672
1939395
1940908
1939666
1948743
1939114
1941760
1943242
1943894
1939526
1943964
1946118
1944605
1945316
1944605
1945807
1947761
1954995
1947350
1948232
1948603
1948202
1947170
1949985
1947891
1947951
1950977
1952079
1953492
1945958
1954323
1952830
1952560
1952550
1954243
1960785
1957950
1956788
1957820
1957229
1957699
1959223
1957860
1955906
1958932
1959363
1966276
1959884
1959944
1961076
1959714
1959934
1962218
1966807
1962819
1963160
1963751
1965143
1964433
1963620
1966997
1963991
1967919
1967067
1969271
1966796
1967799
1969361
1972628
1978218
1973238
1971124
1973189
1974310
1975183
1969492
1975463
1973549
1975453
1974902
1975543
1977397
1976965
1978248
1978799
1976285
1978198
1983117
1978769
1981574
1981334
1981765
1978549
1980563
1980632
1982496
1981033
1983357
1994639
1985101
1983208
1984140
1984199
1986133
1986323
1986784
1987375
1988026
1988317
1986794
1990622
1990040
1988226
1987626
1990831
1990601
1992625
1990331
1991743
1991733
2007974
1990881
1991593
1995420
1996211
1997023
1995550
1995670
1997143
2000430
1999408
1998256
2000259
1999397
1996532
2001191
1998957
1999949
2001732
2002824
2004788
2004057
2002404
2003636
2002373
2004427
2005599
2005539
2007683
2006070
2007553
2007222
2006401
2010428
2018022
2007894
2007262
2011390
2023412
2009937
2014305
2009356
2011430
2012933
2011831
2011481
2013463
2012773
2015278
2013784
2017391
2014475
2017030
2016520
2023543
2016931
2017983
2018213
2016660
2019806
2021259
2020687
2023763
2021559
2020057
2024645
2022200
2022561
2025166
2021999
2025406
2023312
2026478
2023302
2025787
2025416
2027480
2025146
2030666
2028762
2028943
2029654
2029364
2040755
2032669
2029103
2033411
2031788
2032269
2033311
2035675
2034624
2034443
2033471
2032539
2036727
2038951
2035194
2037509
2042769
2038931
2038711
2039743
2042117
2039443
2049832
2042639
2041195
2043240
2040605
2041547
2044452
2044091
2045293
2044472
2044271
2044793
2043490
2045694
2047628
2045584
2051014
2048840
2049761
2049241
2051215
2052427
2049522
2051475
2048289
2052296
2053138
2050653
2060492
2052056
2054360
2052537
2055373
2053038
2057566
2056575
2055884
2058037
2056675
2061874
2058187
2057786
2061644
2057947
2060772
2058788
2059060
2060902
2061944
2064689
2061243
2061945
2086230
2067144
2063207
2066352
2067064
2068146
2066123
2068947
2068737
2071322
2066593
2067404
2069949
2068707
2069839
2068347
2075340
2072374
2073336
2073666
2071152
2072324
2073426
2075350
2074939
2075459
2074558
2082343
2076211
2089656
2116426
2080780
2081742
2077865
2077844
2080108
2078305
2076852
2086350
2080429
2078215
2080208
2083274
2082783
2080349
2081090
2085048
2084627
2084577
2084256
2109083
2085529
2087833
2086119
2086290
2086591
2087182
2089907
2093964
2092331
2122668
2091860
2092621
2091029
2091360
2090147
2094065
2095067
2093904
2096659
2093052
2094716
2097100
2096198
2094475
2098263
2097781
2128238
2098392
2098964
2097350
2099314
2102921
2100166
2099976
