70
1373
1693
2435
5660
6101
7233
9788
10219
8385
8907
9799
22542
11200
11882
12664
23304
25628
16902
17743
18865
19687
20678
21420
22281
22952
23784
24355
25407
26159
26870
27471
29745
31219
32461
33723
35076
36358
37219
38452
39344
40355
41498
64701
43552
34354
20128
20438
20869
21320
21631
22121
22441
22722
22963
23374
23694
24085
24445
24836
25168
25458
25798
26189
27100
30968
28804
29385
30146
30708
31309
31839
32461
33112
33643
41368
34725
35166
35617
36278
36649
37220
37490
38001
48431
39023
39434
39694
40306
40696
41217
41487
41978
42540
42770
43351
43812
92864
102571
101720
101810
102582
103002
103924
104756
105828
109385
107311
108142
132938
109264
104546
49372
49983
50133
50434
59682
51416
51577
51997
52368
52919
53309
53500
53820
54111
54492
55012
56265
57337
57828
58920
59542
63689
61044
61756
62256
62747
63448
64069
64791
65413
65904
66695
67176
67806
68238
75371
69570
70021
70551
71033
71664
72305
72706
73197
73508
74119
74580
75191
77605
76433
76923
88866
77775
78376
78857
79038
79829
80150
80570
92213
81723
81833
82444
82775
83406
83766
84187
84739
85159
85800
92663
86762
87264
87514
87954
88235
88836
89577
89738
90399
97502
91351
91631
92072
92503
92844
93295
93695
94096
107962
102452
95278
95830
95930
96190
96661
97092
103624
98404
99206
107651
98985
99455
99846
100207
100779
100779
101470
101640
105166
102391
102542
103213
103554
103944
104566
104806
105297
108012
105838
106048
106700
107320
123340
108001
108142
119223
109113
109435
109906
110406
110596
110988
111178
111508
112250
112520
112751
113201
113563
113732
114044
114474
118622
116679
121257
119083
119784
120475
121307
125164
123000
124092
124904
125404
125755
126567
127248
130353
128731
129502
130254
130604
131115
132147
136155
133290
133860
134501
135654
135944
136496
140703
137718
138369
139010
139641
140583
140843
141605
142065
142737
143088
143889
144450
148387
145401
146213
146523
147165
159598
152305
149169
149419
149960
150521
151032
151503
152314
152685
153347
153837
169457
154809
155500
155911
156522
157133
157334
161712
159238
159198
159809
160280
160860
164748
161702
162013
162644
163115
163405
167483
164647
165078
165389
165880
167122
170679
168365
168605
168896
169688
173535
170538
170619
171060
171470
172152
175118
172833
173184
174245
174526
178003
175889
175898
176650
176731
181009
177963
178053
179035
179034
179455
183744
181028
180818
181810
182150
185387
182691
183483
183974
198591
187630
185106
185547
186008
186739
189674
187460
187941
188583
189024
192971
189965
190256
190737
191097
194574
192269
192510
192911
193512
193672
194264
194684
195376
199162
196016
196207
196437
197139
200415
197900
198381
198481
199252
202739
200214
200194
200484
200986
201357
201777
202538
202418
206336
203229
203951
204392
204923
208310
205675
205725
206225
223999
206987
207307
207688
208360
212297
209061
210123
209712
213759
211105
211405
211686
211946
225111
213739
212558
213209
217256
213900
214831
215152
218829
216425
216455
216735
217186
220613
217998
218238
218379
222857
220152
220082
219821
223618
221243
221254
221865
228106
223117
223218
223297
223839
227285
224390
225742
225842
243575
226073
226724
227154
230561
227646
228227
228477
232074
229419
230180
230521
234238
231132
231863
232134
237534
232885
233035
233747
237213
234849
234438
234920
238516
235621
236703
236743
240579
237845
238486
238045
241902
239358
239367
239698
247212
245229
244096
245049
249446
247333
247673
251480
263733
250538
251120
254937
253093
254145
254576
259244
257001
257492
261378
258794
259686
260376
264495
261799
262711
263533
264044
264725
265647
278330
266859
267440
268332
271517
269644
270396
276406
272118
272459
273953
274564
275004
275144
278581
276567
277148
282678
293458
279342
280023
284031
281235
281566
285714
283651
283840
287427
285313
285483
286345
287177
287186
288510
291805
289762
290433
294911
291315
292076
295433
293378
294000
298408
295373
295934
296384
300231
297546
298649
302455
299660
300232
304108
316873
302275
305781
303397
309388
307234
346908
305812
311322
306393
307194
311983
308246
308467
322362
309639
310270
317473
311873
312414
316913
318105
313947
317373
314809
316101
319768
316652
319758
320960
317975
318666
323525
320068
381794
325609
321892
322723
327281
323685
326570
325237
324947
329867
326891
327101
336209
327442
328434
332331
329345
329406
333404
331079
331720
336338
333102
333644
337711
334625
338382
334976
336780
339314
336699
502790
338303
338643
342430
340367
339926
343723
358269
341719
352188
342500
350244
343863
344153
348892
344784
345636
350004
347380
346949
351416
347549
351768
348822
349613
353090
352148
351477
355114
352529
395419
352820
353401
358550
354813
354622
358871
378898
360304
369000
360885
361476
357999
362057
359061
360635
364241
361546
361075
366044
362899
366355
363971
363810
368629
365513
369130
366355
366836
406450
367657
371685
368960
368519
372957
381093
389138
371275
371644
380391
372627
375412
373979
374059
378437
374921
378387
376103
376163
379970
378107
380792
378027
379108
382174
380341
384278
580725
385400
381473
382285
385631
409976
388417
384820
385370
392173
385470
388577
387735
387364
391652
387755
391462
389488
393065
390430
404576
394597
391712
395619
392474
393045
436035
393536
397923
395158
400950
395529
421538
401591
396812
400448
402292
401230
399217
399146
403163
400298
404807
401270
405177
401802
401971
407081
402543
406480
404707
408013
440283
406159
409706
406900
410026
407332
436867
408283
413383
408153
412571
413403
409736
414334
411149
414505
411730
412381
416198
412641
416709
414114
417721
414835
417641
415837
450752
419774
416899
420846
417180
444861
418803
422921
419014
419244
427830
420597
424122
421508
424604
422229
426628
422631
423953
423642
428922
429322
426036
430084
461313
430165
426788
429483
427819
431617
463146
429002
435825
432138
434422
429773
437688
431467
434963
432108
437447
432528
439692
434743
434713
437157
435845
438820
471501
440744
437728
440614
437859
440944
464378
443499
440153
447677
439702
439541
441145
440473
443930
441555
445383
442808
446644
443399
447186
444410
447316
445242
497099
445704
449791
447006
451494
482192
452296
448358
452987
449270
449911
450061
450572
454329
451784
455021
452997
460370
453107
456974
454420
458236
454941
501027
455812
460160
456644
460141
477091
463626
458597
462775
463977
463426
460641
464098
461613
465030
461943
465861
462315
467073
464007
468005
464308
468355
517307
468937
465801
471110
466923
500907
466832
471251
468556
472593
472784
472954
470269
473114
471752
474036
472242
476320
472062
477393
473625
477573
525723
477513
475268
479687
476420
515624
476671
483734
481330
481501
493021
498662
479015
483334
480208
483314
480939
484125
481279
486519
482923
526404
487221
483484
487321
484526
499935
494615
490747
485999
496618
487311
493703
487251
492511
488653
490937
489265
494484
490597
499554
491299
494935
707121
491629
495786
493102
522597
494404
510444
497841
498452
497140
495927
500015
496849
500065
498171
502049
511386
509533
504172
509122
566209
510795
507669
508801
520233
537735
517507
513139
522207
514612
518880
516445
521666
528858
519842
523709
521535
525452
522697
527045
561670
529299
530411
526454
530922
555368
536873
531603
553335
538967
533548
536934
534349
537355
536242
541252
542193
538036
541843
539799
579493
541783
546462
546331
575526
549487
545209
553365
551932
546862
562391
550119
553254
552543
552212
555990
553515
557472
555668
601425
560868
557362
562081
597447
565637
566989
559857
564426
562732
565818
567511
563794
568062
565347
569655
572951
569394
620189
569485
568963
573622
598108
578331
580766
573311
578411
574664
578592
580766
577019
580285
577239
581658
582258
579984
618866
584934
581727
586176
604109
588921
591967
583861
589492
590223
586957
591275
588380
593911
594261
591165
594161
594982
1078957
594231
597327
608848
598338
605873
596716
602687
602225
598158
601685
602666
599681
606123
605282
602096
605301
639235
604229
609079
605492
635558
612606
617274
614629
614629
608948
612915
614930
611544
615711
618696
613307
616582
653071
616052
619849
617354
616763
657208
623816
619187
623014
620410
620700
626321
622484
625099
626722
624247
627884
666316
626190
628966
630008
645587
639916
632472
629727
629897
634947
630989
631471
634486
633304
633685
637913
867662
635508
640357
640137
658932
642090
642351
639385
639726
644255
643723
640888
645798
646499
642381
646648
718923
647531
649394
648953
682236
647601
651167
656638
647701
651538
652269
650927
654634
654955
652600
655475
700860
653251
657319
658290
677888
661637
660906
660575
657929
661908
662318
659363
665143
663821
677817
662148
1265295
662318
666546
688537
673950
676916
670303
669752
667157
671946
671365
668489
673910
673489
670814
707733
677056
676133
672698
705368
680272
682997
675132
678228
679891
678669
681844
681173
682366
678669
684199
723262
680282
680853
719225
688317
683798
690501
687646
687805
685031
694789
690241
689869
687375
691563
732580
689118
690000
724875
694388
690841
695760
696141
697163
693116
697755
698455
698826
694940
705329
739081
700880
711280
739141
703986
703215
703666
704217
703976
705479
703285
707443
706050
707212
703626
781712
707512
708695
735655
712191
710278
710899
707622
711871
719625
712963
710178
729093
733291
761714
715367
721208
719104
743761
725155
715087
724664
721007
719785
717732
722400
722952
721499
718333
762716
725696
724545
740614
729374
730135
728061
727500
724223
727480
728482
733110
725165
730586
1107150
733140
732329
756364
738991
736937
734203
734093
735034
731908
738040
735205
736647
733702
772244
738190
739542
739532
777063
749210
741206
739853
749491
737850
741856
742137
742718
739773
778285
745724
746325
745554
772815
754841
749261
748209
748670
746525
753549
751124
749852
751384
1188873
754260
750082
781531
755863
758879
755472
752938
758197
757045
758057
759890
756133
759460
795297
762054
761073
784476
766854
763638
763026
762686
760682
765832
784677
767645
766402
804283
762846
776702
770761
793323
776541
766703
770280
772724
770360
771613
771773
768747
772975
818700
774919
774848
801769
773486
777444
778225
777864
777202
775119
778315
779858
779838
778786
782984
778696
786420
805606
865739
839329
783644
784106
780830
806407
833257
809974
812929
883201
820393
787252
788974
790067
790017
835592
878682
810094
820424
840201
839058
811868
858204
856020
988809
888371
906235
889884
1011000
895414
845741
799615
796109
795417
801829
803592
801909
818009
804234
799124
800447
1105747
1098854
811838
801298
814081
980042
933905
818319
872261
873183
817388
948052
1179435
937913
824512
819963
835562
835873
853215
889072
842885
853866
1019115
924859
852052
945948
839148
857453
878422
841693
859937
865187
873904
901124
890765
864827
846001
823670
842194
845620
851723
858925
826105
878402
858344
869595
991674
856962
857633
848035
832196
870116
834289
829851
830623
832626
878021
831735
939396
964854
830933
829460
834459
836143
834721
836264
835451
836834
837596
847544
837095
838968
839219
840852
839490
845240
843026
842575
843136
846222
842265
838697
858164
846332
844338
847064
846733
847193
850550
847805
848787
843968
869876
849858
849719
850540
851843
850289
996664
857293
853014
852544
854948
854317
876949
853315
851201
855920
855910
855860
855970
876068
857123
857753
856481
856561
888991
861661
862012
855730
856591
867932
862242
878251
877861
863254
867121
864296
862422
861871
863485
861580
861470
865508
1137056
864006
866580
866189
870167
873713
869775
870236
873382
875006
873823
871740
873934
868373
871570
872241
873813
873093
873854
873583
874405
873533
877380
876469
875977
874225
872822
877730
876849
876899
904060
881528
879955
879504
879845
882129
880797
882901
882620
883031
879564
978950
954875
881248
891347
885816
885586
886718
887569
886858
887789
887769
887960
1040395
908087
891496
898039
896747
899091
890855
892148
892288
889873
888831
892999
1073056
896696
896536
895504
895865
895795
896346
896917
896586
897738
899181
1072985
901666
901785
908308
909750
901485
901355
902236
902287
902427
913588
1016199
1175607
907686
905132
905312
915862
905492
906695
906865
907005
907366
907195
1111488
910523
908950
908749
916954
915923
907416
906074
912396
911464
917526
1053179
941149
915712
913698
926582
914439
913077
915541
915361
917344
917465
917224
1120895
919860
918647
918517
918306
925440
926302
921282
920040
920090
1078175
934868
923877
921242
921693
923356
923807
924238
924659
926111
934076
1077314
947952
928245
929197
928095
934607
942592
930600
930740
931170
930840
947782
942783
932122
932423
1141093
985322
947181
936881
934517
959163
938204
936641
1160619
942662
939086
938063
939486
941219
940809
938654
941319
940949
940969
1126376
963912
940948
940819
940288
942843
940448
941821
946239
944826
943023
1134951
962870
947250
947221
947531
949225
1294851
953783
955255
954805
1551080
968710
952842
953202
953502
954784
952681
953362
954344
993337
955666
981695
961567
956358
955977
956568
957530
957760
958502
958913
998968
968210
992485
967408
961928
961527
962860
964133
962930
963441
964914
967107
965054
988398
1416838
969161
974602
975193
974541
970955
974221
973269
1447706
1114723
973439
1296925
1120895
971746
971005
973930
971757
972258
1162302
977758
974011
975504
974432
974562
975714
974212
977167
978600
982506
1135803
990662
979651
980573
980673
979210
981485
981425
979240
982456
1156261
998486
983088
984460
985192
984531
983799
985202
984160
986464
984901
1169877
992305
989860
988277
989079
988809
989009
990080
991163
991473
991413
1181178
995882
994459
993798
994740
993517
995310
996553
996062
998126
1124773
1080630
1008615
998436
998526
998376
996432
999428
999839
1000220
1185546
1001503
1002514
1000480
1002023
1001733
1017462
1003245
1003927
1004578
1075942
1071103
1018314
1005931
1005280
1004858
1012112
1009167
1019867
1007353
1009917
1048200
1023122
1014577
1773265
1033111
1011250
1013133
1013074
1016030
1057426
1025998
1293168
1019706
1534108
1167132
1015508
1051005
1022732
1133780
1140242
1018975
1018795
1018684
1019666
1020318
1019776
1019536
1019106
1021219
1281065
1021740
1023784
1034895
1024485
1021680
1022432
1026579
1024165
1025757
1270415
1031327
1025407
1027601
1026289
1027621
1027510
1027571
1028242
1027080
1277267
1032991
1031248
1031709
1032159
1031177
1032841
1036127
1032420
1035025
1290533
1038501
1033612
1036448
1067054
1067416
1053950
1043211
1047228
1103062
1235610
1059421
1052708
1053088
1054311
1054882
1056145
1057827
1059320
1161561
1208840
1063808
1062467
1063599
1064009
1065292
1083716
1067255
1068508
1316370
1082654
1079227
1074278
1073496
1074388
1075000
1075761
1077384
1127327
1209751
1158646
1083255
1080039
1085449
1085149
1084557
1086361
1084968
1328974
1100737
1091300
1089476
1090849
1092843
1091410
1096439
1094787
1182210
1231211
1097632
1100678
1098353
1101479
1100628
1102841
1102842
1119994
1353390
1108232
1105857
1106278
1108302
1108412
1109484
1110246
1109734
1357598
1130634
1112890
1115125
1113762
1118941
1117338
1117940
1116708
1131225
1352378
1120965
1120454
1121587
1125594
1122759
1124181
1125544
1351236
1127428
1127628
1128349
1127217
1130243
1173022
1130724
1132056
1367436
1156532
1136545
1135372
1135031
1134751
1138218
1137998
1138498
1358409
1164607
1149419
1141984
1157634
1148758
1143267
1145432
1145822
1259915
1254335
1150561
1148707
1151612
1151793
1152775
1151191
1152044
1156222
1403774
1158636
1181629
1155790
1157634
1157865
1157924
1162693
1175888
1400559
1169746
1162873
1166170
1165428
1165669
1166190
1166641
1230680
1658320
1172832
1169546
1187550
1171189
1170649
1172051
1272288
1327472
1176188
1179985
1173965
1448297
1382715
1177712
1177060
1447817
1183182
1179945
1188892
1179665
1181779
1180527
1186568
1183272
1433680
1191608
1186367
1188973
1188652
1190976
1187770
1193872
1464337
1203019
1193641
1193061
1193601
1193832
1192770
1196246
1197037
1445432
1199873
1198420
1270706
1201185
1202368
1212416
1200163
1203800
1267640
1204572
1324155
1383656
1206064
1206455
1207427
1215552
1447807
1210664
1210282
1210853
1212486
1211926
1212387
1210974
1278389
1371003
1223517
1216213
1214580
1215913
1221494
1217366
1218988
1464618
1223317
1223267
1223778
1222185
1223497
1226553
1237513
1268160
1406058
1228156
1226262
1231071
1226644
1229598
1228597
1231682
2001411
1235469
1236822
1234638
1232644
1233445
1291194
1237133
1236552
1240289
1237513
1237995
1241861
1248674
1238966
1240839
1244206
1945827
1251139
1245308
1269302
1246941
1278620
1249115
1517877
1256739
1247702
1247993
1251419
1248895
1250277
1249927
1496388
1267049
1259495
1255177
1256298
1258973
1255507
1255988
1411088
1326470
1263351
1269302
1270045
1262480
1260556
1261057
1273991
1495816
1275855
1264805
1264684
1266437
1266508
1266618
1268902
1918216
1282297
1271968
1273691
1272017
1273280
1274442
1329245
1510233
1277859
1275384
1278781
1277538
1275584
1280033
1277989
1335056
1282989
1403574
1721287
1300040
1293188
1284321
1370823
1517557
1290552
1290292
1286685
1291895
1289130
1289421
1434081
1321691
1296433
1292206
1291845
1296113
1293368
1305551
1463897
1297726
1314948
1296013
1296353
1300852
1298207
1299249
1464978
1301923
1305260
1302134
1306132
1303807
1661767
1316351
1477692
1305090
1305640
1310219
1317433
1308276
1306984
1390570
1378878
1312844
1315629
1320539
1321882
1314427
1311171
1394738
1388305
1315799
1323043
1317713
1328875
1316892
1316952
1445893
1341769
1322743
1330968
1327873
1320138
1321250
1323374
1495236
1330287
1325107
1331910
1330046
1325108
1330226
1325468
1503891
1330557
1346297
1344093
1329556
1334695
1331159
1331990
1508460
1347869
1337471
1336068
1336469
1337219
1335256
1340757
1544969
1352638
1340817
1342600
1339525
1342930
1352488
1419944
1398314
1358189
1345796
1343742
1346206
1345575
1345154
1506686
1357788
1347108
1348631
1352168
1348611
1369530
1351106
1520392
1351757
1354432
1352449
1368278
1386021
1364050
1375601
1468626
1396220
1361505
1360212
1357808
1484084
1359141
1368217
1598007
1363318
1363529
1365272
1368257
1363359
1367476
1568562
1374760
1367236
1385850
1382054
1371063
1368127
1369039
1520272
1372866
1369660
1371384
1375171
1395919
1378287
1540750
1383216
1375952
1379038
1376002
1379168
1377035
1538807
1385791
1385029
1381021
1381442
1380260
1381963
1383286
1549917
1384338
1382715
1387664
1385901
1387153
1385329
1843787
1996352
2012111
1390750
1388546
1392483
1434372
1488222
1392784
1393114
1391281
1394207
1391972
1396581
2115605
1398635
1399557
1395048
1399837
1406880
1402531
1564906
1409756
1398574
1402572
1409926
1404295
1401390
1429702
1569824
1405177
1404285
1407130
1405507
1408864
1406589
1560206
1431997
1408162
1408653
1409194
1410106
1414384
1418301
1619598
1418642
1414494
1417750
1413202
1418221
1424253
1451343
1582238
1474657
1418301
1421558
1760832
1420967
1434571
1421597
1639846
1453527
1429292
1429141
1430594
1453727
1432027
1434161
1425895
1427198
1427549
1426367
1478233
1443549
1431056
1443148
1431215
1435303
1429382
1434081
1441064
1436004
1433419
1436375
1433930
1438719
1435063
1449239
1438158
1441024
1447666
2116236
2487110
1712512
1439711
1440112
1441003
1444300
1445963
1443619
1466772
1482040
1602465
1795476
1448258
1454920
1447106
1529770
1450332
1450691
1448168
1448267
1448077
1450342
1523828
1452896
1457254
1454599
1459799
1452776
1456854
1484756
1464818
1454970
1460671
1455681
1457554
1459578
1789886
1462524
1459398
1461552
1465059
1463516
1464458
1462083
1466361
1464908
1466551
1467634
1464097
1468195
1465009
1488052
1467313
1469567
1467232
1472733
1467894
1468776
1490706
1471150
1474086
1471470
1476450
1472212
1482141
1809953
1479346
1478123
1476009
1480036
1480448
1477923
1630497
1477372
1480998
1479586
1480999
1482632
1479806
1499543
1482160
1485256
1482111
1486690
1484235
1484225
1502128
1487190
1490526
1485467
1490767
1488602
1488262
1824701
1491648
1490717
1493452
1491779
1496468
1492951
1509492
1494063
1494153
1497529
1496878
1501206
1495235
1520793
1499363
1499293
1503009
1501136
1502950
1500815
1688396
1504372
1501396
1505905
1502259
1506145
1509321
1764849
1507569
1508239
1504282
1511826
1510192
1508159
1528126
1507388
1510875
1509501
1513018
1513059
1511756
1531753
1519090
1513439
1514201
1514471
1519431
1514782
1851541
1520172
1519010
1519440
1521795
1518770
1521895
1531754
1519981
1523428
1519531
1524950
1520773
1520934
1542102
1523358
1527526
1524971
1525201
1526824
1527115
1529038
1539327
1526934
1530371
1527686
1529279
1863774
1531693
1529389
1533487
1529839
1533928
1533646
1574984
1537494
1532775
1532555
1536713
1533777
1537975
1553764
1535180
1538215
1536832
1541631
1541411
1539819
1561750
1542493
1543856
1547062
1544718
1551740
1547433
1560807
1552201
1548705
1544848
1564374
1556600
1546371
1567881
1548094
1553474
1553104
1551340
1556289
1568341
1550829
1558053
1553394
1558663
1557692
1556069
1573982
1559285
1556449
1565606
1562090
1557622
1561088
1714465
1560527
1565256
1565106
1562701
1564965
1761042
1564795
1566098
1570196
1565687
1569995
1568302
1580104
1569905
1572480
1571218
1572199
1570095
1570676
1587277
1569835
1571898
1576757
1571447
1577158
1576798
1587568
1578852
1579212
1609108
1588940
1580475
1617093
1578851
1581627
1580505
1583991
1583370
1579563
1599000
1584282
1586996
1595462
1586075
1582568
1584552
1637451
1588680
1762355
1662908
1643893
1590844
1682075
1591565
1603217
1589762
1594521
1593058
1613315
1610781
1596946
1591906
1597166
1597917
1592998
1621011
1598218
1594771
1596515
1599460
1599149
1597166
1616081
1602536
1601795
1602966
1602336
1602646
1614989
1604880
1602525
1604079
1605501
1603147
1602255
1623445
1608957
1606713
1610921
1609318
1608156
1611332
1648141
1760891
1654803
1614538
1611973
1612324
1690190
1623244
1614088
1611432
1619828
1614748
1644033
1639796
1619728
1618626
1615600
1638894
1621851
1969432
1620148
1621491
1623414
1622814
1621682
1884343
1625399
1627583
1623915
1627682
1628804
1624056
1637020
1629305
1628174
1626019
1630287
1628865
1641279
1628364
1631990
1632822
1628244
1638163
1633313
1651247
1632271
1635227
1637611
1633644
1639445
1788443
1635267
1636329
1635658
1640386
1640566
1636779
1660905
1645566
1757225
1647920
1657569
1651958
1651377
1643623
1653931
1655234
1657168
1645466
1655665
1659492
1654082
1652500
2312663
1650084
1665283
1654993
1652649
1661086
1654282
1742487
2870456
1765530
1656646
1657108
1657268
1656637
1670893
1655375
1659292
1657729
1659071
1657649
1660524
1667026
1662969
1659582
1666034
1665363
1664091
1673398
1665584
1664382
1665824
1672968
1667778
1674730
1667727
1666084
1669160
1669571
1671635
1666064
1676824
1671334
1671605
1670172
1673639
1673458
1682766
1670894
1672957
1674801
1675643
1672968
1681693
1683057
1678097
1676965
1674450
1679229
1677375
1683607
1675973
1680421
1681393
1681844
1679189
1696522
1691502
1683798
1682044
1680712
1685160
1707351
1687094
1682826
1682455
1689128
1688366
1697153
1694868
1707722
1692153
1691081
1687535
1687254
1701180
1692644
1692444
1689338
1692194
1692754
1703194
1700549
1693155
1696391
1696151
1696401
1702222
1698585
1699356
1699407
1698455
1696701
1701140
1710047
1704175
1700779
1699787
1705218
1710317
1707702
1727609
1701711
1705718
1704797
1707252
1716920
1704697
1706209
1711339
1713263
1707051
1719845
1712862
1712472
1714364
1720927
1711900
1724253
1715016
1715267
1710458
1712001
1716058
1727560
1715778
1718763
1714505
1720056
1719745
1725766
1718432
1717210
1720687
1721749
1721778
1723542
1732909
1720266
1723241
1724093
1724844
1719775
1741836
1724244
1724384
1724593
1726007
1723372
1736677
1727630
1729724
1729032
1727489
1744612
1772012
1735825
1899160
1963451
1737699
1735985
1770229
1733611
1733981
1738811
1736917
1786801
1739662
1733070
1734783
1741025
1739963
1739091
1740464
1736546
2271226
2420424
1745854
1744131
1742087
1743940
1741506
1742457
1776491
2550949
2383586
1753629
1747036
1747807
1746395
1748809
1745383
1748909
1747277
1749079
1751514
2022090
1789967
1759328
1766322
1751554
1780859
1756333
1755712
1755912
1755963
1754359
1797671
1760361
1760070
1758157
1759168
1760010
1776000
1764739
1760641
1775499
1761102
1765441
1763436
1760511
1759429
1788704
1764328
1763667
1763687
1763637
1762905
1764619
1766833
1765290
1769487
1767995
1769899
1765510
1766161
1781791
1772243
1771853
1771271
1783264
1785799
1769358
1774778
1772453
1774988
1776611
1774458
1774848
1773536
1774046
1782803
1779888
1777723
1777443
1777904
1779226
1776240
1778484
1782341
1780388
1780739
1784646
1781901
1778645
1789475
1783965
1781310
1783023
1783354
1785618
1783944
1787502
1783124
1785348
1786229
1785357
1785869
1786520
1788864
1787432
1786610
1787461
1791699
1791829
1792000
1792390
1792611
1793493
1793222
1790006
1793403
1796258
2048840
1914720
1798462
1796528
1798853
1796529
1796278
1799724
1797670
1796037
1797600
1799814
1799524
1800445
1801247
1800816
1801377
1802760
1803181
1801398
1802960
1803582
1807970
1804483
1816957
1807218
1805956
1807158
1807118
1804504
1804564
1808771
1810505
1810234
1817377
1810224
1809944
1813300
1813440
1810905
1811647
1814242
1816616
1815624
1814542
1815394
1816946
1815965
1815083
1816095
1816325
1814872
1818630
1820193
1822998
1818339
1821546
1832295
1825092
1821205
1822477
1821605
1820713
1820703
1824591
1826825
1826564
1824972
1826795
1828378
1828297
1828378
1828147
1828277
1828148
1827316
1828128
1829069
1856731
1831835
1831815
1833216
1832656
1834229
1835090
1833468
1834118
1843717
1832996
1833367
1833808
1842975
1836072
1837044
1839779
1837555
1840621
1839799
1839178
1841914
1841182
1840059
1839719
1839489
1839499
1840040
1845339
1844298
1844808
1842113
1846081
1865718
1846582
1846482
1847394
1848185
1846852
1847063
1859335
1851531
1849467
1873783
1846362
1846832
1860338
1915521
1863333
2226161
1885945
1859606
1888971
1863915
1855499
1854025
1851832
1897387
1857352
1855990
1861189
1859416
1859807
1861439
1873823
1932162
1863223
1863363
1861750
1863223
1862562
1864286
1862692
1864545
1863623
1865006
1865147
1868803
1865667
1867220
1868163
1866890
1865828
1865046
1867401
1865617
1885785
2174204
1883541
1872020
1877519
1873703
1908688
1875166
1870145
1870997
1870858
1908187
1888490
1872370
1873753
1876999
1877670
1876478
1877029
1877930
1905542
1880736
1880896
1882359
1882469
1878362
1880195
1881096
1883761
1882699
1883120
1881978
1884483
1886527
1884904
1893720
1886747
1887608
1888009
1888991
1887498
1886477
2093273
2618916
1890414
1890063
1889522
1888971
1890804
1892638
1902907
1891115
1893620
1896235
1892819
1892939
1894301
1891286
1894812
1893740
1895885
1894933
1898730
1897036
1897727
1899020
1897838
1897287
1899691
1899831
1898589
1900313
1901395
1911093
1912045
1909409
1902747
1903438
1903589
1902537
1903599
1903378
1904230
1902797
1905071
1905673
1906223
1905322
1906855
1905211
1907125
1909229
1908027
1908729
1908478
1911042
1909960
1921552
1912034
1911183
1912075
1912576
1914789
1926482
1914319
1917284
1916002
1917044
1916302
1918687
1918245
1917935
1920981
1918376
1918656
1920791
1919428
1920180
1920490
1921472
1920149
1921643
1923265
1921432
1922474
1925830
1941299
1925620
1924979
1925860
1925028
1925720
1924337
1925229
1946128
1930759
1929637
1930559
1930990
1946178
1931811
1934226
1931260
1932743
1934035
1935448
1934696
1934246
1935288
1935548
1946990
1936921
1937863
1937442
1938363
1937091
1937312
1942882
1937832
1940056
1937602
1943173
1942191
1943393
1942892
1944184
1944806
1944014
1945948
1945657
1969672
1952891
1946649
1953322
1946378
1949234
1960475
1947350
1948793
1948783
1949524
1956718
1950216
1950005
1952850
1952550
1951859
1952490
1955365
1953391
1956999
1956006
1955556
1959203
1958522
1957128
1956507
1959052
1956357
1960344
1968800
1961447
1961096
1960525
1962509
1962209
1961086
1964032
1963700
2024023
1971125
2328182
1995831
1967177
2003345
1967348
1968520
1968079
1966556
2019946
1970092
1968049
1968400
1970083
1972568
1969602
1972707
1971305
1973058
1973690
1975553
1974511
1974511
1970173
1973490
1974992
2332921
2356305
2578721
1981644
1978549
2006231
1978659
1977416
1980783
1978829
2039913
2159196
2035364
1982486
2026658
2280834
1984760
1981464
1984830
2006510
1988397
2010980
1984319
1985561
1986694
2000470
2012141
1985813
1986503
1988387
1992274
2330466
1989098
1991363
1990791
1989619
2147184
1993727
1993667
1993757
2002403
1995751
2033932
2002634
1996852
1995511
1995511
2015728
1996152
1998506
1998295
1998646
2342789
2000680
1998646
2001381
2001161
2050133
2002433
2005068
2004237
2005839
2026188
2003746
2005539
2004818
2005859
2004787
2361425
2006681
2005979
2008605
2007252
2272378
2011179
2009486
2007944
2008234
2032129
2010508
2013354
2013423
2010849
2035435
2011751
2013143
2013343
2015618
2358399
2013554
2014897
2017091
2014956
2015688
2043630
2016560
2026148
2019085
2019365
2042138
2020898
2019776
2021839
2020948
2042659
2020807
2021058
2021849
2024254
2366123
2022852
2023943
2024013
2023322
2078095
2025797
2024795
2026569
2026368
2050003
2031227
2035645
2031117
2030406
2029885
2051114
2029383
2049802
2034083
2033571
2295852
2033692
2035385
2034192
2035365
2056674
2034263
2073756
2036888
2037819
2064880
2040525
2039572
2040094
2040825
2400197
2041166
2042368
2042218
2041727
2197819
2044833
2043420
2044853
2042739
2064870
2045493
2047117
2045734
2044682
2047378
2073947
2047718
2049111
2048029
2049531
2068927
2052066
2052136
2050913
2051014
2104574
2053739
2055122
2053739
2053830
2307914
2055994
2056024
2060392
2059319
2400277
2058038
2059259
2059590
2060331
2321900
2061754
2059811
2059360
2060441
2081030
2059871
2131434
2061664
2074648
2122127
2065491
2064449
2062936
2064569
2083125
2067625
2071553
2072003
2123650
2094185
2072764
2282927
2473754
2655164
2082603
2072314
2074729
2126285
2075410
2075971
2073997
2078866
2073045
2082332
2075349
2075480
2075029
2079948
2077443
2078406
2078586
2078466
2152153
2078215
2078846
2093063
2080029
2086130
2082683
2079968
2081992
2083334
2086780
2123940
2314297
2090558
2096178
2089035
2091650
2100386
2087592
2090899
2087251
2088163
2093704
2090868
2093513
2090688
2092351
2090188
2093012
2121586
2094535
2093083
2093503
2094876
2093844
2094446
2095267
2095257
2110044
2095307
2097431
2094896
2095988
2097991
2099395
2099625
2097711
2098472
2103812
2100156
