220
2184
3135
4068
5961
9728
11110
13726
12543
13365
15489
17463
18675
19777
20919
24065
31309
28083
43792
31579
33483
34124
35988
37731
38582
40476
40926
42841
44102
45135
46768
47399
53440
55544
57969
58650
60363
55855
33232
34465
35306
35125
34865
36408
37330
37751
40736
41377
42089
41257
43712
42720
43742
44313
44794
45384
46066
46366
46747
51747
49152
49803
50574
50264
53951
58440
55634
57407
58729
59582
60463
62377
65202
64842
66664
72506
68989
66965
68458
72104
70402
74089
72796
76453
88316
74900
75461
92223
79168
78116
79499
85470
82614
82064
82744
83316
85841
84367
85910
90950
87433
90339
88967
89087
89618
91531
93054
92904
92894
100618
96801
94437
98203
99436
96661
97813
102852
100097
108743
102412
101860
106830
106258
103845
108563
107621
110186
114805
108914
131657
112320
113241
120586
119874
122259
132287
122760
123642
126947
127398
125264
127579
134712
130975
130324
134712
130765
132528
135112
140523
137106
137146
138599
142165
140723
140473
152585
145682
145723
150792
148117
147615
151723
152465
152194
150772
155291
154018
169116
178073
162764
157424
160470
161302
269454
368358
369460
365424
220192
168786
169387
174847
169167
170749
172353
168024
172503
171310
171110
173063
174115
172333
178203
192390
175849
179846
178614
181530
180838
180297
180528
180778
185367
186298
184364
190526
186088
192120
188152
186429
188342
191428
195756
188653
190927
193692
196368
199693
200675
199603
195526
195436
200876
211836
199202
200855
205734
201506
202418
202689
206636
212417
207688
210063
205975
216134
214300
209101
208690
208449
215253
212407
216996
217347
217276
213840
314869
218449
224981
226574
218148
222135
222206
226113
224350
222225
226824
237113
235580
234178
232524
235060
241392
236041
244647
239197
239297
241331
246811
245479
244948
246762
250639
252712
252032
257150
257311
262191
258202
264485
261258
262972
263432
269243
266589
266598
266799
271698
289832
273191
278070
279923
273711
284672
282869
279803
279833
287627
286886
289922
286085
288319
282057
298268
288950
286235
294671
295422
289932
294591
295623
295062
296113
302085
300382
294901
302195
308547
304459
302525
303728
310851
312795
303267
641008
305812
305902
312414
316882
309499
315210
320058
314408
326510
319728
322463
320960
325388
321881
324327
324897
322102
333183
329806
324366
337581
326079
327662
332081
336730
333834
336379
329135
331931
336950
331911
364751
334045
342661
341678
338293
354252
344725
345396
351828
346948
342360
357759
349253
354182
351928
356286
354613
359092
353731
354383
351497
358621
362147
361827
356687
373498
364101
365854
371845
365233
388987
362788
368349
365323
371414
378387
369621
375583
372457
373087
385000
369360
383778
380471
377396
375312
382284
384378
390830
377816
381202
385561
388456
379209
381393
388586
383798
393064
401611
383948
393315
384729
390199
389949
399988
391432
396481
398635
396691
392694
399166
398876
405188
395369
415046
404205
399106
404246
400048
416438
412151
416719
407221
411990
416058
405027
408714
407332
409706
406029
422469
421779
407773
419224
416699
417921
422741
418762
412071
419033
422009
423512
423993
421959
424704
433660
439531
421558
447176
620320
445853
425726
432228
431787
438330
431287
429784
437167
437027
435103
436776
434202
440965
443469
433851
448839
439692
436396
441085
441044
458437
449009
446154
461723
449370
448488
446244
450942
454981
450292
451614
454069
457435
460731
455451
454900
460841
460711
460961
460401
456363
467995
456513
458017
462324
467063
529349
482472
473905
483033
497500
486940
481250
498342
482272
486500
489866
489815
486910
499043
497410
495055
491569
496939
496969
513239
503771
522977
511266
500325
504834
515233
501828
510174
509141
517707
515875
521435
510484
532325
523889
521756
524541
548425
534119
528258
530612
625820
546802
536783
535691
540721
536333
548085
537645
539418
543075
543867
544738
543506
546081
548386
555558
549608
548736
548245
558343
576037
550349
559125
559416
557582
567912
565608
561390
567872
570496
576007
563793
569495
566740
575075
570867
572059
583371
588830
576869
579173
575075
581056
587048
584924
589341
588330
584813
590574
582979
599952
589302
598028
597908
597838
588590
900894
602276
604360
610281
604780
601003
600513
608678
602957
610371
615961
606053
603658
604560
614479
616433
609660
629947
619078
616021
613567
623225
611774
619188
615030
613888
621452
622614
625359
628715
622043
628605
629457
639576
638964
634126
636651
625960
648853
634467
633925
638333
640928
657459
645056
646448
653051
649955
654143
645447
648632
660524
660886
649945
658461
655255
666997
651348
662408
657339
651457
652189
663941
665063
664933
664772
668549
685361
675182
661166
663190
681053
677817
687916
682757
689769
674942
676916
671075
679139
692254
679139
689929
675402
685071
698296
674370
678609
682896
686534
679420
690350
690421
694669
690852
701641
687095
692414
711320
700479
694348
694869
692314
690120
699798
701401
709677
701682
702223
711420
712763
701892
723662
730666
704216
705118
709116
723682
728111
712302
713934
717371
733821
714175
713263
715367
718824
720577
736787
722120
735294
726137
722701
743520
731117
733391
724364
740324
740665
733911
731337
730786
757556
745354
737609
736156
735485
736677
749331
748209
734763
749381
746696
742608
757246
751625
756394
751645
746295
754250
752026
764739
754350
758057
752577
754080
762195
758468
776681
760712
1066293
761484
778745
762275
779767
778164
771712
769839
768246
786270
768136
769870
768977
764519
788945
776892
769298
773957
774919
780920
777433
777674
782272
795297
784587
786510
804854
797130
796459
795597
788404
790928
787723
797601
791800
790117
816516
789145
794576
798733
801078
990622
791059
801368
790748
797851
809864
804755
800196
815144
810685
809874
806608
809684
985192
801719
807800
804805
805866
809404
812158
823520
814071
815114
807399
832827
828739
823710
822798
828729
812679
820353
818299
824792
816255
826034
822478
838908
825092
839028
832266
822237
822557
817659
834410
832196
826014
839901
832486
837285
832757
841353
863875
836243
845280
859526
835812
832596
846302
840461
833218
836183
835652
844188
845280
944966
847253
849328
849037
860739
846302
848646
852254
852553
851361
851832
864967
869726
860408
859837
869856
851001
855639
865157
860849
875417
870156
860328
873403
1186548
864686
872791
858655
866109
881608
867752
880556
870697
881348
885065
896155
899261
865138
870467
864927
892348
879904
895584
884664
875467
881077
880906
904140
908157
889984
880686
888180
885656
880516
894592
890565
887830
887299
894803
896045
903479
891015
896325
891757
896256
904000
907867
895264
906274
916263
911083
905713
1129250
928195
897828
904070
909580
899081
910932
909601
917616
915652
922174
930500
914460
914259
911183
913167
915681
929017
920982
929447
945928
940238
1335897
930069
929527
919058
930229
988477
962870
948373
933915
936531
927343
930209
934848
933115
931832
930409
932813
937653
944175
948563
936902
965354
938725
944986
947541
961718
938945
951068
937582
943383
939947
941230
950296
940849
943204
943203
951689
944876
953402
950186
956258
960926
955046
961067
955476
952240
971917
969343
969051
964964
974381
973129
970594
972137
979782
983118
986864
973019
989129
987176
1027270
993096
1007474
994339
1004387
1006792
1004478
1026729
1015138
1012553
1008845
1002645
1017181
1013945
1026389
1016020
1011020
1018834
1024475
1021009
1026118
1021269
1031207
1023142
1031718
1038912
1044903
1151072
1029425
1042969
1059410
1039453
1049552
1039674
1050143
1060232
1041567
1039513
1047719
1055553
1107120
1060442
1057156
1053469
1112269
1057587
1070120
1062827
1059701
1064981
1072104
1078937
1080570
1099275
1078636
1080229
1074138
1091210
1075321
1085620
1082554
1082894
1084777
1089888
1086060
1083616
1088414
1090168
1093694
1087473
1093263
1102280
1094496
1092111
1103443
1109113
1108262
1101799
1115996
1125013
1104685
1116347
1108202
1108792
1119051
1139520
1124833
1116136
1123831
1126616
1115715
1116838
1132477
1134371
1375792
1720386
1274873
1144599
1124552
1133900
1121136
1144089
1133058
1131455
1137927
1135803
1141153
1145461
1143808
1147735
1157564
1149448
1140913
1137246
1156863
1165759
1144339
1156652
1153486
1164207
1164317
1146092
1145050
1145861
1236181
1174305
1155560
1154789
1176830
1168534
1162984
1178082
1163986
1171059
1169396
1183552
1179955
1173884
1175617
1183212
1169015
1180467
1194533
1179214
1176529
1178984
1186589
1178944
1193812
1194022
1195725
1204211
1201526
1200975
1203640
1210412
1208870
1201386
1209731
1189092
1199732
1201416
1195735
1200284
1205794
1216884
1226643
1211856
1246901
1221223
1212307
1216965
1221443
1228747
1222475
1220242
1215212
1234938
1214911
1217215
1212146
1214921
1227645
1231252
1226102
1230520
1243254
1233766
1228246
1244447
1251730
1231543
1228366
1240850
1231582
1252331
2057777
1246089
1585954
1237764
1254325
1257651
1250367
1248203
1241110
1248283
1566939
1251620
1254505
1252932
1269664
1245479
1249736
1278861
1278941
1248874
1261608
1268261
1272038
1265355
1279422
1274923
1271657
1294019
1271627
1287707
1279812
1260216
1287848
1281115
1275464
1298557
1273431
1267900
1298718
1293978
1291274
1302655
1290773
1481529
1298407
1291675
1289600
1290983
1291123
1301563
1288228
1298968
1297836
1292125
1310810
1295492
1309618
1306503
1306613
1312544
1308976
1311352
1309839
1311101
1318134
1993977
1727950
1322462
1313515
1316361
1318946
1317603
1328824
1309378
1319297
1316471
1326299
1333943
1315880
1328914
1334635
1326079
1343251
1325678
1340245
1334725
1330887
1352839
1333102
1335025
1353420
1354472
1342800
1349592
1350875
1348551
1360673
1345855
1353721
1348872
1340686
1360012
1354943
1353790
1359512
1366675
1357036
1349834
1360644
1342619
1370783
1361616
1397533
1353600
1376934
1350094
1394617
1368708
1373868
1364581
1358580
1368959
1373738
1379519
1388145
1376813
1382925
1374169
1379298
1380040
1358329
1385149
1378918
1391892
1399987
1375782
1391251
1396991
1390629
1393755
1386542
1428430
1389638
1397933
1397452
1382725
1399416
1392392
1401159
1431366
1411048
1406379
1401280
1419113
1412239
1421607
1446965
1401540
1433049
1429102
1415586
1399476
1408883
1424924
1415997
1441594
1418241
1431476
1413001
1427058
1418452
1431817
1438118
1431406
1440422
1423301
1423230
1454389
1429653
1442997
1439661
1438028
1426607
1439320
1456703
1441515
1450732
1431977
1468625
1440573
1451363
1435554
1453176
1461843
1445803
1447075
1451874
1461613
1466571
1452856
1458676
1449169
1455511
1450351
1743820
1500395
1456483
1461121
1452986
1450662
1455361
1462664
1443588
1467884
1537284
1453907
1471591
1469127
1469006
1466771
1480818
1474437
1473845
1472343
1457164
1468444
1475167
1498952
1474426
1476200
1472723
1480879
1468695
1491117
1482682
1495876
1483143
1472663
1480728
1498672
1483713
1514111
1495075
1484094
1479175
1480026
1507388
1493612
1499002
1518669
1498652
1496808
1504793
1489184
1493302
1497499
1507538
1522476
1504873
1500465
1500575
1509402
1510333
1518909
1509021
1514260
1549347
1520442
1509592
1515683
1524420
1526975
1518960
1516324
1516686
1509452
1520212
1509021
1580404
1532685
1539949
1534158
1535029
1534689
1529850
1521705
1525482
1533296
1533687
1539057
1548865
1909649
2147073
1950346
1551180
1530451
1535721
1548214
1557872
1528217
1558854
1537424
1560718
1546721
1562571
1545850
1538797
1552342
1553274
1561008
1551109
1557041
1550258
1566027
1557382
1569073
1570656
1558083
1565446
1559245
1564034
1583159
1558243
1566228
1558724
1564966
1572720
1579121
1557631
1550719
1566298
1582148
1582598
1574534
1590884
2115484
1568051
1596234
1573010
1588048
1582558
1577439
1582719
1568462
1586596
1586466
1588470
1591034
1593067
1597566
1586997
1579453
1590182
1583600
1592577
1582027
1591555
1616551
1611342
1610250
1600251
1612193
1608677
1633193
1592257
1598848
1601694
1595583
1611352
1620990
1604749
1603046
1609869
1621922
1593489
1598317
1615210
1603948
1610510
1620961
1613546
1594350
1605121
1618035
1610550
1618416
1624918
1630668
1616802
1626460
1637982
1650275
1626160
1645065
1638814
1646758
1621090
1637511
1632592
1644334
1630267
1645205
1632592
1632131
1639114
1635737
1634926
1641058
1647680
1637982
1655154
1634986
1632872
1628785
1656246
1641097
1643001
1658080
1647129
1645476
1642881
1654312
1666505
1646999
1663780
1650475
1654232
1659281
1670012
1663560
1669681
1674750
1663299
1659632
1668820
1664401
1672647
1678908
1655645
1685611
1672547
1655605
1658170
1698835
1681985
1672016
1666646
1663119
1697843
1675151
1729432
1678127
1758558
1676955
1663129
1678567
1695008
1665403
1684068
1678067
1815093
1686743
1685110
1690009
1691272
1695109
1677716
1697924
1720977
1668298
1690900
1686282
1693476
1684328
1688185
1684128
1717621
1701481
1690901
1693145
1698264
1704406
1687154
1688787
1700248
1713714
1695740
1704396
1696030
1715246
1716168
1751063
1697453
1692624
1718442
1719915
1724634
1697583
1707692
1697113
1691492
1702252
1706620
1714104
1717059
1701791
1700419
1710468
1744411
1715246
1727620
1721638
1734402
1709586
1740123
1723251
1750262
1749180
1727930
1719203
1720606
1747126
1725956
1723722
1736736
1716298
1744311
1734372
1733721
1736306
1752175
1729372
1734322
1749831
1749580
1736957
1744811
1756123
1741946
1759669
1739261
1747186
1735995
1752155
1732789
1723702
1738780
1737187
1772363
1765310
1746264
1755471
1747557
1762285
1762144
1746274
1748138
1753848
1781620
1772824
1748609
1751423
1779106
1762825
1774677
1770479
1774707
1761653
1766642
1759048
1767545
1768225
1776450
1776411
1796438
1790537
1778755
1773976
1785989
1771972
1779165
1796919
1784445
1784857
1781430
1772704
1775850
1789906
1792631
1783574
1807399
1790046
2022571
1802028
1777853
1815263
1786519
1811386
1800015
1788052
1780087
1799233
1806036
1781380
1812227
1804454
1819371
1797280
1806827
1812559
1796829
1809171
1799384
1810996
1824280
1809412
1799364
1808270
1811907
1805204
1796629
1826094
1818740
1814693
1813631
1814953
1827646
1836222
1822768
1825883
1844327
1833237
1809813
1819983
1838788
1813621
1831985
1824811
1834339
1838206
1829530
1821284
1842825
1833868
1830562
1848575
1834679
1824030
1835741
1823468
1838958
1848545
1844919
1826535
1836092
1835832
1840720
1832135
1838447
1850919
1860227
2207135
1984549
1846211
1852143
1846041
1853073
1851060
1849717
1858624
1853014
1852513
1839368
1845790
1878863
1840891
1848325
1853164
1847353
1872521
1866429
1859386
1874414
1874814
1866940
1883400
1867551
1877850
1869284
1893038
1874033
1863213
1866629
1857763
1881377
1900413
1885795
1912294
1882780
1904680
1893770
1892238
1882709
1897056
1893399
1884954
1881517
1891526
1896826
1879424
1891636
1872921
1902707
1905592
1876568
1914228
1949785
1974742
1902557
1912555
1901645
1897998
1924447
1909449
1896705
1897697
1926862
1907876
1898369
1897828
1899190
1901004
1896125
1978529
1911032
1906764
1911734
1931190
1918727
1910912
1946208
1906744
1909930
1905662
1914900
1909430
1907385
1903268
1936841
1926972
1923816
1906254
1913427
1915911
1910230
1911623
1942731
1927574
1931841
1924357
1919718
1919829
1927723
1921432
1932843
1932993
1944514
1931510
1931480
1963821
1933735
1954754
1938704
1937993
2046104
1944095
1935408
2021579
1946258
1944095
2002914
1961617
1939205
1954614
2014736
1954584
1936109
2018954
1954073
1939966
1988407
1992534
1988306
1974000
2012432
1963790
1952850
2032129
1994048
1966066
2011159
1988427
1974000
1968339
2012322
1958161
1970524
2056354
1961206
1956207
2025787
1999157
1968540
1978479
2072864
2013995
1984991
2069208
1984019
1994538
2079377
2019815
1996883
2031778
2048810
2003795
2003575
2087833
2037960
2040374
2103302
2009857
2027019
2081301
2032238
2020477
2066273
2063147
2020707
2025616
2110224
2063578
2043200
2115915
2053639
2039151
2147535
2041796
2055833
2097280
2092341
2050974
2094185
2111357
2058488
2069378
2138878
2078215
2054120
2195354
2072824
2106638
2149959
2096289
2073987
2144238
2127256
2100086
2148165
2127417
2088003
2141783
2157443
2104594
2130683
2155359
2107931
2126976
2177390
2105025
2109794
2197438
2185385
2108702
2211844
2110085
2125804
2190053
2138938
2133769
2229818
2126405
2114102
2245017
2134591
2157743
2195203
2132166
2138207
2200985
2153165
2151752
2205973
2161520
2141844
2195905
2160800
2130182
2157433
2149939
2159927
2160028
2205483
2165007
2160929
2191546
2155529
2157273
2166109
2166419
2160138
2156461
2176929
2185676
2175487
2202367
2182780
2158414
2163344
2173443
2170487
2172962
2190124
2184042
2182129
2179795
2180406
2198048
2192429
2197668
2172320
2181868
2193600
2191457
2215361
2195444
2226241
2202387
2215161
2213517
2297766
2211453
2217746
2228546
2228606
2247762
2216654
2210151
2223436
2215471
2226923
2224939
2241861
2227955
2228576
2252450
2222625
2227083
2230590
2230600
2230079
2247772
2249455
2238023
2281445
2265374
2250186
2273620
2250897
2251489
2254074
2228696
2250657
2252030
2252110
2245157
2258372
2245908
2244996
2245447
2241600
2268470
2264653
2272538
2268962
2297615
2282316
2256347
2260876
2281003
2265014
2274411
2289119
2289660
2264804
2291093
2278960
2271707
2291073
2268110
2275764
2294439
2290081
2289731
2337299
2311040
2309237
2307002
2286875
2323483
2298747
2310689
2306862
2284190
2294659
2315157
2318635
2297835
2299108
2295922
2316811
2310209
2311401
2321249
2309898
2326399
2339162
2325848
2324204
2338241
2330938
2330145
2320117
2317081
2336708
2324586
2311481
2323604
2318454
2341367
2331599
2337560
2340796
2326458
2333662
2340615
2348651
2357267
2340134
2348470
2346386
2346156
2354131
2360833
2377895
2357898
2366774
2350975
2355243
2364049
2374489
2361404
2414393
2359842
2352187
2368988
2387763
2386361
2368818
2376442
2390068
2351556
2399195
2377123
2429321
2386902
2387142
2383105
2388454
2376342
2389387
2394346
2405237
2386160
2446884
2382725
2404415
2376763
2397952
2378066
2404675
2416738
2406769
2421236
2400768
2416998
2406398
2405336
2403132
2416577
2418801
2465749
2429291
2405817
2426947
2419573
2417870
2414082
2443067
2435282
2423560
2422528
2415966
2432147
2416237
2427458
2437236
2419172
2423491
2419683
2479365
2443798
2460129
2453627
2456432
2469226
2440271
2448908
2447676
2468404
2473874
2465719
2461511
2444800
2437967
2444149
2448136
2452624
2442737
2452825
2456502
2496377
2498400
2933443
2485306
2482822
2485096
2474807
2467322
2461140
2462454
2462564
2495775
2469657
2465449
2481048
2516574
2470097
2504832
2462032
2463725
2461341
2467783
2499433
2490996
2492670
2482952
2486699
2483683
2496306
2509310
2488632
2531011
2498921
2498441
2506966
2508479
2512908
2496677
2477461
2484064
2492910
2495304
2520271
2506966
2503109
2536251
2537884
2530881
2506455
2517115
2508189
2520952
2509912
2539066
2506876
2518418
2521343
2547823
2510462
2535730
2550928
2523096
2530951
2529749
2535770
2557872
2520071
2551910
2537423
2524650
2553052
2544316
2531753
2535018
2522335
2546250
2585403
2544046
2545057
2531843
2554886
2535970
2576927
2556980
2551600
2555437
2555697
2540560
2557962
2553924
2560727
2543345
2557180
2569022
2562500
2580374
2581125
2604168
2552021
2571827
2575213
2593007
2565406
2604058
2558513
2569884
2587437
2575574
2584541
2600381
2581836
2590092
2586976
2577739
2586555
2585092
2601092
2598267
2595351
2599590
2586104
2595552
2631539
2587507
2605200
2624245
2610660
2603326
2578109
2608747
2597005
2596283
2607464
2604468
2616842
2609958
2625077
2609467
2610139
2601262
2666845
2631609
2635035
2641968
2642821
2617192
2613796
2653159
2636438
2647549
2644844
2632231
2628273
2643832
2634935
2668037
2633082
2630778
2659412
2654943
2642319
2664070
2627391
2638603
2691231
2640266
2656335
2651707
2628814
2647339
2631139
2629706
2654242
2663730
2653671
2642119
2654643
2679629
2671875
2692493
2676022
2664360
2674560
2670071
2658359
2676994
2661364
2732728
2691852
3076571
2668358
2660523
2818959
2720877
2674990
2683837
2715406
2684398
2675451
2668278
2693765
2673718
2707120
2687574
2693955
2708844
2699336
2692674
2686401
2674870
2688415
2718862
2732588
2695419
2685080
2693986
2716128
2721297
2716367
2705517
2725244
2706700
2737036
2708503
2707801
2711398
2730073
2703814
2731987
2743408
2706268
2718451
2716017
2736105
2718993
2725595
2757214
2737828
2723331
2715056
2750421
2729673
2773284
2724793
2738820
2749510
2732678
2730364
2738519
2727097
2746334
2733971
2745021
2755872
2752906
2747075
2734412
2764126
2740874
2765750
2752295
2739952
2772052
2756984
2758246
2748889
2773725
2759428
2783764
2776369
2784025
2779786
2779025
2750451
2788463
2765410
2777331
2777182
2765980
2774006
2777342
2778093
2791057
2789384
2761843
2795555
2791659
2794474
2767464
2778924
2789524
2803491
2781330
2784425
2789435
2779936
2793622
2797740
2785968
2796036
2775869
2788352
2773154
2797189
2809632
2780978
2798461
2806787
2815042
2807588
2780908
2802859
2810985
2791128
2804482
2824690
2840860
2795786
2809421
2796868
2791879
2815433
2816896
2843025
2841201
2786288
2801998
2822236
2808029
2816435
2809913
2827114
2811726
2829489
2819390
2825020
2822897
2830030
2828538
2841060
2824169
2841542
2833126
2839258
2838916
2846151
2834238
2860246
2862310
2809041
2859716
2847753
2864514
2884472
2823909
2818138
2823609
2860046
2852312
2865597
2881105
2887678
3259503
2848595
2835620
3034503
2860487
2854465
2924717
2870546
2860767
2870656
2885905
2887257
2864195
2892527
2859024
2865486
2857231
2866989
2867671
2909980
2886336
2885865
2876037
2886355
2877338
2880375
2914488
2884181
2878220
2864043
2868302
2883520
2878040
2885554
2895914
2929557
2897657
2886226
2887708
2897967
2875485
2930097
2907254
2895212
2886155
2890673
2884792
2890714
2905542
2898859
2911904
2931550
2894170
2894370
2929306
2893189
2910531
2921621
2913316
2920208
2902155
2912664
2957519
2920740
2933755
2914047
2899440
2942139
2903017
2931890
2950706
2914788
2935848
2915660
2940166
2926180
2907034
2951438
2938493
2946037
2932932
2941829
2953962
2918044
2944254
2942751
2943332
2930738
2948582
2944685
2929687
2943242
2961395
2939615
2958961
2950015
2942320
2961867
3008473
2949935
2953381
2969752
2956877
2980040
2991683
2934235
2943823
2962748
2978898
2972907
2950335
2963359
2986714
2982786
2995389
2980352
2998074
2992934
3000268
2991181
2958590
3065450
2994638
2985381
3000499
2992324
2985842
2999717
2969030
3000208
3006781
3000970
2986462
3025165
2980993
2978338
2981854
2981283
2984649
3016810
2993916
3010277
3031226
2995610
2987584
2998445
3005418
3015998
3020767
3032619
3018112
3004587
3003875
3009957
2998344
3030365
3006710
3007131
2998946
3008694
3021348
3082633
3426796
3063807
3006961
3111567
3121074
3099524
3023081
3059409
3022120
3012090
3072143
3034613
3009946
3057145
3044160
3038650
3007732
3041105
3074467
3040523
3059950
3024383
3066813
3016970
3049660
3056183
3047076
3043219
3044201
3062304
3045393
3031817
3045362
3043108
3056534
3071822
3040974
3054279
3047707
3067484
3061583
3036035
3069438
3066913
3048178
3060151
3074778
3074908
3075038
3066703
3068957
3068346
3066652
3079957
3070390
3104483
3100185
3067854
3054610
3090958
3066853
3062735
3081320
3077643
3067764
3072493
3056784
3080318
3093773
3083594
3068075
3069208
3091739
3091830
3132225
3091549
3088794
3091639
3082642
3090176
3065039
3094244
3103461
3110875
3125112
3107088
3093582
3100576
3119080
3095717
3083223
3099724
3088583
3113610
3106306
3111657
3110495
3115394
3124681
3111817
3106297
3118730
3105566
3119221
3143727
3127657
3116285
3144878
3114642
3133428
3110935
3127556
3169053
3133467
3131213
3138357
3120032
3115173
3116386
3132565
3149878
3168854
3147895
3140120
3265865
3177720
3145049
3146772
3227714
3153865
3146432
3156120
3252249
3192208
3132365
3132996
3128999
3148456
3129540
3172240
3155278
3122086
3164686
3138236
3207807
3174755
3154246
3175937
3176608
3180455
3184523
3191847
3164946
3219047
3337849
3474214
3181837
3237622
3220370
3166630
3199190
3193379
3178711
3203759
3234406
3212015
3191345
3183110
3172400
3182920
3205152
3203008
3193439
3181136
3187890
3189883
3190564
3178672
3186326
3177780
3176758
3247892
3198809
3197186
3190063
3239556
3222534
3218376
3206564
3212305
3220600
3201214
3197617
3234776
3232272
3172741
3209008
3202236
3201314
3193450
3217194
3197236
3217094
3245737
3264202
3293076
3203418
3216132
3237122
3230619
3205402
3226972
3226211
3233154
3196876
3220801
3222474
3220891
3227383
3207936
3226261
3231330
3248111
3228636
3240668
3242401
3239846
3249685
3214459
3239956
3223025
3227473
3242852
3218065
3241730
3252650
3242091
3291453
3232993
3252410
3229828
3259242
3295079
3265454
3258672
3250647
3236009
3280332
3267949
3248743
3274622
3288928
3257900
3257459
3279440
3243203
3254022
3817296
3259914
3299567
3273840
3263661
3305049
3288216
3256768
3305469
3295881
3286393
3266045
3242561
3268711
3293487
3295300
3266646
3277337
3290411
3272928
3249775
3283488
3260105
3306621
3285812
3286544
3274661
3299418
3278899
3277316
3310178
3304577
3287345
3268510
3285001
3289419
3304868
3299458
3323823
3471911
3508689
3323012
3432597
3312432
3308746
3312001
3313674
3316990
3294569
3316230
3322240
3301903
3307853
3303084
3328522
3306601
3322932
3315988
3328762
3310889
3306270
3291052
3323783
3300099
3299337
3308655
3290832
3329414
3318554
3301532
3304958
3311420
3308875
3350533
3332319
3318172
3319466
3354510
3349141
3324985
3329574
3352817
3312552
3322621
3325447
3325977
3330896
3342999
3335826
3325717
3331648
3349812
3331208
3335866
3341296
3343770
3377854
3335746
3366042
3327921
3355512
3317481
3365831
3331208
3336156
3359490
3342669
3375139
3344281
3361544
3348449
3344622
3373356
3334022
3352117
3375971
3347998
3351826
3375911
3359720
3371853
3370781
3366603
3358759
3373095
3402080
3351705
3382162
3398894
3393594
3369990
3386530
3383274
3387022
3388975
3402040
3414142
3378936
3392742
3390348
3365822
3403071
3383856
3484253
3370210
3406668
3390197
3380950
3397691
3392852
3380809
3426576
3394575
3405355
3387012
3390297
3385138
3387913
3418490
3391630
3406578
3410756
3378345
3422919
3411397
3407570
3391770
3413291
3372925
3411738
3400056
3402951
3440532
3416516
3413201
3454407
3405676
3404394
3422328
3421165
3426125
3465698
3832274
3392191
3414954
3413130
3408050
3435873
3431665
3403352
3424041
3431224
3415975
3410786
3437166
3430282
3424020
3427247
3419923
3418781
3438317
3433598
3427327
3441713
3439780
3427677
3423820
3445380
3459877
3441934
3438447
3449087
3451792
3438047
3451001
3495864
3463995
3436484
3453897
3442425
3481698
3465197
3445721
3472321
3451131
3461881
3474986
3446543
3450210
3467963
3439870
3440902
3440000
3462422
3449909
3437165
3493771
3440982
3483733
3479564
3463554
3475937
3466019
3454057
3501916
3456622
3468434
3487018
3495495
3487759
3480617
3467031
3458586
3467241
3455840
3487980
3489142
3459066
3478522
3499972
3491276
3472121
3488341
3489102
3489783
3473523
3486858
3527894
3475357
3508759
3470668
3480956
3489052
3491186
3478533
3527805
3490946
3500844
3516273
3509240
3487019
3491186
3520310
3512807
3508949
3491556
3503509
3497518
3505273
3533686
3505633
3509901
3500304
3493230
3519118
3518988
3526913
3525430
3533926
3482460
3494132
3500244
3535099
3503770
3519639
3524539
3505072
3514560
3525210
3504340
3567889
3531742
3541039
3524588
3524659
3527484
3535960
3531863
3581705
3591894
3533264
3542703
3525330
3526863
3550878
3514350
3518046
3539396
3520681
3549795
3563371
3559083
3534918
3533435
3513117
3556989
3531642
3554614
3564654
3565425
3548092
3551819
3557901
3548844
3556478
3545457
3555676
3554394
3596042
3570414
3579030
3539316
3560997
3549375
3589329
3569983
3550968
3540017
3566918
3561267
3578409
3590893
3582677
3590922
3563792
3556067
3545538
3598958
3562499
3573050
3551669
3580794
3604267
3576606
3592205
3575584
3572438
3607313
3576154
3596213
3577057
3558151
3570554
3588307
3568921
3586273
3583699
3552050
3563441
3547060
3608385
3588238
3616841
3630717
3598286
3599659
3561147
3602805
3600310
3593157
3592425
3610829
3592947
3584701
3572488
3662496
3596293
3595992
3593828
3607324
3594529
3597304
3618183
3621861
3594198
3603967
3627581
3585432
3636508
3633221
3603336
3619676
3613355
3613855
3625407
3613455
3611521
3596283
3660843
3632089
3635677
3651485
3597154
3610319
3663778
3605269
3630106
3625778
3632380
3638101
3614026
3627872
3642519
3624585
3659430
3638862
3630236
3687483
3639944
3637880
3627421
3638332
3659371
3689487
3649142
3647248
3652959
3641948
3673987
3643120
3678175
3635956
3679137
3633061
3628703
3660072
3648250
3692201
3658820
3670731
3680480
3645645
3671884
3645825
3675350
3656285
3661986
3665602
3692763
3692843
3656245
3665512
3656495
3702612
3669760
3672145
3663819
3652408
3657386
3680960
3673407
3671433
3656535
3690619
3680480
3704355
3702310
3678867
3703753
3698825
3662867
3711768
3703523
3678757
3689918
3686170
3679268
3691380
3711708
3703262
3705537
3697832
3687823
3694626
3690639
3736444
3727698
3725153
3686882
3706859
3739370
3683295
3695588
3713302
3688555
3734120
3710506
3734671
3713782
3729081
3732467
3708673
3696490
3684448
3721276
3724512
3730153
3707541
3723189
3706218
3714573
3716157
3730563
3741374
3758055
3749178
3742776
3731004
3739200
3717580
3713091
3753276
3735503
3729111
3734982
3752204
3725484
3710305
3742867
3725664
3771019
3769016
3736805
3747014
3742446
3751743
3752856
3774846
3734691
3770288
3729091
3733780
3735382
3746944
3751874
3738308
3761892
3745061
3771239
3759067
3755240
3754168
3762604
3767112
3767873
3782722
3757724
3758015
3769296
3760229
3748887
3758986
3769286
3780828
3783252
3792209
3786257
3788302
3774055
3798110
3761983
3773624
3777361
3751393
3768684
3762955
3781218
3778363
3792960
3779235
3795385
3786909
3794863
3801636
3793221
3792880
3790676
3786538
3769917
3794904
3776229
3797188
3788162
3802308
3809070
3811034
3793541
3790946
3812828
3781740
3808108
3798390
3798240
3821453
3792960
3793602
3805293
3815492
3803800
3809491
3825321
3819319
3828537
3800054
3836682
3805314
3782641
3807718
3809792
3794914
3812657
3814660
3810554
3829208
3821654
3815753
3833706
3826293
3824879
3849215
3809441
3833706
3825842
3839517
3809481
3831292
3819861
3875394
3845529
3804783
3829478
3854515
3822966
3820612
3844076
3837644
3827024
3823547
3862510
3848715
3855998
3867369
3846671
3853783
3869243
3833897
3839097
3852251
3877548
3836823
3837163
3874693
3845278
3843955
3864263
3853233
3857201
3868622
3870466
3856399
3857360
3861478
3836502
3878721
3850918
3897466
3936088
3898918
4931028
3843745
3854615
3878711
3870265
3895051
3861037
3870104
3856890
3862841
3867390
3855848
3881586
3900932
3874934
3879532
3872950
3895432
3881215
3863381
3893619
3880253
3895722
3885994
3914307
3889611
3915169
3881556
3996551
4007532
4059008
4026015
3974309
4040332
3894750
3904088
3903857
3890011
3894230
3896514
3915629
3899669
3912203
3894510
3911912
3925718
3912434
3886926
3928122
3897716
3908627
3914187
3936729
3932210
3938041
3931289
3940335
3896794
3915449
3936588
3914848
3893398
3910089
3924316
3912563
3910269
3915540
3965062
3911512
3930267
3918606
3951727
3925067
3933603
3918074
3920248
3936899
3926179
3943111
3950795
3978357
3952608
3969060
3933152
3942169
3968509
3929556
3920679
3942640
3950073
3930748
3941167
3968539
3959011
3930007
3949062
3932461
3965011
3942329
3935927
3949793
3949443
3941097
3941568
3970242
3943100
3958509
3940797
4003995
3949734
3946246
3958139
3957438
3943101
3942680
3980671
3965633
3949503
3963619
3951827
3975201
4001219
3965914
3989678
4009795
3996481
