781
2485
4097
5781
7504
9208
10941
12644
14768
16091
17793
19527
21320
22963
24686
26450
28103
29816
31610
33262
34976
37821
38833
40396
41859
43592
35316
23534
24366
25218
26119
26931
27832
28684
29986
30407
31259
40256
32942
33844
34695
35557
36389
37270
38132
38984
39845
40716
41539
42380
43281
44163
44985
45515
46638
47589
48431
49333
50164
74280
52168
53030
53891
54282
55654
56596
57488
61806
59252
60053
60914
61586
62637
63499
69150
65212
65914
66946
67818
68690
69521
70392
71244
72126
72947
73639
74651
75572
79519
77165
78137
78989
79790
80732
81564
82365
83237
83778
85000
85822
90150
87575
89008
89619
90140
90831
91673
92775
93826
94568
100790
96211
97013
97904
98766
99587
100449
100870
102152
103014
107702
104426
105158
106511
107272
107773
109005
109927
110748
114576
112492
113344
114155
115107
115748
116789
117691
123602
119405
120276
121028
121899
391096
127710
124805
125556
124985
127019
128031
128893
129865
134714
132379
132439
133201
137298
133852
135766
141286
137418
138270
139112
139943
140455
141737
146636
143510
144352
153078
146075
146937
147808
153529
149562
150363
151355
152257
153178
157396
154270
155533
156234
157126
158058
162877
159921
160883
161134
161815
163448
168317
164960
165662
165702
167576
168627
172885
169820
170912
171693
172334
173276
177995
175430
176032
177043
177845
182032
178937
180670
181411
206508
183095
188215
184598
185439
186231
186581
192622
189768
190378
193915
191430
196470
193484
194285
195127
200448
204194
197512
198474
199456
199886
204815
201840
202141
203453
204776
209003
206258
206919
207000
212851
209504
210457
211458
212410
215966
214123
215065
215766
216267
221627
218251
219083
220145
223731
221937
222940
223180
228120
225174
226266
227188
256774
231175
229532
230364
231276
236175
233630
234030
245402
243298
235444
237427
238369
242376
239150
240723
241645
246394
243258
244230
244861
249620
246915
247406
248318
252976
249820
250492
251002
257014
253407
254609
253177
260601
257405
257544
260801
262595
260431
261392
261322
267574
262965
264067
745574
266091
271612
267293
268996
272503
279857
274006
272103
277532
274627
274567
275038
280548
276912
276911
279075
284115
279787
281239
285298
282602
284075
284476
285778
286049
287141
291319
289175
289615
294134
291408
291749
292200
297280
294895
296248
334780
298803
298522
302850
299875
300786
309773
302169
308872
306267
309393
305956
306637
309803
308481
309482
313541
311677
311176
316055
314111
314071
318089
316326
317718
318289
318780
318990
320533
324671
322538
323098
328308
324831
326434
360429
327416
328759
331895
329781
333928
337436
335652
333749
338076
335181
339419
336684
338357
340782
339760
339349
344519
342665
343416
347755
343807
345741
349709
347314
348356
351782
349858
350350
355309
352444
357252
383612
355499
367732
358034
362322
362823
359206
360820
372761
361842
366760
364066
364266
369937
365769
367041
370467
368714
373393
369836
371980
375387
372611
373924
377551
375537
379574
377901
378463
382169
750062
384393
381098
389162
383963
394893
389183
386838
390636
387169
387249
393461
389744
393782
391587
393241
398901
393631
400734
399072
397197
402157
399703
402678
400564
401185
406506
434728
407277
404231
407487
413990
406746
415512
409411
411775
410843
410994
416804
413930
417275
414421
416545
421824
416955
421884
418829
423647
421123
421294
425711
424549
427004
424429
459896
427715
433817
432304
432053
436010
429749
437193
433035
436953
435670
436201
439608
437183
440720
439938
443655
440951
442844
441401
444237
448103
444056
449136
447643
481486
449046
451871
451510
462220
454346
453393
456129
453794
458784
455918
460988
457962
462220
461027
465235
462070
465397
462501
467870
465255
466078
469584
467450
509148
469764
476958
470696
492547
471779
477890
474253
479212
475596
480094
476998
482899
480384
481888
480324
485324
484261
487618
485393
487729
486386
525660
488780
492838
491786
505762
497997
495773
494451
498419
494971
498820
496224
500853
498559
503438
500001
503949
501404
504470
503147
509289
505892
706420
1021804
550717
515851
518556
511964
515520
511142
514077
515410
524026
516022
520790
517044
522022
517655
523205
521592
524197
521962
526401
523525
530348
533073
528945
530730
527984
532052
529547
536440
532863
537452
534015
537151
534125
537161
541189
538854
541600
539566
543684
540147
548082
544505
550326
545377
548613
549274
546959
552070
550887
552871
551087
555346
552480
556467
555956
554013
560545
556668
561817
558862
561246
564493
560104
573169
563391
568750
563882
568560
569802
566126
575203
572097
576376
571225
575623
577177
571937
577067
573860
581164
580684
579561
584079
578178
582597
580433
584901
588928
583548
589400
587927
592656
591613
585703
592556
591524
595621
596534
592996
596633
595231
598938
598356
594679
602455
598827
605631
622011
598817
605490
602174
606572
606962
606081
611291
607975
608496
612463
610299
1202314
609738
614406
614296
618164
618895
615969
993811
622141
622552
618434
622562
622302
627091
626610
630788
640365
627130
624165
627982
624926
631790
633543
629945
636257
634985
632411
633493
634815
633132
637170
633874
643892
654102
640005
644002
645816
640306
645796
646588
641508
649824
650535
649723
652628
653050
649303
653781
655935
664661
658260
660504
657889
659802
660734
658620
662588
661956
657208
663810
664261
661285
667798
670633
665503
670392
671544
667336
671534
671975
674430
682876
678057
673748
678417
678107
676003
677766
679860
676874
680762
685751
699456
684048
689208
689247
685119
691462
689768
686522
693445
691060
688456
693516
693386
697574
1170975
694167
714625
700589
702192
697634
702452
700529
699657
701220
703103
708013
704887
711209
710668
706320
711600
712882
714234
706490
713303
712201
718753
730085
720236
729373
716328
718843
719866
719414
717240
720616
738441
719424
725065
729804
729262
724063
730886
744672
755252
754320
794135
1324293
728371
731327
735575
735384
736637
738009
740264
738240
738881
741045
742318
738631
743139
743269
970888
945310
746015
751926
754370
753879
750613
750994
754180
751695
753930
751766
753970
756083
755141
754681
753899
764539
766493
764520
762927
765371
766383
766233
760502
765962
767675
799064
769088
766323
769358
775380
776763
774318
778596
777784
779588
778185
772875
779097
777844
779547
778105
780470
782353
781572
791160
787873
787743
790197
790067
789185
788364
790699
791540
791410
792181
790518
792932
796529
794866
802360
797612
802441
803081
803112
799675
801639
803913
806097
805266
804345
803222
805316
809514
807099
813151
816127
812479
815796
817770
817279
818631
814273
821497
819212
818691
821808
822158
833209
821556
821807
829472
829501
828210
823460
829501
830393
831475
831525
830253
828329
832808
831155
832507
834050
833530
831826
835433
842345
841264
842126
842636
844259
841394
844760
844741
845521
846784
846053
842456
847285
848768
847346
848367
847856
856773
854308
857264
858015
858747
860199
857675
859999
858175
860410
861812
861732
862805
863415
863145
863566
861892
862915
871530
872613
872393
872904
872953
875408
871601
874677
875187
876480
875728
875428
877402
875769
875408
879787
880126
880518
888593
887691
887210
889425
890487
887550
889995
892921
892079
892059
893362
894043
893793
891929
895957
892590
896989
898181
897139
905545
905675
903110
905625
906186
906787
906968
905605
909151
909953
911165
910013
909162
908781
909572
914833
912628
912528
909903
913510
922546
924190
927075
922086
923849
926494
925161
925993
925884
925221
925122
928247
924490
926784
929480
927906
934449
930632
930962
932465
931925
936753
940741
944678
943957
942494
943646
944508
942715
944829
940811
943807
946242
944268
947113
944969
949267
948636
949026
949267
965308
949427
947324
958244
959897
960769
960388
957923
961460
963764
963294
966549
962031
964155
961369
981387
965959
965527
964175
966460
968033
967341
967671
966780
968383
978142
977109
977150
979233
978913
979193
982390
981026
981728
982309
981839
981938
984033
983601
985415
985676
987569
986297
988531
987770
987819
988862
986697
998820
996937
997959
997909
997708
999571
1001745
1003169
1001506
1002797
1002989
1002207
1004120
1003309
1003188
1003950
1004872
1004642
1009240
1008428
1007798
1007527
1009470
1008218
1009160
1018929
1018146
1020561
1019319
1021423
1022616
1025580
1021443
1022715
1024678
1025942
1024459
1025991
1031371
1024529
1025621
1025120
1026453
1029969
1031332
1030420
1029869
1029808
1029458
1030901
1041721
1043314
1041200
1044196
1044396
1044226
1044767
1046750
1043495
1048023
1047802
1047842
1050698
1049135
1045949
1050869
1047912
1047652
1050358
1048244
1051850
1052792
1052111
1053303
1056349
1054174
1066397
1064904
1065025
1067540
1064474
1066838
1063642
1069674
1068762
1072128
1068882
1069734
1066959
1069784
1072569
1069353
1070455
1073360
1073251
1072850
1070866
1075004
1075715
1075925
1076277
1076126
1078220
1079152
1089681
1092005
1084090
1090262
1091084
1087788
1089531
1091815
1090864
1095482
1093569
1097035
1095052
1095302
1095943
1095453
1095592
1095532
1095042
1096996
1100682
1102325
1099460
1101163
1102686
1100612
1102376
1101063
1103668
1117464
1118485
1111232
1114187
1115681
1114438
1114558
1118816
1118015
1119497
1125158
1121141
1119237
1120079
1120399
1121020
1120380
1120950
1122503
1123334
1122243
1121331
1124797
1125308
1124717
1127453
1125469
1125940
1125719
1128875
1139254
1139676
1139655
1144475
1140006
1141539
1139445
1140336
1147130
1149224
1143473
1145627
1144856
1146819
1147750
1145587
1153081
1146689
1148231
1146739
1148463
1148041
1146158
1152609
1146778
1152620
1153873
1152560
1152560
1157869
1151558
1153672
1167217
1166837
1168700
1171024
1172677
1167438
1167848
1170313
1173018
1174701
1171516
1172558
1176635
1176244
1177697
1174762
1175053
1176304
1172066
1176395
1180402
1175763
1177637
1175893
1178158
1183628
1178589
1189189
1183077
1181745
1185702
1184079
1182927
1198076
1196473
1194058
1199307
1198637
1198266
1196753
1203716
1197765
1202534
1202273
1202714
1204027
1203255
1203536
1206732
1201031
1204107
1204638
1206301
1204788
1203456
1207183
1205750
1206652
1206712
1209757
1212893
1210499
1209507
1212803
1215087
1212101
1212693
1211370
1227070
1232630
1227480
1222251
1227151
1232471
1223944
1228002
1226910
1236969
1232741
1232961
1231569
1236808
1234033
1256155
1234403
1236087
1238151
1235245
1235616
1233612
1238562
1238111
1236277
1238341
1241407
1239243
1239183
1241938
1243932
1242729
1239774
1244784
1244152
1244844
1241948
1260343
1262667
1257207
1259380
1260132
1263208
1260192
1260082
1264321
1265662
1265142
1265092
1267386
1265672
1266545
1266725
1268829
1267265
1266204
1269210
1267045
1266184
1267155
1271353
1267687
1267296
1269109
1272937
1266715
1273147
1279318
1273137
1273988
1274008
1279098
1273838
1276954
1277135
1294757
1291512
1292263
1292323
1292734
1296170
1298414
1294387
1293545
1294046
1302272
1299947
1297573
1301991
1298113
1298785
1302021
1301109
1299357
1303524
1300057
1299497
1300959
1305147
1304786
1301790
1305598
1304526
1303925
1306600
1302992
1308122
1311349
1308203
1310126
1309315
1310217
1308844
1309315
1312190
1313803
1328922
1331086
1325184
1327790
1332529
1328290
1328270
1333391
1330575
1330976
1334191
1333471
1333009
1332980
1335123
1336226
1338740
1335744
1335765
1339120
1338550
1336587
1338289
1336186
1339982
1337878
1337458
1341646
1337348
1338860
1341255
1335615
1344461
1346245
1344741
1343970
1348499
1344762
1345413
1354761
1348589
1346896
1349841
1364820
1362415
1366432
1366052
1369658
1363547
1365972
1369719
1365450
1367475
1368897
1366954
1375178
1372494
1372013
1373225
1372153
1373315
1379507
1375720
1377834
1374066
1374989
1376912
1378605
1378766
1375890
1371843
1375720
1375970
1379848
1380469
1378325
1379097
1382552
1381191
1387121
1382092
1385258
1382723
1383255
1387011
1384476
1383495
1385157
1384527
1407500
1404394
1404824
1411868
1405366
1408161
1408312
1411297
1408151
1409243
1409583
1407560
1415966
1413131
1412449
1416847
1413802
1417228
1414453
1419813
1414793
1415494
1421627
1412489
1418540
1414403
1418871
1415485
1415234
1418571
1417829
1419703
1418931
1417599
1421536
1419353
1425393
1422808
1426847
1423921
1423039
1427948
1425394
1431505
1422257
1427387
