0.285000
0.300741
0.308750
0.313600
0.316852
0.319184
0.345937
0.322305
0.343400
0.342479
0.341713
0.325680
0.326225
0.340029
0.339609
0.327474
0.327799
0.338615
0.338350
0.328587
0.337892
0.328999
0.337511
0.329344
0.329498
0.329639
0.336913
0.329893
0.336674
0.336566
0.330215
0.336369
0.330399
0.330482
0.330562
0.330636
0.335969
0.330774
0.335837
0.335776
0.330957
0.331012
0.335609
0.335558
0.335509
0.335463
0.335419
0.335376
0.331337
0.331375
0.331414
0.335221
0.331485
0.335153
0.331551
0.335089
0.335058
0.331641
0.335001
0.334974
0.334947
0.331748
0.331774
0.334872
0.334849
0.334825
0.331866
0.331887
0.331907
0.331928
0.334723
0.331965
0.331985
0.334666
0.332020
0.334632
0.332055
0.332069
0.334584
0.334567
0.334553
0.334539
0.332146
0.332160
0.332174
0.334483
0.334470
0.332212
0.332224
0.332235
0.334419
0.334409
0.334396
0.334385
0.332295
0.334363
0.334352
0.334342
0.334332
0.334322
0.332357
0.334303
0.332375
0.332383
0.334275
0.334268
0.332409
0.332418
0.334242
0.334232
0.334226
0.334216
0.332457
0.332468
0.334193
0.332479
0.332487
0.332494
0.334167
0.332508
0.332516
0.334146
0.334140
0.332537
0.332544
0.332549
0.334113
0.334106
0.334101
0.334096
0.334091
0.332584
0.332589
0.334073
0.334067
0.334063
0.332612
0.332617
0.334045
0.334039
0.332632
0.332637
0.332641
0.332644
0.334014
0.334012
0.332660
0.332667
0.332669
0.333992
0.333991
0.332680
0.332687
0.333978
0.333975
0.333966
0.332701
0.333959
0.332713
0.333954
0.332718
0.332724
0.333943
0.333939
0.332736
0.333928
0.332742
0.332743
0.332748
0.333914
0.333912
0.332758
0.333905
0.332763
0.333901
0.333897
0.332776
0.333887
0.333886
0.333883
0.332790
0.332793
0.333874
0.332798
0.333871
0.332803
0.333862
0.332807
0.333855
0.332815
0.333854
0.332816
0.333846
0.333843
0.332826
0.332827
0.332830
0.332836
0.333828
0.332836
0.333825
0.333825
0.333824
0.333821
0.332852
0.332853
0.332855
0.332862
0.333808
0.332864
0.332866
0.333803
0.332870
0.332870
0.333791
0.332875
0.332877
0.332880
0.333787
0.332881
0.332886
0.332889
0.332890
0.333775
0.333773
0.332895
0.332898
0.332901
0.332903
0.332901
0.333760
0.333761
0.332913
0.333752
0.332911
0.332912
0.332921
0.332922
0.333750
0.332918
0.333740
0.333741
0.332929
0.332927
0.333739
0.332935
0.333736
0.332935
0.332940
0.333730
0.333730
0.332941
0.333723
0.332945
0.333718
0.333717
0.332950
0.333717
0.332955
0.333712
0.333713
0.333710
0.333712
0.333708
0.333703
0.333702
0.333704
0.332969
0.332969
0.332966
0.333696
0.332967
0.333694
0.332973
0.333691
0.332980
0.332977
0.332978
0.332977
0.333686
0.332979
0.332983
0.332984
0.333676
0.333680
0.333676
0.332991
0.332995
0.333670
0.332991
0.333667
0.333673
0.333670
0.333669
0.332998
0.333004
0.333004
0.333660
0.333006
0.333005
0.333003
0.333660
0.333010
0.333654
0.333016
0.333016
0.333656
0.333655
0.333656
0.333648
0.333019
0.333652
0.333645
0.333644
0.333640
0.333018
0.333021
0.333026
0.333030
0.333640
0.333029
0.333637
0.333639
0.333635
0.333036
0.333637
0.333638
0.333034
0.333636
0.333633
0.333042
0.333628
0.333623
0.333621
0.333624
0.333044
0.333624
0.333625
0.333042
0.333626
0.333616
0.333048
0.333617
0.333048
0.333051
0.333050
0.333617
0.333612
0.333049
0.333053
0.333059
0.333061
0.333056
0.333055
0.333609
0.333053
0.333054
0.333061
0.333059
0.333062
0.333602
0.333064
0.333608
0.333060
0.333067
0.333067
0.333602
0.333599
0.333074
0.333599
0.333601
0.333073
0.333076
0.333073
0.333596
0.333594
0.333076
0.333590
0.333590
0.333075
0.333079
0.333076
0.333589
0.333585
0.333080
0.333586
0.333588
0.333084
0.333080
0.333081
0.333087
0.333586
0.333581
0.333090
0.333580
0.333082
0.333094
0.333090
0.333089
0.333088
0.333089
0.333574
0.333095
0.333577
0.333094
0.333574
0.333574
0.333576
0.333577
0.333571
0.333574
0.333099
0.333096
0.333567
0.333096
0.333102
0.333568
0.333561
0.333565
0.333562
0.333568
0.333557
0.333108
0.333561
0.333107
0.333558
0.333109
0.333110
0.333559
0.333565
0.333553
0.333562
0.333554
0.333109
0.333106
0.333555
0.333113
0.333556
0.333560
0.333109
0.333121
0.333551
0.333554
0.333553
0.333550
0.333118
0.333119
0.333549
0.333122
0.333555
0.333122
0.333546
0.333121
0.333121
0.333543
0.333547
0.333548
0.333546
0.333541
0.333122
0.333123
0.333540
0.333127
0.333548
0.333132
0.333540
0.333135
0.333535
0.333532
0.333540
0.333122
0.333125
0.333123
0.333537
0.333544
0.333531
0.333138
0.333535
0.333139
0.333128
0.333141
0.333534
0.333128
0.333530
0.333528
0.333536
0.333136
0.333137
0.333138
0.333137
0.333536
0.333527
0.333528
0.333137
0.333535
0.333527
0.333141
0.333527
0.333142
0.333518
0.333524
0.333141
0.333145
0.333521
0.333526
0.333517
0.333518
0.333516
0.333526
0.333519
0.333146
0.333149
0.333520
0.333517
0.333152
0.333514
0.333146
0.333514
0.333155
0.333518
0.333520
0.333157
0.333157
0.333519
0.333513
0.333518
0.333522
0.333145
0.333520
0.333513
0.333507
0.333513
0.333155
0.333154
0.333511
0.333503
0.333157
0.333513
0.333162
0.333514
0.333157
0.333505
0.333509
0.333164
0.333167
0.333515
0.333510
0.333158
0.333163
0.333153
0.333157
0.333156
0.333169
0.333163
0.333157
0.333506
0.333505
0.333165
0.333162
0.333500
0.333169
0.333161
0.333500
0.333166
0.333502
0.333167
0.333495
0.333501
0.333158
0.333497
0.333499
0.333166
0.333162
0.333172
0.333496
0.333500
0.333505
0.333489
0.333488
0.333502
0.333495
0.333489
0.333169
0.333176
0.333503
0.333503
0.333178
0.333173
0.333490
0.333176
0.333167
0.333491
0.333175
0.333492
0.333172
0.333183
0.333490
0.333167
0.333490
0.333490
0.333179
0.333179
0.333487
0.333485
0.333495
0.333177
0.333182
0.333187
0.333172
0.333172
0.333189
0.333183
0.333181
0.333495
0.333486
0.333490
0.333188
0.333172
0.333494
0.333490
0.333182
0.333179
0.333488
0.333178
0.333485
0.333185
0.333486
0.333188
0.333483
0.333184
0.333472
0.333184
0.333472
0.333480
0.333186
0.333189
0.333484
0.333481
0.333189
0.333183
0.333192
0.333477
0.333483
0.333470
0.333474
0.333477
0.333477
0.333475
0.333470
0.333483
0.333478
0.333200
0.333191
0.333195
0.333485
0.333469
0.333470
0.333185
0.333484
0.333479
0.333193
0.333182
0.333476
0.333200
0.333468
0.333194
0.333471
0.333193
0.333469
0.333193
0.333465
0.333200
0.333471
0.333478
0.333193
0.333471
0.333477
0.333187
0.333462
0.333461
0.333479
0.333202
0.333195
0.333463
0.333473
0.333464
0.333468
0.333476
0.333193
0.333197
0.333199
0.333199
0.333196
0.333193
0.333472
0.333463
0.333458
0.333466
0.333456
0.333201
0.333204
0.333472
0.333475
0.333454
0.333213
0.333471
0.333467
0.333204
0.333196
0.333466
0.333199
0.333463
0.333215
0.333201
0.333459
0.333207
0.333466
0.333209
0.333462
0.333203
0.333457
0.333195
0.333208
0.333455
0.333210
0.333453
0.333463
0.333212
0.333448
0.333453
0.333204
0.333204
0.333453
0.333449
0.333466
0.333210
0.333206
0.333218
0.333459
0.333467
0.333455
0.333460
0.333467
0.333205
0.333210
0.333212
0.333213
0.333212
0.333208
0.333205
0.333463
0.333455
0.333450
0.333460
0.333452
0.333217
0.333207
0.333210
0.333457
0.333464
0.333445
0.333209
0.333210
0.333447
0.333444
0.333225
0.333456
0.333454
0.333207
0.333455
0.333447
0.333221
0.333445
0.333216
0.333459
0.333444
0.333216
0.333447
0.333217
0.333450
0.333218
0.333447
0.333218
0.333443
0.333458
0.333220
0.333444
0.333227
0.333449
0.333456
0.333217
0.333450
0.333207
0.333215
0.333449
0.333447
0.333225
0.333225
0.333451
0.333450
0.333223
0.333223
0.333440
0.333457
0.333447
0.333219
0.333231
0.333223
0.333232
0.333442
0.333449
0.333433
0.333442
0.333442
0.333449
0.333452
0.333454
0.333211
0.333455
0.333452
0.333448
0.333443
0.333443
0.333435
0.333450
0.333439
0.333433
0.333228
0.333219
0.333228
0.333216
0.333441
0.333446
0.333428
0.333223
0.333228
0.333438
0.333441
0.333231
0.333231
0.333441
0.333438
0.333229
0.333224
0.333426
0.333232
0.333230
0.333427
0.333232
0.333225
0.333443
0.333224
0.333438
0.333425
0.333229
0.333439
0.333240
0.333428
0.333226
0.333436
0.333234
0.333433
0.333228
0.333432
0.333232
0.333431
0.333222
0.333445
0.333235
0.333434
0.333221
0.333236
0.333429
0.333240
0.333432
0.333440
0.333228
0.333435
0.333446
0.333230
0.333432
0.333439
0.333248
0.333425
0.333427
0.333233
0.333234
0.333432
0.333431
0.333231
0.333227
0.333418
0.333439
0.333432
0.333234
0.333223
0.333240
0.333428
0.333441
0.333433
0.333444
0.333240
0.333247
0.333234
0.333240
0.333416
0.333427
0.333428
0.333435
0.333443
0.333420
0.333424
0.333427
0.333428
0.333429
0.333427
0.333425
0.333423
0.333419
0.333441
0.333432
0.333425
0.333422
0.333252
0.333241
0.333235
0.333250
0.333242
0.333440
0.333430
0.333439
0.333426
0.333246
0.333233
0.333245
0.333432
0.333414
0.333422
0.333238
0.333245
0.333433
0.333437
0.333411
0.333230
0.333231
0.333412
0.333410
0.333255
0.333431
0.333427
0.333247
0.333239
0.333411
0.333249
0.333247
0.333414
0.333250
0.333244
0.333437
0.333241
0.333232
0.333420
0.333260
0.333423
0.333252
0.333238
0.333419
0.333254
0.333411
0.333244
0.333421
0.333251
0.333433
0.333409
0.333239
0.333415
0.333242
0.333417
0.333243
0.333415
0.333241
0.333410
0.333434
0.333255
0.333422
0.333249
0.333413
0.333261
0.333421
0.333245
0.333263
0.333419
0.333242
0.333424
0.333245
0.333257
0.333415
0.333255
0.333413
0.333419
0.333234
0.333417
0.333421
0.333233
0.333412
0.333414
0.333257
0.333263
0.333406
0.333244
0.333249
0.333420
0.333414
0.333250
0.333250
0.333416
0.333413
0.333255
0.333251
0.333411
0.333406
0.333430
0.333259
0.333251
0.333413
0.333402
0.333422
0.333256
0.333243
0.333259
0.333415
0.333431
0.333412
0.333242
0.333254
0.333242
0.333252
0.333399
0.333416
0.333423
0.333407
0.333412
0.333424
0.333247
0.333258
0.333261
0.333269
0.333246
0.333253
0.333251
0.333257
0.333261
0.333265
0.333268
0.333271
0.333396
0.333396
0.333272
0.333269
0.333266
0.333263
0.333260
0.333254
0.333255
0.333249
0.333240
0.333264
0.333255
0.333251
0.333240
0.333414
0.333408
0.333393
0.333411
0.333404
0.333265
0.333255
0.333270
0.333259
0.333422
0.333409
0.333420
0.333404
0.333262
0.333246
0.333261
0.333416
0.333397
0.333411
0.333265
0.333276
0.333254
0.333411
0.333411
0.333269
0.333243
0.333251
0.333402
0.333407
0.333262
0.333257
0.333405
0.333407
0.333260
0.333259
0.333404
0.333410
0.333260
0.333256
0.333398
0.333392
0.333273
0.333413
0.333404
0.333258
0.333248
0.333415
0.333260
0.333255
0.333421
0.333263
0.333256
0.333419
0.333258
0.333251
0.333410
0.333256
0.333412
0.333400
0.333272
0.333400
0.333270
0.333257
0.333407
0.333248
0.333406
0.333273
0.333255
0.333399
0.333273
0.333391
0.333264
0.333407
0.333278
0.333254
0.333402
0.333262
0.333411
0.333277
0.333386
0.333253
0.333395
0.333263
0.333403
0.333268
0.333397
0.333261
0.333398
0.333260
0.333405
0.333266
0.333398
0.333258
0.333391
0.333250
0.333414
0.333272
0.333401
0.333266
0.333392
0.333417
0.333274
0.333404
0.333259
0.333415
0.333269
0.333396
0.333417
0.333268
0.333394
0.333279
0.333403
0.333252
0.333268
0.333388
0.333272
0.333392
0.333405
0.333259
0.333402
0.333256
0.333266
0.333416
0.333268
0.333275
0.333388
0.333265
0.333280
0.333389
0.333263
0.333277
0.333383
0.333267
0.333269
0.333408
0.333254
0.333262
0.333400
0.333398
0.333277
0.333285
0.333381
0.333261
0.333263
0.333395
0.333398
0.333275
0.333266
0.333394
0.333395
0.333268
0.333267
0.333402
0.333398
0.333270
0.333266
0.333388
0.333382
0.333414
0.333283
0.333277
0.333392
0.333393
0.333261
0.333289
0.333279
0.333390
0.333386
0.333413
0.333278
0.333273
0.333382
0.333403
0.333397
0.333260
0.333278
0.333271
0.333291
0.333393
0.333383
0.333401
0.333267
0.333284
0.333271
0.333285
0.333392
0.333406
0.333390
0.333402
0.333268
0.333278
0.333260
0.333268
0.333288
0.333386
0.333395
0.333373
0.333390
0.333396
0.333411
0.333269
0.333274
0.333287
0.333262
0.333273
0.333275
0.333285
0.333375
0.333385
0.333393
0.333392
0.333398
0.333406
0.333373
0.333380
0.333384
0.333389
0.333393
0.333386
0.333390
0.333392
0.333394
0.333395
0.333396
0.333395
0.333395
0.333393
0.333391
0.333387
0.333395
0.333391
0.333386
0.333383
0.333376
0.333410
0.333402
0.333395
0.333386
0.333388
0.333380
0.333297
0.333285
0.333275
0.333274
0.333262
0.333288
0.333276
0.333271
0.333408
0.333393
0.333387
0.333370
0.333395
0.333386
0.333299
0.333280
0.333272
0.333291
0.333281
0.333260
0.333388
0.333376
0.333394
0.333381
0.333285
0.333272
0.333287
0.333272
0.333393
0.333379
0.333392
0.333373
0.333278
0.333300
0.333280
0.333396
0.333377
0.333386
0.333298
0.333274
0.333283
0.333407
0.333381
0.333388
0.333298
0.333273
0.333276
0.333394
0.333367
0.333380
0.333277
0.333289
0.333406
0.333376
0.333385
0.333280
0.333289
0.333402
0.333369
0.333378
0.333280
0.333288
0.333385
0.333392
0.333291
0.333297
0.333403
0.333364
0.333368
0.333268
0.333270
0.333373
0.333374
0.333272
0.333272
0.333372
0.333370
0.333267
0.333265
0.333405
0.333300
0.333296
0.333390
0.333387
0.333281
0.333285
0.333377
0.333371
0.333262
0.333397
0.333389
0.333278
0.333280
0.333369
0.333301
0.333291
0.333388
0.333374
0.333263
0.333389
0.333388
0.333276
0.333400
0.333386
0.333281
0.333266
0.333389
0.333283
0.333266
0.333388
0.333281
0.333402
0.333382
0.333276
0.333392
0.333382
0.333308
0.333379
0.333368
0.333292
0.333371
0.333295
0.333282
0.333394
0.333284
0.333395
0.333378
0.333299
0.333376
0.333295
0.333277
0.333387
0.333272
0.333379
0.333309
0.333287
0.333391
0.333278
0.333380
0.333309
0.333284
0.333387
0.333269
0.333380
0.333296
0.333270
0.333379
0.333295
0.333356
0.333281
0.333378
0.333301
0.333274
0.333377
0.333290
0.333394
0.333272
0.333374
0.333284
0.333388
0.333307
0.333274
0.333373
0.333295
0.333382
0.333300
0.333399
0.333272
0.333370
0.333286
0.333382
0.333288
0.333382
0.333297
0.333391
0.333308
0.333400
0.333358
0.333273
0.333363
0.333278
0.333367
0.333281
0.333369
0.333282
0.333368
0.333280
0.333366
0.333277
0.333361
0.333272
0.333354
0.333396
0.333305
0.333387
0.333298
0.333378
0.333285
0.333376
0.333283
0.333363
0.333269
0.333393
0.333301
0.333376
0.333292
0.333366
0.333273
0.333307
0.333381
0.333297
0.333367
0.333272
0.333389
0.333293
0.333373
0.333276
0.333306
0.333375
0.333286
0.333355
0.333300
0.333380
0.333280
0.333307
0.333371
0.333283
0.333392
0.333290
0.333365
0.333390
0.333286
0.333359
0.333301
0.333373
0.333269
0.333293
0.333363
0.333304
0.333372
0.333394
0.333287
0.333355
0.333295
0.333362
0.333382
0.333283
0.333383
0.333287
0.333304
0.333367
0.333305
0.333368
0.333382
0.333285
0.333382
0.333283
0.333296
0.333355
0.333290
0.333317
0.333372
0.333308
0.333365
0.333374
0.333274
0.333375
0.333384
0.333284
0.333371
0.333394
0.333287
0.333376
0.333271
0.333290
0.333377
0.333271
0.333289
0.333374
0.333391
0.333288
0.333368
0.333383
0.333276
0.333369
0.333373
0.333312
0.333357
0.333369
0.333299
0.333312
0.333352
0.333290
0.333290
0.333381
0.333390
0.333279
0.333365
0.333376
0.333303
0.333311
0.333344
0.333282
0.333290
0.333373
0.333368
0.333306
0.333311
0.333392
0.333276
0.333283
0.333361
0.333368
0.333300
0.333292
0.333370
0.333373
0.333308
0.333307
0.333383
0.333386
0.333316
0.333319
0.333392
0.333393
0.333323
0.333323
0.333394
0.333394
0.333322
0.333320
0.333390
0.333387
0.333315
0.333311
0.333378
0.333377
0.333303
0.333298
0.333362
0.333370
0.333296
0.333288
0.333355
0.333347
0.333390
0.333313
0.333307
0.333368
0.333372
0.333294
0.333286
0.333464
0.333384
0.333376
0.333296
0.333298
0.333356
0.333342
0.333380
0.333302
0.333301
0.333357
0.333340
0.333377
0.333297
0.333294
0.333348
0.333382
0.333367
0.333297
0.333281
0.333313
0.333364
0.333357
0.333274
0.333309
0.333301
0.333350
0.333380
0.333359
0.333289
0.333318
0.333297
0.333356
0.333384
0.333361
0.333289
0.333316
0.333307
0.333349
0.333377
0.333363
0.333391
0.333302
0.333291
0.333314
0.333367
0.333339
0.333365
0.333289
0.333310
0.333296
0.333319
0.333369
0.333338
0.333362
0.333284
0.333305
0.333288
0.333310
0.333355
0.333376
0.333353
0.333373
0.333293
0.333312
0.333291
0.333310
0.333355
0.333373
0.333351
0.333367
0.333285
0.333300
0.333276
0.333307
0.333207
0.333359
0.333374
0.333351
0.333365
0.333278
0.333306
0.333319
0.333295
0.333306
0.333453
0.333365
0.333375
0.333348
0.333358
0.333383
0.333293
0.333306
0.333329
0.333297
0.333308
0.333217
0.333357
0.333367
0.333388
0.333353
0.333362
0.333382
0.333292
0.333313
0.333316
0.333282
0.333301
0.333306
0.333212
0.333348
0.333365
0.333370
0.333386
0.333349
0.333364
0.333368
0.333383
0.333288
0.333303
0.333304
0.333317
0.333277
0.333294
0.333306
0.333306
0.333318
0.333220
0.333459
0.333358
0.333356
0.333368
0.333378
0.333334
0.333346
0.333354
0.333365
0.333361
0.333371
0.333378
0.333388
0.333288
0.333297
0.333302
0.333310
0.333303
0.333311
0.333315
0.333322
0.333329
0.333278
0.333285
0.333290
0.333296
0.333297
0.333302
0.333306
0.333310
0.333314
0.333301
0.333304
0.333307
0.333309
0.333311
0.333313
0.333313
0.333315
0.333315
0.333315
0.333315
0.333314
0.333313
0.333312
0.333311
0.333309
0.333306
0.333304
0.333301
0.333314
0.333310
0.333306
0.333301
0.333296
0.333295
0.333289
0.333284
0.333336
0.333330
0.333323
0.333319
0.333311
0.333304
0.333312
0.333304
0.333298
0.333289
0.333386
0.333377
0.333370
0.333360
0.333364
0.333353
0.333344
0.333332
0.333379
0.333370
0.333357
0.333359
0.333457
0.333442
0.333223
0.333212
0.333304
0.333305
0.333292
0.333336
0.333319
0.333306
0.333305
0.333291
0.333379
0.333365
0.333363
0.333348
0.333328
0.333367
0.333352
0.333454
0.333437
0.333216
0.333304
0.333299
0.333281
0.333322
0.333316
0.333296
0.333378
0.333359
0.333351
0.333330
0.333370
0.333360
0.333444
0.333222
0.333304
0.333298
0.333331
0.333309
0.333302
0.333378
0.333354
0.333346
0.333377
0.333353
0.333448
0.333224
0.333319
0.333291
0.333322
0.333311
0.333284
0.333359
0.333344
0.333376
0.333364
0.333439
0.333217
0.333304
0.333334
0.333304
0.333291
0.333362
0.333343
0.333373
0.333357
0.333238
0.333309
0.333293
0.333320
0.333303
0.333367
0.333350
0.333375
0.333358
0.333237
0.333304
0.333285
0.333310
0.333290
0.333355
0.333334
0.333358
0.333439
0.333215
0.333296
0.333318
0.333296
0.333357
0.333335
0.333357
0.333435
0.333311
0.333287
0.333307
0.333383
0.333358
0.333377
0.333352
0.333228
0.333302
0.333325
0.333297
0.333354
0.333427
0.333360
0.333234
0.333307
0.333327
0.333298
0.333352
0.333384
0.333354
0.333227
0.333300
0.333315
0.333283
0.333351
0.333365
0.333436
0.333309
0.333338
0.333305
0.333358
0.333424
0.333353
0.333223
0.333293
