802
2385
4068
5791
7504
9207
10941
12724
14367
16090
17804
19527
21250
22964
24676
26359
28103
29836
31509
33263
35046
36699
38412
40195
41448
43642
45275
56656
49073
50435
52238
53852
55665
57368
58961
60804
62537
32641
33603
33844
34695
35517
36379
37270
38152
38974
39855
45266
41568
42390
42880
44163
44985
45856
46718
47579
48441
49292
50144
51006
51858
52719
53601
54452
55284
55685
60223
57879
58760
59602
60474
61024
62197
63079
63910
64762
65593
66495
67367
68178
69090
73819
70784
71625
72537
73358
74109
75071
75963
76814
77656
78538
78888
80221
84058
81874
82756
83657
84530
85311
86242
87064
88016
88627
89578
94508
91412
92274
93165
94127
94828
95731
96551
97464
98285
101602
99999
100820
101692
102543
103415
104287
104246
106050
109907
107994
108584
109476
110258
111209
112031
113002
113223
118293
115087
116289
117210
117141
118924
119846
123232
126989
122321
122791
124134
124895
125847
126548
127229
132269
129193
129824
130987
131748
132729
133401
137359
134323
136127
136466
137479
138601
138952
139954
141577
142097
143019
144012
143971
145194
149922
147347
148019
148900
148309
150684
151615
160532
152307
154080
155042
155783
156655
160852
158238
159269
160192
160412
161844
166414
163538
164008
165211
166233
166914
171433
168668
169729
170421
171222
172194
175491
174007
174789
175691
176572
181091
178286
179187
179808
180250
180560
186090
183436
184056
184016
185740
190969
186752
188505
189276
188555
266682
432244
449326
381959
194586
194987
199436
197000
197842
198715
197672
203824
200588
201649
202963
203854
208212
205577
206458
207341
208042
212480
209895
210827
211248
212650
216397
230123
215335
215285
219904
217540
217820
219463
220455
224422
222299
221887
223621
227759
224643
226526
226486
230785
228440
229442
230354
231295
236085
233280
234241
234742
238859
236676
237687
238158
241515
239290
240282
241134
245723
243188
244199
244741
249239
246725
247756
247787
252927
250332
251403
251924
256252
253548
567428
258777
256202
255742
261522
258106
259639
260961
265059
263315
262995
263606
268585
265139
266933
266973
271942
269367
268596
274457
271431
272973
272964
276411
274988
276251
277533
280929
279015
279566
284796
281160
281459
289525
285487
285137
285778
298823
287502
305224
292851
289646
289495
291398
303131
291899
294013
298753
296238
296689
301267
296588
298983
300376
303972
301708
302620
306316
302369
305184
308661
306637
307088
311677
309472
310244
312328
312137
313130
316145
320653
315594
315855
322507
317348
362272
325022
320053
322076
328088
323048
324631
329611
326414
326965
331784
329180
329240
334790
331374
330121
337516
333778
333789
338246
336113
336644
342955
338597
340160
346101
340351
347835
341834
343777
350420
345781
346292
685721
347323
351952
350360
350830
354658
353465
352444
358094
354717
360278
356551
357694
362011
358705
360840
365398
362402
362522
369867
363814
369586
366290
365528
372371
369165
369736
382150
371900
400915
372782
374786
378212
375447
378232
377421
378432
381068
379745
380947
384293
382190
386988
384454
384674
390165
388090
390625
388241
390115
393851
390906
394713
393140
393942
397168
395895
401386
416494
396877
401686
398370
403309
400684
402117
407206
403921
409921
405985
405683
414711
407527
412126
410613
410833
414370
413479
417997
413027
418017
417035
416745
419610
417195
419500
435520
424980
421934
421263
427816
425150
429940
426993
433286
429729
430630
433866
430591
436933
432494
438335
434779
439838
437874
437845
440860
438766
445208
441682
445489
780479
446310
445538
448685
446571
450178
449546
453444
450208
453183
449947
453333
457341
454356
459445
455738
462150
458072
462982
457962
477188
461960
467199
484292
466598
464344
466158
471418
468021
471658
469985
472831
470997
476127
472139
477309
473171
479563
474854
479824
477299
481948
478070
484783
481386
484892
482849
509980
484041
489772
485755
490103
487708
490384
490394
495463
490664
497206
492527
497247
495112
500252
495714
501494
497647
503929
500452
505662
499992
529216
502235
507325
505262
509790
506824
509109
507305
511794
511423
515109
511904
515501
513075
517264
515941
519749
515600
522764
518466
522103
545416
521722
527062
522544
527503
523736
527493
527603
532392
528765
532472
529196
533364
530899
535267
538253
534746
538924
535729
538955
536830
567909
539817
544656
541149
1005603
556869
545397
552140
557460
545366
560746
547220
560636
560335
550847
551829
561808
565885
551458
566035
553572
567158
569382
557069
814483
743480
559182
562949
560354
568029
576014
564543
567819
563009
567258
564302
569021
593407
570875
574561
571636
574922
572057
576014
579000
577357
580883
575774
581775
582336
579171
582597
581915
588017
586324
584731
588588
586103
588568
586504
589881
596923
589920
595782
593006
596674
596212
591293
598036
595150
600661
601973
599529
603266
600730
607985
606282
600390
606142
609637
606893
610740
608265
612132
611882
609457
611962
609327
617583
616140
615779
618645
618795
616531
620478
617412
621631
625868
622542
626389
626510
624145
627040
623684
628814
629154
629866
633282
633843
630527
635777
635937
631349
637019
633553
636147
641919
639123
642209
643491
639975
643221
643552
642429
645646
644984
647368
651747
649092
652208
652218
649392
653169
653430
651266
654021
658680
656055
659752
660784
657758
660603
661485
657928
666855
662818
660654
669831
667276
665944
669310
669620
667576
670392
669661
668899
670152
676854
674179
677375
678928
684028
675481
679139
679619
677525
681814
684830
683196
687564
687745
685991
689198
688115
686613
690149
689468
689458
686452
692043
696121
694217
696782
698956
694898
697714
698765
698956
696411
701060
702022
698835
707793
706139
706540
705759
708925
706810
703825
710428
709856
707442
712381
710317
717511
714175
718222
719164
718743
715837
718283
719905
719414
721569
722630
722721
725045
728592
729163
730245
726327
730565
729253
728301
734293
736877
734282
728201
733881
738300
740103
736757
742719
743269
742188
739381
742078
743260
743299
741576
752196
743720
751043
746735
751264
751264
752787
750273
754510
753929
754590
751534
756535
754440
755332
753569
762986
763217
763457
762776
761324
764469
765631
765291
763076
766604
767625
766022
762305
768547
775189
774157
774187
771883
776722
777824
777624
773756
776833
777504
778365
778336
776773
780499
780960
786210
786792
785418
789206
789005
790068
787392
790348
790508
791821
792141
788915
793564
793123
793454
800958
797341
798753
800066
801860
803002
802731
803172
803313
805417
803152
805015
803212
806137
807360
810496
813511
810836
814463
815676
812529
815515
813582
817469
818661
818030
817939
820385
816727
822318
821317
826266
827668
828029
825424
830874
830423
830954
831005
829391
827858
832187
832447
830673
834451
833078
830093
835282
842807
842255
842967
843117
840813
840492
845842
846543
845472
846233
844790
842937
846153
846404
848276
849490
849859
857845
853156
857134
856362
859809
859969
860029
861191
856994
860870
860290
862273
861101
863646
863295
863926
861392
863535
872683
869287
870910
873404
874496
875839
870869
875358
877001
875609
876821
877372
877662
877802
875458
879426
879415
880137
887701
892070
888672
887811
888462
887982
890356
891809
892229
893492
890867
892089
892801
894163
894033
892220
895386
897360
896097
905685
905144
906827
905825
906126
906837
905825
907869
910073
908901
909833
910224
908250
910373
911296
911937
912968
912628
908981
912898
921244
923329
922446
922867
923849
925974
927265
925642
925563
925282
926514
927686
923399
925752
925583
928738
942725
945099
931704
930071
929971
939208
939398
940140
940741
939498
943467
943697
942033
940631
944869
943366
943356
944868
946092
944898
944358
947263
947424
948936
948786
949999
949527
959397
958063
959166
959346
959506
962352
962301
960889
960418
966109
964225
963524
962883
969786
964836
964636
968002
967892
967962
966750
966549
968332
978061
977791
978722
979634
979825
977330
982730
980545
980586
982289
983110
981498
983321
982940
982780
984042
984473
986788
985034
988220
987069
986226
986236
998460
998299
1000013
998920
999141
1002237
1001495
1001436
1002958
1003739
1002847
1004170
1002387
1003038
1001846
1004220
1003960
1004300
1008939
1008148
1007347
1008538
1008389
1008659
1009149
1019570
1018467
1020892
1018928
1020882
1021633
1024548
1023758
1024468
1025360
1025120
1023587
1024519
1023507
1024749
1024609
1025320
1027505
1027605
1029868
1028447
1029248
1029177
1030390
1031933
1042512
1040759
1040890
1043474
1040318
1043705
1045839
1045949
1045378
1046770
1047913
1048053
1045058
1047392
1046940
1050568
1046570
1047852
1049275
1047993
1051159
1052000
1052561
1049967
1052792
1053272
1063202
1061839
1065376
1059755
1066818
1067329
1066127
1067289
1068922
1068812
1070195
1069924
1070676
1066779
1070886
1069283
1070265
1071587
1070615
1075044
1089501
1073731
1076517
1073451
1076757
1076927
1076597
1075014
1089501
1089130
1086265
1091996
1087096
1090553
1089682
1092597
1092767
1092857
1093799
1092958
1093819
1097726
1093449
1094751
1092928
1093759
1095492
1098138
1096414
1100051
1100862
1103027
1099720
1100762
1099630
1105311
1098708
1111442
1112915
1114027
1118105
1114318
1115089
1114919
1116301
1118576
1118886
1119938
1121832
1118456
1118746
1121120
1120329
1120510
1119958
1120219
1123334
1119678
1121842
1124497
1125118
1124808
1125529
1127382
1129817
1124928
1125569
1140597
1139225
1140426
1139295
1142391
1140367
1139895
1141729
1144013
1146138
1146518
1149344
1146148
1146779
1146658
1143462
1147611
1146268
1149945
1146749
1145727
1148953
1149544
1148152
1155004
1150937
1151658
1150977
1153141
1152940
1150235
1156067
1168129
1168109
1167337
1167889
1168810
1169722
1167157
1169933
1172286
1171175
1176114
1171034
1173359
1174160
1174732
1174461
1177607
1174692
1171596
1173529
1175964
1178028
1175543
1172919
1176074
1178058
1178178
1182787
1178999
1181765
1182055
1182526
1182797
1195691
1195731
1196883
1194218
1201703
1198185
1197835
1197214
1197404
1204848
1202164
1202254
1203686
1204617
1206231
1203866
1202945
1203075
1203024
1207353
1204377
1204438
1205319
1204938
1209056
1206321
1209287
1210519
1212954
1210629
1208966
1209196
1211781
1214667
1210529
1224605
1224765
1230497
1227591
1229294
1228743
1227892
1232009
1229134
1231829
1232280
1232530
1236568
1233392
1233643
1237730
1234043
1234123
1236027
1238351
1232019
1235897
1232941
1238792
1236157
1234153
1234424
1240235
1242499
1239974
1238081
1240015
1244222
1241657
1242489
1242209
1245935
1258810
1258068
1257718
1259922
1260292
1260242
1261846
1261104
1258008
1265021
1266925
1262056
1265993
1261505
1267366
1267035
1265492
1268118
1270702
1265723
1267636
1268548
1267696
1269390
1269691
1271694
1267867
1269169
1270942
1272937
1273597
1273397
1275081
1272695
1275942
1274419
1278727
1275401
1291130
1296471
1291541
1291261
1293606
1293164
1293946
1294347
1295479
1293705
1299196
1300278
1298274
1299757
1302682
1300027
1300478
1298595
1303394
1301210
1301680
1303104
1301540
1301640
1305117
1301821
1301961
1301230
1305277
1300628
1302051
1311439
1304135
1305618
1310326
1308033
1307732
1312581
1309455
1310216
1313112
1328120
1332519
1636110
1329283
1331406
1327279
1329874
1331847
1330855
1330966
1333320
1333100
1335344
1337638
1335003
1334292
1340583
1335554
1335284
1340223
1338620
1337498
1339823
1336325
1336135
1341926
1338450
1338690
1340805
1341014
1342287
1345202
1346204
1345193
1349230
1342888
1364159
1365561
1369608
1374037
1368988
1356874
1352396
1378104
1374017
1382272
1384647
1748933
1572751
1589653
1680534
1564014
1595233
1684711
1613247
1609440
1596666
1638835
1625540
1619689
1625530
1615060
1621733
1629838
1646920
1640979
1659604
1602417
1403452
1392240
1390838
1376801
1382273
1378736
1382292
1708236
1646650
1609620
1614329
1576929
1445591
1389425
1386760
1390027
1391008
1387131
1390468
1387773
1386761
1413300
1408832
1413641
1407790
1407580
1410886
1409263
1413110
1409914
1415354
1408622
1408631
1416918
1414483
1417499
1415124
1416216
1420293
1416587
1419973
1417399
1419783
1417970
1418300
1420834
1417258
1421666
1420104
1421175
1417689
1419702
1421376
1418130
1421286
1418260
1423590
1421516
1423700
1428740
1432757
1430082
1424251
1427738
1425564
1424422
1431244
