216227 539
216186 528
216180 517
216104 506
216182 495
216183 484
216159 473
216169 462
216112 451
216214 440
216148 429
216172 418
216185 407
216225 396
216181 385
216220 374
216173 363
216142 352
216177 341
216145 330
216159 319
216142 308
216214 297
216137 286
216161 275
216135 264
216142 253
216171 242
216120 231
216058 220
216165 209
216130 198
216183 187
216162 176
216168 165
216254 154
216216 143
216254 132
216262 121
216232 110
216221 99
216311 88
216280 77
216314 66
223486 55
225024 44
224938 33
225039 22
225326 11
225083 0
225224 -11
225178 -22
225261 -33
225417 -44
225191 -55
225166 -66
219187 -77
216099 -88
216144 -99
216158 -110
216188 -121
216136 -132
216140 -143
216168 -154
216236 -165
216181 -176
216204 -187
216204 -198
216200 -209
216124 -220
216166 -231
216173 -242
216205 -253
216183 -264
216238 -275
216227 -286
216196 -297
216223 -308
216274 -319
216261 -330
216236 -341
216190 -352
216223 -363
216231 -374
216166 -385
216214 -396
216264 -407
216213 -418
216247 -429
216255 -440
216192 -451
216259 -462
216283 -473
216270 -484
216220 -495
216266 -506
216221 -517
216279 -528
216324 -539
216278 -550
