216406 539
216396 528
216401 517
216458 506
216436 495
216364 484
216373 473
216365 462
216375 451
216412 440
216376 429
216430 418
216370 407
216324 396
216335 385
216333 374
216340 363
216429 352
216359 341
216300 330
216368 319
216374 308
216269 297
216339 286
216403 275
216398 264
216411 253
216321 242
216385 231
216378 220
216380 209
216357 198
216367 187
216462 176
216453 165
216421 154
216436 143
216382 132
216404 121
216304 110
216468 99
216605 88
217853 77
220683 66
223468 55
224357 44
225345 33
225325 22
225270 11
225323 0
225411 -11
225212 -22
225368 -33
225285 -44
225227 -55
222877 -66
219958 -77
217117 -88
216263 -99
216300 -110
216251 -121
216245 -132
216208 -143
216224 -154
216342 -165
216267 -176
216309 -187
216265 -198
216257 -209
216258 -220
216287 -231
216207 -242
216277 -253
216229 -264
216273 -275
216273 -286
216236 -297
216221 -308
216253 -319
216277 -330
216261 -341
216261 -352
216320 -363
216212 -374
216206 -385
216360 -396
216253 -407
216209 -418
216230 -429
216239 -440
216278 -451
216282 -462
216217 -473
216255 -484
216264 -495
216239 -506
216260 -517
216268 -528
216225 -539
216207 -550
