216273 539
216125 528
216185 517
216153 506
216171 495
216129 484
216246 473
216151 462
216150 451
216214 440
216126 429
216111 418
216139 407
216145 396
216123 385
216130 374
216082 363
216169 352
216136 341
216081 330
216089 319
216109 308
216112 297
216098 286
216171 275
216116 264
216152 253
216110 242
216197 231
216258 220
216261 209
216146 198
216208 187
216162 176
216241 165
216248 154
216147 143
216256 132
216340 121
216447 110
217146 99
217609 88
218548 77
219706 66
221536 55
222675 44
224065 33
224516 22
225017 11
225067 0
225162 -11
225065 -22
225069 -33
224592 -44
223215 -55
221271 -66
219579 -77
217939 -88
217025 -99
216360 -110
216125 -121
216207 -132
216090 -143
216159 -154
216072 -165
216128 -176
216158 -187
216148 -198
216098 -209
216136 -220
216169 -231
216214 -242
216147 -253
216172 -264
216156 -275
216092 -286
216142 -297
216140 -308
216086 -319
216192 -330
216212 -341
216169 -352
216112 -363
216120 -374
216135 -385
216094 -396
216178 -407
216131 -418
216151 -429
216124 -440
216187 -451
216130 -462
216187 -473
216169 -484
216088 -495
216093 -506
216186 -517
216110 -528
216186 -539
216164 -550
