215888 545
215883 540
215854 535
215868 530
215926 525
215889 520
215922 515
215879 510
215863 505
215927 500
215860 495
215856 490
215859 485
215808 480
215883 475
215886 470
215781 465
215891 460
215878 455
215861 450
215844 445
215804 440
215819 435
215926 430
215828 425
215802 420
215878 415
215783 410
215859 405
215856 400
215799 395
215829 390
215772 385
215826 380
215780 375
215758 370
215783 365
215738 360
215797 355
215806 350
215759 345
215823 340
215823 335
215837 330
215828 325
215764 320
215828 315
215802 310
215783 305
215796 300
215776 295
215862 290
215876 285
215927 280
215857 275
215870 270
215799 265
215865 260
215825 255
215964 250
215853 245
215888 240
215962 235
215894 230
215866 225
215870 220
215931 215
215949 210
215900 205
215887 200
215889 195
215969 190
215985 185
215857 180
215906 175
215884 170
215906 165
215889 160
216020 155
216033 150
216049 145
216063 140
216129 135
216202 130
216543 125
216485 120
216529 115
216783 110
216818 105
216994 100
217253 95
217465 90
217896 85
217623 80
218195 75
218610 70
218800 65
218868 60
219239 55
219854 50
219995 45
220555 40
220243 35
220773 30
221251 25
221305 20
221849 15
222088 10
222417 5
222531 0
222192 -5
222230 -10
222210 -15
222984 -20
222400 -25
222191 -30
222031 -35
221804 -40
220598 -45
221024 -50
221026 -55
219921 -60
220081 -65
219514 -70
219166 -75
218934 -80
218301 -85
218489 -90
218011 -95
217408 -100
217071 -105
216771 -110
216469 -115
216465 -120
216332 -125
216172 -130
216145 -135
216298 -140
216058 -145
215964 -150
215876 -155
215868 -160
215851 -165
215908 -170
215830 -175
215900 -180
215817 -185
215778 -190
215804 -195
215768 -200
215813 -205
215765 -210
215803 -215
215903 -220
215798 -225
215829 -230
215870 -235
215860 -240
215818 -245
215868 -250
215788 -255
215794 -260
215813 -265
215873 -270
215732 -275
215867 -280
215828 -285
215823 -290
215790 -295
215753 -300
215794 -305
215828 -310
215789 -315
215823 -320
215723 -325
215772 -330
215792 -335
215792 -340
215847 -345
215808 -350
215791 -355
215723 -360
215872 -365
215819 -370
215791 -375
215872 -380
215835 -385
215835 -390
215882 -395
215806 -400
215772 -405
215818 -410
215788 -415
215790 -420
215797 -425
215812 -430
215821 -435
215834 -440
215803 -445
215799 -450
215774 -455
215778 -460
215786 -465
215750 -470
215912 -475
215757 -480
215831 -485
215760 -490
215889 -495
215819 -500
215760 -505
215795 -510
215789 -515
215791 -520
215830 -525
215774 -530
215792 -535
215783 -540
215794 -545
215839 -550
