215701 545
215656 540
215691 535
215642 530
215631 525
215634 520
215655 515
215734 510
215660 505
215702 500
215617 495
215640 490
215654 485
215703 480
215622 475
215615 470
215635 465
215665 460
215669 455
215716 450
215617 445
215616 440
215640 435
215608 430
215649 425
215599 420
215634 415
215590 410
215540 405
215674 400
215567 395
215705 390
215638 385
215580 380
215593 375
215626 370
215612 365
215650 360
215651 355
215614 350
215646 345
215617 340
215589 335
215627 330
215660 325
215600 320
215623 315
215638 310
215573 305
215610 300
215571 295
215682 290
215643 285
215670 280
215651 275
215634 270
215650 265
215600 260
215666 255
215663 250
215672 245
215662 240
215558 235
215683 230
215718 225
215617 220
215636 215
215636 210
215715 205
215709 200
215686 195
215713 190
215651 185
215717 180
215627 175
215686 170
215875 165
215826 160
215809 155
215915 150
215946 145
215986 140
216286 135
216286 130
216671 125
216633 120
216514 115
216854 110
216786 105
217349 100
217567 95
217384 90
218155 85
217813 80
218193 75
218003 70
218330 65
218663 60
219119 55
219257 50
219187 45
219680 40
219937 35
219736 30
220247 25
220459 20
220667 15
220519 10
220734 5
221174 0
220600 -5
221053 -10
220784 -15
220661 -20
220678 -25
220422 -30
220155 -35
219520 -40
219542 -45
219673 -50
219453 -55
219067 -60
219038 -65
219024 -70
218271 -75
217885 -80
218022 -85
218065 -90
217365 -95
217439 -100
217252 -105
216725 -110
216645 -115
216468 -120
216526 -125
216551 -130
216042 -135
216177 -140
215949 -145
216154 -150
215896 -155
215856 -160
215836 -165
215663 -170
215814 -175
215861 -180
215873 -185
215661 -190
215587 -195
215614 -200
215569 -205
215523 -210
215602 -215
215557 -220
215605 -225
215612 -230
215535 -235
215598 -240
215552 -245
215591 -250
215535 -255
215550 -260
215571 -265
215650 -270
215543 -275
215541 -280
215496 -285
215515 -290
215575 -295
215522 -300
215515 -305
215439 -310
215548 -315
215552 -320
215568 -325
215514 -330
215475 -335
215513 -340
215602 -345
215529 -350
215545 -355
215507 -360
215573 -365
215537 -370
215472 -375
215486 -380
215510 -385
215522 -390
215524 -395
215456 -400
215547 -405
215512 -410
215507 -415
215535 -420
215517 -425
215574 -430
215474 -435
215511 -440
215459 -445
215529 -450
215429 -455
215441 -460
215448 -465
215462 -470
215447 -475
215428 -480
215482 -485
215490 -490
215366 -495
215490 -500
215437 -505
215465 -510
215470 -515
215437 -520
215468 -525
215467 -530
215519 -535
215441 -540
215439 -545
215464 -550
