215433 545
215431 540
215444 535
215490 530
215353 525
215392 520
215373 515
215436 510
215362 505
215382 500
215319 495
215408 490
215422 485
215472 480
215521 475
215482 470
215409 465
215416 460
215426 455
215440 450
215457 445
215396 440
215422 435
215404 430
215392 425
215468 420
215407 415
215448 410
215469 405
215471 400
215433 395
215455 390
215457 385
215446 380
215504 375
215410 370
215394 365
215460 360
215509 355
215478 350
215461 345
215431 340
215411 335
215467 330
215419 325
215433 320
215397 315
215419 310
215412 305
215348 300
215395 295
215351 290
215446 285
215411 280
215375 275
215408 270
215423 265
215478 260
215430 255
215304 250
215441 245
215543 240
215351 235
215317 230
215447 225
215501 220
215412 215
215433 210
215399 205
215573 200
215652 195
215593 190
215562 185
215585 180
215630 175
215706 170
215796 165
215817 160
215778 155
215792 150
215904 145
216169 140
216116 135
216069 130
216127 125
216206 120
216478 115
216869 110
216682 105
216734 100
216787 95
216999 90
217144 85
217016 80
217254 75
217395 70
217886 65
217800 60
217651 55
217857 50
218154 45
218364 40
218453 35
218194 30
218397 25
218227 20
218685 15
218276 10
218747 5
218546 0
218614 -5
218858 -10
218539 -15
218624 -20
218650 -25
218616 -30
218665 -35
218672 -40
218262 -45
218189 -50
218407 -55
218162 -60
218087 -65
217953 -70
217509 -75
217541 -80
217487 -85
217591 -90
217206 -95
217195 -100
217253 -105
216890 -110
216483 -115
216891 -120
216669 -125
216319 -130
216195 -135
216051 -140
216121 -145
215949 -150
216270 -155
215902 -160
215926 -165
216027 -170
215703 -175
215692 -180
215732 -185
215699 -190
215666 -195
215748 -200
215707 -205
215662 -210
215669 -215
215606 -220
215602 -225
215547 -230
215494 -235
215573 -240
215529 -245
215430 -250
215507 -255
215573 -260
215501 -265
215510 -270
215423 -275
215569 -280
215511 -285
215414 -290
215592 -295
215476 -300
215504 -305
215482 -310
215466 -315
215458 -320
215484 -325
215524 -330
215432 -335
215447 -340
215452 -345
215490 -350
215426 -355
215460 -360
215533 -365
215529 -370
215505 -375
215514 -380
215496 -385
215488 -390
215459 -395
215580 -400
215508 -405
215360 -410
215510 -415
215493 -420
215550 -425
215518 -430
215499 -435
215504 -440
215546 -445
215495 -450
215432 -455
215432 -460
215463 -465
215463 -470
215451 -475
215549 -480
215436 -485
215502 -490
215393 -495
215452 -500
215477 -505
215519 -510
215441 -515
215473 -520
215432 -525
215430 -530
215395 -535
215419 -540
215466 -545
215423 -550
