215143 545
215204 540
215141 535
215175 530
215163 525
215152 520
215165 515
215178 510
215146 505
215103 500
215211 495
215116 490
215102 485
215126 480
215143 475
215161 470
215133 465
215170 460
215095 455
215089 450
215129 445
215127 440
215159 435
215105 430
215108 425
215072 420
215066 415
215106 410
215122 405
215077 400
215075 395
215100 390
215090 385
215037 380
215175 375
215150 370
215121 365
215120 360
215112 355
215076 350
215119 345
215064 340
215113 335
215067 330
215119 325
215125 320
215108 315
215131 310
215126 305
215123 300
215055 295
215131 290
215086 285
215114 280
215098 275
215042 270
215075 265
215096 260
215121 255
215168 250
215035 245
215105 240
215083 235
215115 230
215095 225
215086 220
215079 215
215081 210
215080 205
215093 200
215110 195
215024 190
215027 185
215117 180
