217139
217155
217144
217169
217121
217146
217158
217132
217173
217140
217148
217153
217158
217116
217145
217120
217105
217151
217126
217142
217078
217163
217106
217147
217100
217163
217152
217098
217108
217173
217179
217099
217135
217074
217095
217198
217137
217127
217097
217126
217095
217170
217158
217142
217209
217180
217176
217130
217165
217165
217098
217118
217102
217119
217129
217113
217120
217119
217134
217124
217126
217156
217124
217134
217077
217134
217142
217083
217083
217145
217121
217100
217098
217066
217105
217059
217107
217112
217177
217130
217099
217093
217115
217159
217195
217103
217096
217093
217113
217111
217124
217103
217197
217092
217081
217163
217170
217142
217126
217089
217092
217104
217123
217128
217135
217129
217150
217122
217147
217125
217134
217219
217070
217067
217058
217070
217149
217126
217042
217146
217148
217154
217169
217158
217177
217174
217134
217186
217204
217082
217130
217142
217171
217118
217151
217140
217159
217142
217111
217113
217057
217072
217117
217091
217140
217138
217181
217117
217153
217136
217107
217139
217097
217154
217133
217133
217154
217146
217099
217140
217162
217100
217184
217137
217107
217071
217146
217086
217115
217090
217090
217072
217050
217088
217163
217114
217095
217104
217098
217037
217090
217154
217120
217079
16775194
217104
217179
217075
217132
217122
217181
217141
217163
217162
217149
217088
217126
217088
217121
217103
217111
217140
217142
217194
217187
217120
217079
217103
217116
217185
217165
217139
217117
217099
217164
217109
217127
217131
217051
217071
217136
217093
217105
217088
217169
217106
217129
217178
217081
217144
217119
217133
217175
217145
217095
217133
217107
217131
217110
217151
217165
217081
217114
217110
217114
217163
217069
217149
217140
217082
217153
12637198
217112
217069
217110
217111
217079
217104
217172
217035
217119
217112
217071
217131
217073
217080
217117
217112
217079
217119
217019
217151
217099
217075
217161
217118
217108
217113
217125
217134
217185
217131
217125
217125
217079
217065
217077
217129
217152
217112
217088
217122
217071
217117
217130
217141
217108
217169
217114
217061
217056
217139
217129
217091
217139
217098
217146
217077
217063
217153
217104
217130
217135
217136
217166
217086
217096
217119
217085
217116
217124
217114
217110
217088
217093
217145
217078
217104
217094
217058
217097
217115
217108
217121
217138
217138
217053
217150
217082
217036
217105
217150
217102
217141
217092
217078
217107
217066
217136
217095
217093
217154
217074
217121
217156
217063
217081
217092
217088
217136
217167
217107
217096
217101
217076
217106
217100
217170
217073
217099
217118
217102
217093
217114
217038
217088
217095
217092
217131
217120
217079
217118
217122
217086
217133
217157
217122
217154
217112
217103
217115
217147
217063
217099
217135
217070
217078
217064
217056
217070
217178
217042
217134
217052
217071
217119
217085
217004
217064
217114
217094
217085
217124
217105
217072
217073
217115
217147
217096
217118
217070
217121
217099
217173
217164
217155
217169
217109
217069
217104
217120
217146
217081
217115
217094
217096
217093
217078
217121
217096
217133
217098
217082
217141
217116
217068
217054
217138
217132
216997
217055
217126
217064
217053
217053
217089
217135
217112
217112
217103
217116
217090
217108
217080
217088
217099
217088
217070
217047
217021
217109
217140
217072
217050
217112
217137
217101
217102
217094
217083
217062
217098
217083
217124
217098
217093
217096
217114
217129
217027
217056
217102
217108
217090
217018
217137
217137
217063
217129
