219347
219421
219409
219334
219331
219349
219472
219326
219340
219361
219406
219494
219379
219465
219359
219317
219404
219402
219368
219453
219474
219401
219409
219386
219396
219332
219429
219350
219380
219400
219378
219384
219363
219414
219378
219375
219332
219470
219407
219416
219471
219389
219435
219350
219419
219448
219392
219492
219409
219378
219401
219492
219430
219363
219444
219382
219420
219418
219335
219413
219312
219458
219461
219402
219425
219428
219396
219458
219309
219398
219420
219303
219429
219378
219348
219487
219428
219376
219412
219366
219417
219377
219352
219372
219503
219353
219418
219465
219413
219344
219396
219440
219426
219325
219438
219383
219365
219342
219496
219408
219341
219362
219424
219304
219399
219352
219374
219456
219338
219452
219425
219425
219424
219377
219491
219393
219324
219511
219464
219323
219424
219398
219453
219405
219371
219433
219379
219381
219381
219321
219408
219389
219388
219358
219426
219477
219322
219375
219457
219293
219450
219406
219456
219386
219369
219409
219305
219374
219382
219371
219377
219457
219373
219417
219514
219395
219396
219428
219396
219396
219352
219404
219407
219463
219430
219352
219359
219454
219399
219490
219370
219344
219408
219394
219410
219416
219427
219424
219427
219306
219364
219349
219469
219320
219431
219373
219397
219384
219383
219403
219410
219323
219374
219412
219458
219321
219399
219394
219361
219377
219413
219388
219357
219299
219312
219448
219411
219382
219411
219428
219420
219364
219444
219418
219363
219443
219451
219388
219365
219378
219387
219320
219428
219381
219348
219363
219379
219359
219375
219309
219444
219431
219382
219312
219397
219393
219322
219409
219399
219357
219407
219350
219375
219425
219341
219370
219420
219363
219393
219327
219424
219407
219455
219399
219346
219457
219334
219454
219364
219398
219422
219341
219435
219342
219273
219370
219459
219399
219352
219350
219410
219420
219342
219351
219441
219444
219308
219351
16777215
219370
219370
219369
219376
219395
219420
219329
219343
219403
219413
219468
219407
219323
219383
219547
219333
219343
219388
219348
219357
219417
219399
219387
219393
219354
219336
219358
219397
219414
8498292
219372
219417
219344
219358
219368
219343
219399
219392
219358
219373
219403
219354
219354
219448
219376
219442
219512
219366
219361
219443
219364
219298
219325
219348
219260
219384
219336
219360
219338
219389
219352
219349
219487
219459
219360
219458
219324
219424
219390
219337
219485
219596
219459
219300
219415
219460
219374
219395
219365
219389
219379
219422
219462
219399
219333
219317
219378
219371
219449
219373
219361
219514
219297
219387
219381
219253
219424
219383
219371
219346
219297
219306
219415
219459
219293
219396
219412
219420
219353
219350
219464
219370
219380
219387
219409
219491
219416
219330
219348
219378
219361
219526
219398
219361
219415
219400
219313
219334
219480
219337
219404
219412
219405
219380
219367
219395
219321
219380
219346
219353
16777215
219333
219346
219453
219491
219316
219415
219307
219378
219408
219382
219535
219384
219305
219486
219493
219363
219325
219403
219414
219470
219368
219462
219384
219280
219411
219435
219292
219450
219392
219398
219324
219330
219390
219450
219296
219438
219375
219309
219418
219395
219421
219429
219390
219425
219397
219487
219408
219354
219349
219399
219361
219272
219504
219380
219420
219348
219407
219369
219384
219558
219452
219521
219441
219461
219359
219445
219396
219377
219363
219329
219341
219454
219350
219460
219371
219298
219317
219425
219399
