216795 545
216804 540
216996 535
216881 530
216948 525
216839 520
216915 515
216835 510
216881 505
216810 500
216955 495
216843 490
216834 485
216882 480
216873 475
216909 470
216993 465
216895 460
216844 455
216844 450
216796 445
216929 440
216935 435
216878 430
216895 425
216826 420
216890 415
216883 410
216962 405
216969 400
216997 395
216911 390
216937 385
216817 380
216863 375
216901 370
216857 365
216880 360
216893 355
216836 350
217035 345
216875 340
216887 335
216955 330
216902 325
216940 320
216864 315
216874 310
216967 305
216913 300
216885 295
216971 290
216966 285
216960 280
216870 275
216906 270
216953 265
216923 260
216909 255
216951 250
216968 245
216851 240
216982 235
216905 230
216928 225
216912 220
216953 215
216947 210
216892 205
216855 200
216910 195
216950 190
216961 185
216889 180
217024 175
216915 170
216931 165
216921 160
217002 155
217039 150
216963 145
217102 140
217120 135
216966 130
216849 125
217076 120
216925 115
217001 110
216905 105
216994 100
216939 95
216876 90
216964 85
217014 80
217011 75
216944 70
216969 65
217075 60
216971 55
216938 50
216937 45
217029 40
216985 35
216999 30
216996 25
216929 20
216994 15
216923 10
216980 5
216932 0
217052 -5
217011 -10
216969 -15
217075 -20
217035 -25
216976 -30
216985 -35
217075 -40
216987 -45
217015 -50
216960 -55
216996 -60
217027 -65
217013 -70
217018 -75
217023 -80
216991 -85
217018 -90
216979 -95
216975 -100
217025 -105
217079 -110
217043 -115
217031 -120
216969 -125
217060 -130
217016 -135
217079 -140
217069 -145
217007 -150
217009 -155
217060 -160
217054 -165
217157 -170
216927 -175
217055 -180
217187 -185
217007 -190
216978 -195
216992 -200
216976 -205
216998 -210
217108 -215
217103 -220
217109 -225
217056 -230
217118 -235
217051 -240
217160 -245
217128 -250
217095 -255
217071 -260
216921 -265
217056 -270
217080 -275
217105 -280
217086 -285
217067 -290
217039 -295
217004 -300
217075 -305
217047 -310
217075 -315
217091 -320
217051 -325
217012 -330
217001 -335
216971 -340
217116 -345
217005 -350
217138 -355
217080 -360
217083 -365
217110 -370
217086 -375
217043 -380
217177 -385
217080 -390
217150 -395
217123 -400
217038 -405
217134 -410
217151 -415
217073 -420
217083 -425
217089 -430
217059 -435
217085 -440
217101 -445
217207 -450
217122 -455
217130 -460
217131 -465
217147 -470
217180 -475
217139 -480
217100 -485
217112 -490
217090 -495
217093 -500
217162 -505
217122 -510
217111 -515
217040 -520
217195 -525
217119 -530
217168 -535
217084 -540
217074 -545
217146 -550
217044 -555
217089 -560
217122 -565
217132 -570
217183 -575
217181 -580
217100 -585
217081 -590
217123 -595
217108 -600
217142 -605
217013 -610
217142 -615
217170 -620
217198 -625
217083 -630
217058 -635
217085 -640
217119 -645
217008 -650
217177 -655
217114 -660
217089 -665
217103 -670
217064 -675
217222 -680
217081 -685
217167 -690
217200 -695
217162 -705
217125 -710
217166 -715
217026 -720
217188 -725
217064 -730
217081 -735
217229 -740
217099 -745
217158 -750
217034 -755
217260 -760
217164 -765
217202 -770
217151 -775
217165 -780
217073 -785
217082 -790
217133 -795
217168 -800
217193 -805
217190 -810
217144 -815
217158 -820
217089 -825
217124 -830
217120 -835
217148 -840
217319 -845
217152 -850
217262 -855
217232 -860
217194 -865
217137 -870
217081 -875
217168 -880
217130 -885
217192 -890
217236 -895
217154 -900
217111 -905
217159 -910
217164 -915
217159 -920
217161 -925
217183 -930
217230 -935
217196 -940
217264 -945
217191 -950
217214 -955
217110 -960
217160 -965
217162 -970
217169 -975
217181 -980
217136 -985
217111 -990
217246 -995
217140 -1000
217160 -1005
217098 -1010
217201 -1015
217220 -1020
217215 -1025
217262 -1030
217142 -1035
217184 -1040
217152 -1045
217181 -1050
217179 -1055
217192 -1060
217178 -1065
217159 -1070
217161 -1075
217292 -1080
217179 -1085
217139 -1090
217168 -1095
217244 -1100
217207 -1105
217185 -1110
217192 -1115
217202 -1120
217304 -1125
217223 -1130
217117 -1135
217204 -1140
217213 -1145
217238 -1150
217154 -1155
217147 -1160
217240 -1165
217268 -1170
217139 -1175
217189 -1180
217244 -1185
217161 -1190
217195 -1195
217192 -1200
217178 -1205
217157 -1210
217153 -1215
217281 -1220
217184 -1225
217345 -1230
217250 -1235
217243 -1240
217174 -1245
217231 -1250
217253 -1255
217210 -1260
217208 -1265
217179 -1270
217260 -1275
217160 -1280
217199 -1285
217178 -1290
217339 -1295
217148 -1300
217183 -1305
217208 -1310
217303 -1315
217175 -1320
217270 -1325
217221 -1330
217173 -1335
217230 -1340
217326 -1345
217226 -1350
217210 -1355
217227 -1360
217267 -1365
217232 -1370
217279 -1375
217251 -1380
217212 -1385
217279 -1390
217223 -1395
217280 -1400
217322 -1405
217253 -1410
217201 -1415
217279 -1420
217427 -1425
217202 -1430
217251 -1435
217319 -1440
217283 -1445
217253 -1450
217223 -1455
217309 -1460
217477 -1465
217310 -1470
217212 -1475
217227 -1480
217437 -1485
217301 -1490
217294 -1495
217247 -1500
217276 -1505
217257 -1510
217325 -1515
217328 -1520
217386 -1525
217311 -1530
217291 -1535
217349 -1540
217161 -1545
217319 -1550
217270 -1555
217310 -1560
217216 -1565
217333 -1570
217221 -1575
217249 -1580
217281 -1585
217238 -1590
217292 -1595
217248 -1600
217265 -1605
217261 -1610
217315 -1615
217254 -1620
217326 -1625
217333 -1630
217245 -1635
217267 -1640
217274 -1645
217217 -1650
217249 -1655
217286 -1660
217289 -1665
217307 -1670
217246 -1675
217286 -1680
217404 -1685
217305 -1690
217296 -1695
217357 -1700
217283 -1705
217258 -1710
217293 -1715
217412 -1720
217286 -1725
217347 -1730
217336 -1735
217340 -1740
217340 -1745
217249 -1750
217250 -1755
217325 -1760
217284 -1765
217291 -1770
217301 -1775
217230 -1780
217314 -1785
217290 -1790
217419 -1795
217425 -1800
217344 -1805
217340 -1810
217356 -1820
217360 -1825
217258 -1830
217400 -1835
217337 -1840
217305 -1850
217245 -1855
217433 -1860
217275 -1865
217338 -1870
217345 -1875
217321 -1880
217271 -1885
217345 -1890
217361 -1895
217420 -1900
217307 -1905
217412 -1910
217342 -1915
217338 -1920
217338 -1925
217360 -1930
217333 -1935
217372 -1940
217341 -1945
217318 -1950
