214946 545
214973 540
214944 535
214972 530
214922 525
214895 520
214937 515
214945 510
214939 505
214918 500
214904 495
215016 490
215006 485
214868 480
214954 475
214950 470
214932 465
214963 460
214982 455
214970 450
214926 445
215012 440
215001 435
214935 430
214956 425
214957 420
214968 415
214956 410
214962 405
214947 400
214939 395
214949 390
214934 385
214952 380
214950 375
214953 370
214938 365
214909 360
214990 355
214915 350
214947 345
214949 340
214932 335
214934 330
214939 325
214929 320
214939 315
214952 310
214879 305
214969 300
214974 295
214927 290
214895 285
214952 280
214952 275
214976 270
214958 265
214918 260
214943 255
214937 250
214930 245
214922 240
214902 235
214927 230
214895 225
214913 220
214914 215
214925 210
214927 205
214937 200
214944 195
215007 190
214822 185
214922 180
214999 175
214941 170
214933 165
214934 160
214845 155
214935 150
215000 145
214838 140
214938 135
214939 130
214946 125
214928 120
214975 115
214943 110
214862 105
214934 100
215005 95
214928 90
214951 85
214953 80
214921 75
214991 70
215001 65
214886 60
214974 55
214986 50
214964 45
214878 40
214935 35
214957 30
214901 25
214912 20
214933 15
214875 10
214909 5
214921 0
214973 -5
214922 -10
214879 -15
214984 -20
214912 -25
214898 -30
214958 -35
214954 -40
214946 -45
214890 -50
214893 -55
214896 -60
214924 -65
214952 -70
214874 -75
214947 -80
214868 -85
214970 -90
214895 -95
214977 -100
214899 -105
214931 -110
214951 -115
214884 -120
214981 -125
214917 -130
214923 -135
214930 -140
214895 -145
214913 -150
214915 -155
214915 -160
214894 -165
214892 -170
214886 -175
214917 -180
214880 -185
214859 -190
214936 -195
214918 -200
214859 -205
214946 -210
214898 -215
214969 -220
214871 -225
214848 -230
214912 -235
214944 -240
214915 -245
214924 -250
214912 -255
214942 -260
214859 -265
214868 -270
214956 -275
214850 -280
214890 -285
214868 -290
214908 -295
214887 -300
214918 -305
214907 -310
214909 -315
214859 -320
214942 -325
214857 -330
214890 -335
214888 -340
214932 -345
214888 -350
214948 -355
214899 -360
214899 -365
214912 -370
214908 -375
214865 -380
214902 -385
214859 -390
214867 -395
214900 -400
214895 -405
214900 -410
214866 -415
214889 -420
214915 -425
214872 -430
214872 -435
214941 -440
214843 -445
214925 -450
214863 -455
214892 -460
214966 -465
214895 -470
214842 -475
214866 -480
214902 -485
214866 -490
214874 -495
214888 -500
214914 -505
214931 -510
214875 -515
214868 -520
214884 -525
214867 -530
214841 -535
214931 -540
214867 -545
214867 -550
214842 -555
214882 -560
214892 -565
214841 -570
214842 -575
214849 -580
214926 -585
214940 -590
214868 -595
214812 -600
214897 -605
214852 -610
214844 -615
214896 -620
214835 -625
214884 -630
214839 -635
214859 -640
214837 -645
214849 -650
214806 -655
214802 -660
214863 -665
214873 -670
214921 -675
214816 -680
214919 -685
214795 -690
214796 -695
214869 -700
214830 -705
214830 -710
214856 -715
214888 -720
214846 -725
214887 -730
214905 -735
214856 -740
214831 -745
214860 -750
214886 -755
214888 -760
214880 -765
214839 -770
214886 -775
214732 -780
214852 -785
214821 -790
214878 -795
214824 -800
214862 -805
214847 -810
214882 -815
214884 -820
214887 -825
214888 -830
214843 -835
214881 -840
214848 -845
214843 -850
214873 -855
214854 -860
214815 -865
214860 -870
214849 -875
214820 -880
214841 -885
214848 -890
214868 -895
214840 -900
214848 -905
214806 -910
214879 -915
214812 -920
214850 -925
214891 -930
214841 -935
214898 -940
214829 -945
214894 -950
214934 -955
214860 -960
214828 -965
214848 -970
214903 -975
214826 -980
214773 -985
214966 -990
214913 -995
214891 -1000
214859 -1005
214783 -1010
214815 -1015
214859 -1020
214877 -1025
214835 -1030
214850 -1035
214786 -1040
214800 -1045
214859 -1050
214836 -1055
214851 -1060
214843 -1065
214839 -1070
214874 -1075
214815 -1080
214851 -1085
214862 -1090
214847 -1095
214837 -1100
214803 -1105
214827 -1110
214799 -1115
214770 -1120
214871 -1125
214864 -1130
214833 -1135
214784 -1140
214837 -1145
214819 -1150
214876 -1155
214888 -1160
214761 -1165
214820 -1170
214827 -1175
214886 -1180
214922 -1185
214796 -1190
214837 -1195
214853 -1200
214844 -1205
214828 -1210
214832 -1215
214854 -1220
214824 -1225
214852 -1230
214829 -1235
214853 -1240
214810 -1245
214887 -1250
214863 -1255
214797 -1260
214855 -1265
214848 -1270
214831 -1275
214890 -1280
214858 -1285
214847 -1290
214860 -1295
214811 -1300
214874 -1305
214814 -1310
214841 -1315
214837 -1320
214828 -1325
214814 -1330
214802 -1335
214846 -1340
214870 -1345
214800 -1350
214829 -1355
214836 -1360
214791 -1365
214920 -1370
214847 -1375
214782 -1380
214794 -1385
214791 -1390
214838 -1395
214835 -1400
214850 -1405
214826 -1410
214819 -1415
214809 -1420
214815 -1425
214832 -1430
214823 -1435
214846 -1440
214843 -1445
214833 -1450
214823 -1455
214816 -1460
214834 -1465
214812 -1470
214895 -1475
214775 -1480
214834 -1485
214817 -1490
214848 -1495
214798 -1500
214899 -1505
214864 -1510
214808 -1515
214905 -1520
214793 -1525
214803 -1530
214819 -1535
214857 -1540
214780 -1545
214790 -1550
214796 -1555
214827 -1560
214822 -1565
214793 -1570
214815 -1575
214834 -1580
214783 -1585
214833 -1590
214796 -1595
214842 -1600
214844 -1605
214799 -1610
214806 -1615
214796 -1620
214773 -1625
214857 -1630
214851 -1635
214809 -1640
214871 -1645
214802 -1650
214836 -1655
214837 -1660
214816 -1665
214825 -1670
214845 -1675
214790 -1680
214857 -1685
214850 -1690
214746 -1695
214862 -1700
214796 -1705
214843 -1710
214843 -1715
214793 -1720
214809 -1725
214865 -1730
214830 -1735
214851 -1740
214847 -1745
214788 -1750
214806 -1755
214831 -1760
214778 -1765
214837 -1770
214823 -1775
214821 -1780
214806 -1785
214835 -1790
214826 -1795
214848 -1800
214851 -1805
214774 -1810
214812 -1815
214879 -1820
214781 -1825
214854 -1830
214805 -1835
214862 -1840
214923 -1845
214842 -1850
214849 -1855
214798 -1860
214835 -1865
214823 -1870
214844 -1875
214857 -1880
214820 -1885
214754 -1890
214819 -1895
214842 -1900
214847 -1905
214834 -1910
214764 -1915
214853 -1920
214820 -1925
214857 -1930
214872 -1935
214859 -1940
214883 -1945
214835 -1950
