291
140
111
121
150
150
160
211
290
260
251
280
250
281
300
311
340
411
341
441
441
491
460
511
481
521
481
521
501
601
531
571
631
621
672
702
661
761
712
792
802
872
861
922
842
931
952
972
932
1002
1012
991
1031
1082
1052
1042
1002
1042
1032
1062
1042
1142
1102
1142
1182
1233
1202
1222
1242
1343
1352
1373
1393
1493
1473
1543
1463
1613
1543
1573
1633
1664
1713
1723
1703
1854
1853
1863
1824
1884
1883
1923
1994
2004
1954
2004
1964
2044
2084
2104
2044
2124
2124
2104
2094
2074
2104
2144
2144
2215
2174
2114
2154
2204
2184
2234
2284
2345
2275
2194
2275
2254
2254
2315
2325
2324
2324
2304
2354
2404
2404
2435
2515
2615
2555
2615
2615
2645
2594
2775
2795
2776
2785
2845
2875
2845
2845
2966
3025
3106
3046
3035
3086
3126
3095
3176
3276
3377
3276
3356
3326
3316
3366
3526
3446
3577
3507
3526
3567
3587
3627
3808
3757
3777
3827
3877
3847
3827
3817
3927
3937
3997
3947
4038
4097
4098
4058
4238
4168
4268
4248
4248
4278
4217
4218
4288
4278
4348
4248
4298
4399
4338
4348
4488
4408
4438
4369
4399
4418
4408
4418
4448
4509
4508
4529
4558
4609
4628
4588
4709
4639
4569
4498
4589
4549
4558
4539
4608
4619
4719
4639
4708
4779
4739
4779
4869
4830
4799
4809
4829
4939
4829
4809
4809
4889
5640
4759
8405
4989
4980
4959
4990
5089
4999
5020
5079
5200
5050
5109
5110
5170
5230
5120
5190
5250
5279
5390
5520
5440
5480
5480
5530
5540
5621
5551
5600
5660
5661
5661
5661
5781
5861
5861
5971
5952
5981
5962
6051
6121
6022
6092
6111
6191
6131
6151
6282
6342
6262
6302
6463
6512
6522
6502
6522
6552
6573
6673
6592
6642
6763
6683
6803
6813
6883
6923
6963
7043
7133
7094
7204
7073
7013
7143
7143
7133
7253
7193
7324
7404
7293
7444
7535
7434
7484
7464
7574
7644
7674
7684
7714
7734
7795
7805
7945
7835
7895
7995
7985
8035
8065
8095
8085
8145
8075
8206
8125
8116
8146
8135
8276
8265
8326
8326
8456
8476
8446
8466
8536
8616
8566
8666
8606
8656
8797
8656
9017
8867
8847
8897
8977
8996
8977
8977
9067
8977
8927
8967
8946
9127
9067
9047
9117
9077
9117
9167
9248
9148
9158
9167
9267
9278
9218
9217
9187
9358
9317
9308
9477
9358
9448
9498
9398
9448
9438
9407
9538
9308
9377
9388
9478
9407
9448
9508
9528
9458
9568
9568
9768
9598
9528
9518
9638
9708
9648
9588
9628
9608
9619
9718
9809
9708
9768
10469
12895
9829
9769
9738
9789
9818
9678
9758
9749
9828
9878
9729
9949
9828
9909
9989
10019
9949
9979
9919
10079
10028
10159
10009
10119
10220
10169
10129
10439
10269
10280
10269
10340
10320
10309
10269
10430
10450
10460
10340
10329
10329
10339
10390
10360
10430
10450
10330
10450
10460
10340
10369
10470
10490
10640
10529
10510
10600
10590
10660
10690
10650
10710
10690
10821
10760
10730
10760
10931
10840
10820
10820
10850
10830
10881
11702
14107
10901
11091
11051
11161
11141
11031
11091
11381
11261
11302
11251
11321
11371
11451
11401
11652
11601
11582
11592
11632
11672
11732
11702
11792
11882
11922
11892
11852
11822
11882
11913
12033
12012
12073
12003
12183
12063
12052
12063
12182
12394
12324
12253
12343
12464
12494
12433
12523
12624
12634
12604
12794
12844
12744
12895
13164
12915
12995
12954
12874
12934
12935
12894
13135
13716
16361
13195
13214
13205
13165
13084
13225
13295
13355
13245
13375
13455
13546
13575
13947
13716
13706
13766
13686
13776
13796
13867
13886
14026
14047
14046
13936
14086
14036
14137
14147
14227
14186
14137
14387
14347
14237
14277
14277
14547
14528
14437
14557
14657
14648
14678
14707
14787
14978
14958
15078
15119
15369
15219
15429
14948
15088
17704
15088
15099
15289
15149
15228
15298
15328
15288
15579
15499
15329
15419
15540
15529
15629
15559
15619
15800
15800
15840
16121
16120
15839
15920
16111
15940
15970
15960
16101
16150
16150
16251
16191
16251
16211
16341
16461
16451
16501
16591
16591
16612
16461
16472
16992
16712
16792
16662
16681
17042
17674
16852
16902
16922
16922
16892
17002
16982
17052
17082
17113
17193
17363
17252
17122
17213
17293
17263
17213
17383
17312
17483
17453
17553
17443
17362
17593
17452
17583
17653
17714
17754
17814
17913
18054
17944
17944
17874
17943
18094
17953
17974
18134
18234
18244
18184
18364
18925
21671
18314
18455
18595
18525
18504
18705
18655
18565
18605
18855
18735
18745
18735
18745
18875
18866
18876
18996
18986
19046
18955
19096
19026
19066
19016
19417
19046
19036
19006
19016
19116
19076
19176
19207
19196
19266
19276
19226
19357
19186
19236
19386
20138
22432
19337
19356
19487
19517
19466
19567
19547
19477
19436
19547
19507
19396
19407
19627
19637
19647
19627
19657
19747
19707
19597
19747
19688
19787
19647
19857
19797
19887
19867
20138
19858
19937
19977
20008
19988
19978
19817
19878
19877
19978
19958
23083
19978
19928
19938
20318
20078
20038
19948
19987
19987
19967
20018
20218
20027
20017
20068
20299
20128
20148
20198
20198
20338
20358
20258
20438
20309
20439
20508
20589
20468
20358
20379
20579
20389
20438
20368
20409
20579
20478
20448
20399
23685
20589
20509
20659
20549
20759
20589
20629
20709
20689
20609
20910
20729
20919
20770
20749
20899
20820
20669
20799
20880
20910
20860
20759
21099
20829
20839
20909
20960
20879
20890
20809
20819
20899
20749
20939
20949
21019
21020
21080
21721
21030
21030
21120
21050
21129
21160
21199
21220
21170
21149
21331
21260
21310
21311
21401
21210
21230
21240
21330
21471
21471
21421
21291
21471
21411
21420
21430
21661
21600
21631
21731
21531
21671
21541
21761
21881
21912
21801
25859
22022
21991
21881
21992
22102
22091
21982
22072
22051
22131
22042
22252
22302
22262
22182
22192
22252
22202
22101
22242
22101
22112
22352
22152
22252
22112
22112
22212
22151
22171
22232
22252
22192
22202
22322
22422
25268
22181
22142
22142
22282
22252
22212
22322
22332
22222
22472
22422
22412
22453
22482
22602
22692
22693
22733
22753
22732
22663
22603
22662
22752
22742
22802
22743
22923
22833
22793
22943
23004
23004
22933
22963
22953
26109
23514
23004
23254
23374
23324
23183
23244
23394
23334
23344
23404
23455
23375
23434
23544
23364
23424
23515
23594
23524
23625
23544
23584
23554
23585
23765
23684
23684
23624
23775
23634
23554
23694
23805
27823
23885
23875
24005
23865
23975
24115
24155
24256
24356
24366
24426
24376
24556
24496
24727
24586
24566
24627
24787
24877
24776
24816
24977
24967
25047
25027
25097
25137
25198
25188
25238
25178
25297
29095
25368
25277
25368
25388
25368
25297
25378
25629
25428
25579
25498
25498
25578
25648
25688
25589
25709
25618
25839
25879
25909
25949
25809
25839
25949
25809
25838
25798
25979
26120
26880
28714
26259
26229
26230
26259
26450
26540
26820
26730
26630
26620
26711
26570
26901
26910
26961
26861
27021
27212
27021
27020
27421
27502
27462
27502
27472
27462
27782
27541
27862
30818
27683
27632
27602
27542
27502
27642
27802
27793
27663
27602
27762
27813
27673
27612
27762
27832
27882
27852
27952
28043
27943
27913
28193
28123
27973
28103
28103
28043
27933
28834
32821
28283
28383
28363
28514
28464
28573
28614
28664
28563
28684
28664
28864
28834
28914
28794
29465
28935
28935
28994
29095
29165
29145
29225
29235
29275
29706
29465
29395
32632
29476
29455
29606
29766
29857
29926
29946
29726
29966
29636
30047
30026
29896
30177
30116
30076
29916
30027
30167
29996
30257
30227
30137
30298
30377
30347
30617
33693
30487
30297
30277
30307
30298
30347
30598
30637
30949
30678
30628
30668
30848
30647
30948
31058
31198
31218
31198
31078
31419
31179
31589
31289
31559
31519
32471
33873
31540
31700
32160
32090
32131
32020
32401
32701
32481
32021
32281
32201
31780
31990
32001
31990
32081
32020
32121
32281
32281
32301
32381
32281
32281
36159
32581
32401
32401
32441
32531
32602
32581
32751
33062
32902
32841
32832
32902
32832
32952
32811
32922
34174
46628
46888
46959
46918
47139
51326
47079
47900
48180
48481
48642
48591
48752
48572
49092
48782
48712
48591
183496
37591
38883
41518
37952
37751
37671
37721
37851
37912
37681
37771
38132
38182
38202
38062
38303
38012
38302
38272
38353
38423
38393
38403
37270
42530
36990
37060
37410
37221
37120
37160
37290
37230
37200
37411
37571
37360
37350
37280
37341
37481
37370
37420
38082
37541
37731
37620
42209
37761
37771
37661
35677
35817
35958
35868
35827
35808
35788
35717
35757
36008
35967
35988
35958
36008
36308
36078
36198
36098
36439
36850
36338
36299
36439
36199
36689
36759
36389
37100
37340
37390
37260
37350
37460
37450
37511
37541
37651
37521
37410
37440
37601
37651
38392
40166
37550
37641
37711
37742
37922
37791
37892
37792
37822
37812
37741
37771
36829
37191
37260
37280
37351
37310
37310
37331
37420
38202
39945
37601
37681
37651
37871
37801
37982
37911
37922
37911
37882
38012
37971
38112
38192
38222
39294
39254
39224
39224
39394
39334
43612
39795
40045
39825
39705
39765
39855
39795
40166
39835
40136
40126
40155
40236
39936
40016
40256
40346
40235
40136
40186
47299
39144
39314
39354
39294
39314
39384
39204
39434
39334
39575
39895
39624
39685
39745
39825
39705
39775
39925
39945
40105
40015
43652
60333
40346
40205
40526
40787
40776
40767
40827
40977
40997
40997
41087
40927
41027
41338
41398
41348
41458
41358
41408
44844
40907
40867
41017
41077
40917
40957
40847
40787
40747
40777
40747
40746
40937
40827
40806
40937
40947
40927
40907
40937
55184
51077
41318
47830
41228
41198
41137
41108
41138
41247
41108
41889
41949
42030
42079
42029
41939
42150
42149
42069
46508
42290
42199
42300
42540
42360
42340
42731
42430
42270
42250
42279
42280
42390
43652
43862
44153
44013
44053
44113
47740
43873
43953
44113
44123
44434
44063
44253
44113
44203
44213
44193
44283
44354
44454
44644
44333
44594
45516
45395
48120
45786
45646
45636
45635
45535
45606
45797
45726
45656
45676
45626
45516
45756
45616
46397
45526
45696
46657
45846
45556
42089
42300
42159
42300
42350
42310
42330
42220
42380
42159
42290
42480
42289
42541
42420
42720
42490
42330
45666
42720
42521
42610
42651
43722
43933
44134
44143
44133
44113
44033
44053
44023
44083
44043
44013
44033
44283
45015
44283
44113
44174
44193
44283
44233
44193
44153
44143
44203
42821
42971
42941
42951
42971
42860
42740
43051
42771
46328
42991
43212
43152
43132
43121
43161
43132
43172
43141
43081
43452
43442
43482
44614
44664
44644
44784
44624
44574
48882
44584
44684
44644
44484
44674
44604
44815
44543
44464
44704
44454
44594
44865
44794
44724
44674
45005
43893
47900
43482
43542
43682
43492
43643
43843
43772
43682
43672
43933
43622
43903
43822
43913
43963
43993
44083
44053
43843
47720
44093
44564
44855
45005
45014
45176
45155
45175
45035
45155
45305
45425
45155
45416
45255
45316
45566
45656
48602
45325
45295
45486
45586
45636
44724
44504
44574
44544
44293
44504
44494
44644
44604
44695
44694
44824
44755
45135
44484
44434
44374
44453
44514
44494
44394
44423
44514
44754
44895
44865
44915
44874
44754
44774
44724
44725
44945
48641
44934
45025
45015
45275
45196
45075
45135
45055
44985
44905
44965
45125
45195
45185
45305
45265
45165
45235
49283
45326
45305
45526
45606
45455
45535
45395
45556
45736
45866
45676
45626
45526
45676
45636
45616
45957
46017
48962
45857
45787
45736
45846
45867
46057
46096
45987
46177
46077
46197
46097
46066
46287
46258
46327
46217
46938
46257
46287
46677
46678
46698
46718
46658
46778
46789
46708
46898
47199
47088
46999
47019
47008
46858
46898
50114
47610
47119
47109
47038
47119
46428
46498
46628
46798
46839
46678
46728
46859
46818
46648
46798
46968
50605
46998
46878
46888
47029
46889
46929
46999
47069
48140
49042
48992
49012
48932
49122
49193
49253
49273
52429
48983
49092
49283
49263
49353
49233
49163
49153
49243
49273
49103
49213
47450
47249
47319
47369
47289
51246
47309
47410
47550
47579
47319
47389
47349
47369
47329
47259
47219
47449
47379
47419
47189
47389
48111
51928
48000
47891
47850
47950
48111
48181
48101
48140
48111
48001
48160
48010
48051
48000
47770
47851
47740
51918
47860
47680
47339
47429
47289
47330
47559
47830
47619
47480
47630
47629
47740
47770
47881
47900
47780
53541
47710
47860
47920
48010
48451
48701
48682
49032
48762
49083
49052
49243
49173
49153
48983
48882
48942
52519
48652
48772
49042
48892
49083
49052
49033
49133
48822
48802
48932
49202
49092
49202
49153
49092
49944
49173
49223
49384
49313
49543
49543
49424
49423
49563
49544
49754
49763
49713
49934
50015
50034
50084
53181
49773
49533
49673
49764
49734
49684
49814
49954
49894
50004
50045
49744
50004
50045
49984
49804
53862
49914
50044
50065
50125
50094
49994
50295
49984
50005
49904
50004
50125
50055
50094
50064
50124
54142
50606
51196
51347
51386
51467
51367
51387
51487
51648
51476
51467
51527
51597
51868
51728
51518
54813
51657
51788
51497
51657
51678
50385
50495
50626
50486
50345
50625
50515
50725
50826
51017
50836
55003
50966
51096
51156
51427
51096
51216
51257
51798
53030
53151
53200
53421
53301
53300
53591
54222
53220
53551
53801
53921
53911
53792
54012
53761
53992
53851
53671
52979
52489
52429
52288
52369
55965
52399
52599
52699
52609
52590
52720
52799
52810
52660
52829
52810
52880
53120
53080
54403
57709
54483
54533
54513
54673
54674
54533
54613
54623
54673
54763
55034
54804
55204
55164
55034
58731
55896
55856
56266
56236
56256
56246
56256
56426
56336
56306
56376
56437
56487
56456
60614
56617
56667
56486
56537
55053
54343
54433
54322
54333
54412
54352
54383
54452
54622
54282
58731
54463
54633
54694
54843
54703
54843
55334
56797
56897
56937
56897
57248
57188
56898
57729
57028
57027
56947
57048
57008
57017
56987
56928
57108
57057
56457
55134
55275
55685
55555
59322
55645
55735
55765
55725
55875
55745
55795
55815
56026
56046
56016
56066
56116
57107
61265
57448
57669
57559
57678
58059
57689
57879
57899
57849
57920
57549
58009
57849
58230
62147
58320
57638
57288
57298
57238
57679
57608
57668
57568
57759
57799
57588
57949
58019
61245
58240
58020
58080
58240
59522
59863
59953
60113
60264
60133
60434
60123
60144
60313
64251
60704
60013
59683
59993
60073
59773
59733
58511
58891
58641
58711
58640
58751
58921
62969
58831
58651
58770
58961
59071
59072
59211
59192
58931
59242
59021
58991
59031
59873
59061
59132
59061
59041
59132
58991
59311
59392
59492
59442
59232
59371
59302
59372
63299
59663
59662
59672
59793
60053
59783
59612
59563
59622
59552
59663
59642
59733
59833
62648
59712
59733
59823
59912
59833
59943
60073
59872
60044
60103
60314
60243
60164
66164
60434
60313
60604
60814
60864
60965
60955
61275
61245
61406
61176
61225
61425
62407
61496
61687
61616
61696
61676
61596
61826
61376
61326
62167
61626
61616
61576
61546
64101
61626
61757
61837
62057
61917
62027
61897
62107
62157
62438
62368
62518
62378
65794
62588
62708
62929
62859
62939
62878
63009
62969
62909
63049
63098
63059
63149
65914
63330
63340
62918
63189
65263
63209
63249
63179
63570
63219
63229
63650
67437
63510
63680
63650
63720
63770
63760
63750
63650
63750
63940
63880
63680
63820
67107
63951
63690
63850
63990
63981
64001
63800
63951
64141
64381
64271
64161
64051
67317
64231
64292
64442
64391
64682
64632
64391
64321
64381
64271
64592
73839
108344
65504
64412
64481
64561
64642
64591
64581
64532
65053
65423
65233
65253
70563
65474
65483
65353
65474
65683
65664
65764
65624
65633
65854
65995
66124
69772
66155
66355
66485
66304
66756
66716
66736
66666
66675
66606
66555
67126
67447
66776
66986
66466
67106
66856
66665
66645
67267
67217
66796
67016
66976
67648
70162
67026
67216
67317
67247
67818
67517
67978
67548
68329
67707
67548
67737
71525
67768
67858
68659
68630
67928
68068
68039
67477
67688
67747
67697
68640
67938
67978
67878
67888
67808
67898
68029
67948
68139
68108
68258
68179
71966
68459
68620
68429
68659
68709
68690
68690
68569
68590
68710
68589
69040
72867
69290
69260
69070
69201
69281
69351
69400
69431
69351
69611
69651
69771
72998
69792
69491
69701
69882
69672
69811
69661
69662
69641
69631
69962
72917
69652
69852
69741
69671
69852
69721
69871
69811
69932
70342
70202
70242
73939
70163
70412
70573
70453
70463
70493
70704
70523
70843
70613
70823
74941
71134
70934
71064
71024
71014
71324
71655
71214
71234
71575
71615
71285
74882
71555
72065
71485
71384
71485
71575
71374
71695
71485
71725
71825
75652
71675
71555
71625
71845
71806
71976
71554
71615
71846
71876
71765
75642
71935
71896
71935
71995
71926
71945
72046
71945
71886
72176
72577
75712
72517
72627
72397
72977
73248
73108
73228
73158
73148
72917
73197
74360
73419
73458
73378
73478
73719
73419
73077
73439
73328
73398
73308
74170
73418
73359
73358
73378
73589
73448
73689
73900
73779
73719
73939
77697
73829
73829
74150
74080
73999
74210
74511
74290
74370
74531
74440
78318
74410
74380
74370
74520
74461
74791
74420
74671
74521
74580
74641
78238
74831
76104
75302
75352
75453
75452
75503
75633
75602
75792
75442
79029
75773
75752
75652
75442
75342
75693
75652
75802
75833
76053
77015
76043
76304
76685
76184
76254
75913
76103
75923
76254
76154
76424
79510
76273
76364
76544
76504
76715
76534
76664
76644
76874
76795
77626
76844
76965
76985
76885
77066
77426
77507
77366
77416
77716
77656
81293
77747
77967
78007
78287
78428
78388
78157
77456
77796
77716
81644
77506
77426
77216
77395
77326
77617
77396
77486
77516
77296
77406
81824
77776
77656
78127
78187
78227
78347
78398
78458
78739
78428
82085
78598
78578
78548
78458
78528
77746
77857
77816
77687
78007
81514
78068
78037
78087
78217
78057
78007
78097
78438
78268
78307
79320
78488
78197
78248
78227
78237
77917
78337
78298
78077
78177
78758
82064
78869
78768
78929
78879
79680
78839
79179
79349
78999
79360
83016
79340
78728
78889
79099
79169
79109
79329
79440
79440
79530
82866
79459
79821
79680
79710
79670
80051
79991
79901
79950
79921
84189
79970
79850
80121
79921
79970
80070
80010
80412
80161
80131
85682
80411
80601
80581
80522
80733
80812
80742
81063
81092
80912
84900
81253
81303
81413
81404
81343
81513
81423
81434
81564
81213
85011
81093
81333
81714
81724
81804
81744
81744
81714
81874
82175
85461
82265
81955
81914
81573
81925
81914
81684
81985
82115
83067
82335
82035
82275
82155
82546
82315
82496
82526
82205
82375
86153
82646
82566
82406
82606
82726
82636
82816
82626
82786
82856
86052
83026
82876
82977
83137
83427
83247
83337
83397
83307
83357
90370
83227
83177
83117
83618
83458
83618
83398
83357
83507
87705
84149
84039
84139
84339
84089
84238
84199
84359
84349
84429
87725
84008
84129
84169
84128
84419
84178
84429
84409
84750
87785
84960
84779
85191
85391
85622
85481
85131
85121
85270
85221
88677
85441
85611
85541
85772
85612
85751
85672
85781
85932
88878
85400
85521
85701
85541
85732
85651
85992
86333
86313
90240
86242
86243
86623
86253
86293
86593
86463
86543
86463
87004
85972
86103
85942
86282
86123
86092
86052
86093
86102
86343
89429
85932
85321
85581
85641
85712
85401
85641
85841
85782
89429
85921
85972
85902
85992
86062
85892
86182
85952
85982
89960
86192
86133
86022
86102
86002
86463
86864
86543
86633
86663
89890
86814
86884
86773
86873
86984
87214
87134
86984
87225
92975
87034
87044
87034
87104
87024
86803
87264
87114
86683
89759
86543
86723
86483
86543
86664
86793
87024
86573
86824
90882
86944
86683
87034
87235
87244
87024
87174
87124
87084
90340
87094
87164
87435
87745
87886
87995
87895
87926
87936
92104
88016
88166
87915
88256
88246
88236
88377
88156
88357
88888
88998
88156
88096
88186
87925
88106
88106
87625
87415
88236
87325
87696
87836
87876
87886
87566
87775
87805
87585
87955
90110
87825
87605
87655
87756
87826
87485
87605
87736
87726
92024
88377
87956
88136
88117
88096
88146
88166
88106
88106
91292
88526
87956
88727
88838
88858
88627
88828
89017
88517
92053
88728
89229
89158
89048
88988
89007
89068
88837
89209
108735
88918
89178
88958
89018
89178
89268
88627
88948
89729
88907
88998
88617
88917
88958
89018
88888
89579
89199
93086
89428
89068
89288
89288
89219
89478
89228
89138
88998
92895
89088
89088
89158
89248
89368
89469
89278
89609
89488
92805
89399
89839
89639
90100
90030
90290
90100
90350
90320
93827
90521
90520
90551
90330
90751
90671
90460
90570
90440
93376
90160
90300
90291
90100
90310
90250
90300
90270
90290
92745
102313
96863
90520
90631
90380
90370
90731
90650
94598
90581
90761
90881
90851
90620
90891
90700
90721
90671
95020
90681
89980
90290
90070
89869
90009
90220
89939
90250
93566
90039
89939
90881
91252
90841
90912
91352
91092
91623
91011
91042
91312
91332
91061
90931
90831
90832
90911
98626
90921
91041
91141
91152
91212
90821
90981
91161
91031
95179
91002
91032
91152
91141
91092
91092
91202
91322
90881
92785
90501
90691
90901
90961
90911
91091
91131
91372
94808
91132
91222
91202
91042
91042
90882
91212
90981
90941
94628
91322
91302
91383
91753
91693
92043
91582
91402
91723
95830
91944
91884
91843
92104
91313
91453
91752
91563
94899
91553
91803
91593
91803
91933
91833
92304
92184
92655
97073
92654
92635
92825
92524
92885
92695
92665
93265
96452
92635
92404
92865
92494
92485
92624
92224
92294
92604
96091
92254
92034
91763
91853
92134
92013
91943
92014
91793
94538
91963
91903
92104
92124
92213
92124
92134
92093
96111
91853
92374
92604
92354
92805
92715
92975
93125
92795
98045
93136
92845
93196
93026
93106
93056
92735
93086
96953
93025
93226
93577
93065
93285
93285
93325
93295
93406
96171
93155
93366
93396
93426
93476
93726
93747
93587
97624
93657
93567
93706
93666
93486
93857
93647
93817
94398
93716
93937
94057
93657
92975
93236
93136
93326
93346
97554
93045
93356
93036
93206
93847
94137
93577
93777
97995
94058
94368
94098
93867
93977
94018
93546
93806
93666
97413
93666
93837
93826
93987
93857
94017
94038
94037
98004
94187
94197
94268
94157
94328
94077
94518
94037
94688
94227
94448
93988
94248
94338
94759
94417
94648
94458
97093
93787
94168
95039
94879
94518
94408
94699
94598
98636
94829
94989
94828
95049
94618
94698
94468
94428
94508
97844
94518
94367
94458
94628
94728
94969
94668
94738
98716
94759
94878
94739
94979
94899
95179
95100
95170
98285
95340
94999
95089
95229
95109
94849
95039
95089
95801
94999
94919
94699
94959
94739
94999
94678
94678
94669
98205
94358
95049
95380
95380
95229
95230
95369
95330
99237
95250
95560
95690
95419
95661
95870
95760
95621
99237
95950
95780
95831
95440
95620
95640
95500
95710
96332
95821
95780
95600
95680
95590
95460
95760
96161
95710
99126
95490
95550
95369
95490
95470
95400
95520
95741
99077
95770
95941
95450
96001
95681
96071
96161
96111
99408
95940
96251
96763
96792
96492
96622
96652
96822
100439
96803
96762
97203
96863
97123
97103
97173
97303
101291
97283
97454
97374
97634
97453
97363
96903
96963
100800
96482
96652
96883
96753
96803
96903
96732
96792
97274
96041
96352
96302
96001
96352
96131
96982
96522
96642
99056
96582
96722
96542
96592
96832
96823
96713
96822
101882
96983
97103
97334
97524
97704
97804
97744
97855
101732
97804
97674
97774
97875
97684
97785
97734
97955
100941
98075
97994
98025
97954
98055
98276
98406
98365
102553
98767
98866
98907
99086
98897
98957
98806
98596
102423
98706
98656
98415
98646
98225
98626
98766
98766
102674
98535
98746
98786
98866
99057
98956
99868
99207
102353
98966
99017
98816
98886
99037
99357
99427
100119
99207
99237
99778
99397
99348
98997
99237
99247
103255
99427
99768
99577
99588
99768
99427
99398
99278
103345
99307
99448
99408
99347
99587
99478
99708
99538
103625
99437
99568
99828
99728
99678
100089
99618
99768
103746
101040
100930
100920
100920
101000
101211
101081
101051
104497
101442
101271
100539
100720
100629
100820
100850
104186
100970
100730
100559
100920
100700
100790
101061
101091
104827
100890
100880
100991
100790
101281
100910
100539
100700
103816
100740
100580
100269
100449
100480
100389
100379
100489
104467
100530
100730
100580
100329
100449
100519
100309
101230
100629
100470
100570
100589
100439
100309
100619
100480
106200
100910
100640
101401
101211
101812
101412
101291
101200
104938
101231
101100
101160
101371
100359
100580
100510
100540
103565
100609
100559
100369
100640
100580
101161
100980
104978
101071
101190
101491
101161
101421
101411
101261
101301
105118
101341
101351
101361
101341
101401
101381
101181
101701
104457
101562
101552
101862
101852
101702
101762
101852
102733
101742
101531
101641
101581
101712
101551
101551
101521
105429
101872
101411
101651
101611
101511
101542
101552
101852
104517
101552
101381
101451
101571
101651
100921
100679
101692
100951
100719
100700
100709
100640
100739
101021
100931
104938
100930
101041
101000
101311
101210
101241
101190
101331
105349
102453
102543
102654
102513
103235
102854
102914
103796
102954
103065
102794
102433
102683
102433
102514
102503
106641
102814
102924
102884
103124
