621
732
922
1032
1192
1242
1373
1603
1864
2024
2033
2205
2354
2435
6893
2845
3125
3267
3396
3567
3667
3827
3958
4218
4358
4508
4548
4879
4929
5029
5190
5461
5771
6061
6122
6292
6362
6713
6913
7093
7263
7414
7434
7684
7815
8035
8286
8306
8456
8596
8917
9007
9347
9468
9518
9808
9859
10189
9548
10449
10570
10680
10911
11161
11581
11752
11842
12273
12333
12603
12784
13125
13345
13255
13465
13786
13936
14006
14297
14648
14868
15019
15068
15289
15710
15639
15890
16181
16331
16301
16661
16842
16942
17212
17473
17723
17824
18275
20960
18525
18735
18836
18966
19316
19477
19747
19797
20018
20318
20599
20659
20859
21060
21200
21390
21600
22101
22162
22172
22513
22753
23034
22993
23284
23584
23724
23745
24126
24576
24807
25007
24667
25428
24496
25709
24576
26129
26420
27492
29797
27081
27431
27512
27983
28112
28394
28534
28765
28965
29045
29476
29675
29916
30047
30207
30467
30818
30908
31470
31469
31719
31749
32020
32371
32421
32761
32721
31810
32681
37641
34205
34124
34455
34505
34916
35187
35357
35527
35657
36018
36108
36359
36499
36960
37261
37230
37401
37891
37250
38252
38312
38943
61876
62978
61977
62708
62258
62418
59943
60194
59622
60454
60744
59942
60293
60744
60524
60914
61325
65624
61596
63279
62167
62307
62398
64401
62868
63470
64622
63520
63610
65303
64121
65954
68980
65423
65053
65924
65373
67137
67337
66846
66916
68659
67116
67146
67707
67447
72968
67978
69370
68639
69300
71625
70232
70042
70473
70423
70683
71715
71255
78077
72306
71435
72247
72256
75151
72637
72757
74230
74009
73940
76885
77325
88617
78408
75352
75783
77316
77516
79019
76414
77045
79650
80041
77847
84559
80732
78719
78858
79159
81674
79620
79840
81955
80281
83046
80712
88306
82025
82014
81984
82646
82575
83687
83107
86393
82966
84078
94338
84349
88056
88196
87385
84990
89098
85882
89679
86583
90570
102122
87635
86944
90721
88216
91953
92314
90250
88878
89158
89869
93727
90270
90020
94548
90521
94809
94518
94418
94958
94639
105549
91893
92284
91703
96241
96462
92364
96171
92233
93105
109186
97925
97393
97784
95299
98405
98566
98977
99617
99989
104777
96482
96041
100680
100790
100709
100810
101641
98947
111129
102373
103134
98656
102964
103265
103825
104166
104447
106881
107813
104887
105108
105970
108204
108845
108955
106831
118694
110107
108364
105930
105199
108625
108474
109356
109546
124295
254710
226907
170671
90921
89669
93687
89359
89498
89809
86593
90000
90510
91072
91232
91372
87404
96612
86563
90460
90811
87355
91042
91663
91783
91933
92294
92304
105279
92654
92925
93526
93636
93827
90771
94027
94438
106290
109907
95500
95540
95680
94057
96211
96622
96743
97284
97133
107052
94408
98135
98465
98756
98686
98997
99126
99908
108725
113223
105970
103495
101782
101781
101652
101922
101972
102483
106050
102693
103124
99608
99136
103445
98386
104257
104557
108845
103405
105439
105288
105980
105889
106120
106521
106571
110768
107252
107603
108424
105639
108605
105449
108975
108925
113894
109977
110378
110689
106120
110849
111670
111570
110097
115418
112342
107673
112662
112793
114065
114195
114306
109907
118002
115598
111610
115999
115889
113984
116539
116659
119895
117131
112172
117742
118293
119094
118894
127570
133221
119795
115868
119496
120056
116971
120347
120778
124074
131178
120928
121348
121468
122009
121929
119124
128922
123513
123854
123443
123423
122631
120037
122350
129594
125216
126037
125687
121358
122250
127100
127430
132450
127851
128802
129194
128952
128743
128562
133091
129043
127491
130105
130115
125948
130506
131218
134383
132269
131968
130155
133161
132950
133421
137329
133722
134484
134914
129915
135606
135896
140615
136888
136707
138010
138150
138401
138732
143039
139312
139423
139523
139723
136447
135655
144652
140725
140965
141436
141577
141818
142288
145614
142469
153309
143641
146717
146076
144241
150063
142118
145153
145875
145895
146266
150814
146796
142559
146546
146717
147428
147458
151144
147809
148460
148259
148490
149151
147759
152538
149441
144693
150835
151655
152037
162807
152868
152858
153369
153409
154060
158619
154892
153980
155392
155353
155643
156044
160282
156545
156956
156785
158028
153800
162586
159370
158068
158940
158940
159370
164359
159912
154200
155062
161004
161554
161925
161695
161945
162656
163158
163057
179158
164329
171463
164771
159180
164099
169599
163989
165923
166193
160162
167646
167796
167736
163669
163578
168738
168958
171162
170301
171012
171042
170562
175250
172194
172395
172185
172736
173176
177906
173787
173698
174208
174969
179298
176192
176803
176542
174037
175530
175671
175190
176152
184768
174258
178526
181753
178316
179188
179288
179709
184057
181202
180971
180821
181262
185429
182684
183386
184458
193074
185179
203934
184869
184257
183315
183776
184017
182503
185640
183426
186371
191941
188174
188385
188686
190048
192422
189727
190338
189557
190238
187994
190289
190960
190880
191702
192683
192874
193765
192953
194165
195558
198484
195989
195668
196811
223131
196520
197703
197833
198123
201710
196610
197523
197262
198064
203053
200037
199857
196169
198504
205498
202432
212531
202451
205136
210006
203073
204486
205257
206159
210106
207591
208333
209545
213883
208573
209094
210026
208152
211409
208833
208363
208913
205437
213232
209244
210436
211439
214294
211999
212220
213031
212921
232137
212760
210998
211468
215647
212100
212620
213102
213822
218552
215005
214825
215456
216548
219664
217780
219343
218812
232438
219394
227458
220014
224303
220926
221297
221668
221697
225685
222489
220656
223742
228010
223891
224342
222229
226637
229472
226316
226447
226677
231086
228190
228130
228220
231597
230534
229132
228731
233480
224934
226617
232248
231566
228961
232528
233430
233470
237087
233971
234863
234461
238580
234322
235033
243459
251905
235253
236305
236045
239301
235734
236716
237177
241495
237768
239221
238629
243308
240022
243088
243308
248668
244341
246324
246184
250422
246685
246835
246224
250081
246013
246805
245813
249981
246184
246174
246755
250472
247777
249460
249329
253498
251244
252095
249931
254249
250622
262264
259188
256884
254209
254950
253958
256723
251634
252436
253498
258357
254300
255231
256674
260170
257375
258457
261032
258978
258708
258247
261603
257846
259499
261072
264498
261993
261382
262494
267424
263317
263827
268045
264218
263666
265480
269618
267875
267915
268436
281140
274186
269528
265060
270360
261873
269397
273605
269467
271381
269087
273796
270459
271001
275960
272804
273315
273215
278034
273916
274317
278735
274708
275209
276131
279758
276040
275358
280358
277272
278064
278695
282592
279246
280088
283144
280007
281140
292401
293723
283204
282843
287081
283634
283504
283674
287662
283685
285448
288974
284806
285498
286089
290528
286801
287612
293584
289576
289646
293853
290908
291529
291810
296208
291880
292641
295897
293112
292562
295256
292762
292161
293302
298282
302009
300165
306858
295768
295848
300205
296268
296589
296358
301728
296549
296498
297200
298513
299634
302620
300476
300536
305826
301819
303321
303322
321616
302230
303301
307710
303843
303161
308271
305946
306848
311587
306046
305346
308281
321866
320414
308090
321586
310305
311848
318109
310194
340442
318329
311908
311937
325233
314542
331344
320154
314533
312770
316226
313270
313571
320444
315284
315564
322237
318931
319322
324702
368845
415222
356372
334039
402087
493610
343928
335442
326686
328549
338278
331164
332066
321155
322878
321526
326966
326315
341624
327507
336695
484703
637401
345601
330182
330142
376098
331394
330763
341894
349749
350650
356853
330843
328929
334661
349639
378393
389394
369256
336634
332316
331585
343908
338929
338718
380698
363255
363645
371259
348697
336484
346723
336664
343728
339159
342846
354077
350681
351963
343017
338338
339119
361310
369456
368475
369907
354718
360710
357053
342445
347305
342626
359538
374165
371200
360749
347034
343266
345201
352865
349719
353466
363194
365829
369036
364767
364577
375347
360139
353766
350370
353887
419280
412077
419340
376820
377391
385346
366851
381037
366470
352343
358826
353636
354238
361872
354127
369276
364908
368614
355650
367923
360139
369175
360850
362944
404312
377301
391288
385507
373173
367653
361231
360359
364757
361782
361721
364918
361902
366210
362233
362763
366210
364376
364918
371821
367983
373444
368424
368544
374225
369997
406987
369225
369877
374576
368695
368384
374986
368715
375227
370638
371831
375387
373494
365950
378172
376439
380717
375938
378152
381910
377301
377591
381660
375978
379475
373163
378323
380968
379104
394183
380276
380597
385927
382310
387610
381589
382240
386318
383753
383252
387540
383273
388953
384294
384094
405384
385276
391859
383943
383072
389264
387901
393151
388792
387470
393411
390766
410484
395195
395906
399763
393682
397619
393731
393892
397039
392660
397599
394243
393952
398260
395225
399793
412958
401146
405173
397609
404623
400375
405404
397489
398231
402849
398871
410954
401897
400695
415503
402278
414952
405013
405363
408910
407047
412286
473312
413418
405073
402979
412958
424600
413318
407919
410414
410374
410544
413779
411475
414411
412327
411585
420161
410423
416074
411786
414161
411024
410694
416565
412287
416675
413529
412978
416745
414361
420172
433487
419401
415694
416745
421594
418749
419240
417978
423879
418829
420672
515251
420533
425592
419190
424370
419962
427134
422145
422857
430050
426764
430261
424480
429630
424871
453123
429940
424440
428568
428227
431463
426714
429509
432845
432685
430431
431553
429990
426293
432665
431794
434388
433797
434949
438096
433547
438827
437083
440721
432935
448104
437545
432585
436583
433466
435891
431914
438877
436222
437905
443025
447202
444808
437905
442244
437814
443225
439268
439608
445359
439719
445619
441292
447282
442974
468743
441873
447744
442844
428968
446862
441542
446121
445088
451641
447173
462101
510181
461800
493841
456821
438767
447022
475206
483811
455228
448074
473021
566538
525740
454587
461720
456299
463854
453244
458484
454376
459877
453995
465637
452322
458403
454526
454817
465286
458373
460718
456379
459054
456941
460658
459696
465216
491336
466519
460327
465036
459085
462491
457271
455768
459115
462492
480515
462742
467601
466048
470867
466439
471428
471358
474063
464555
469585
464004
468403
481988
467521
464155
464585
470586
573109
658000
661186
472720
490274
524198
532262
490394
473562
470466
473091
469434
472540
467812
474835
476318
479413
495824
485194
479774
481097
478041
480946
474535
480866
474083
480325
485775
480846
476478
480525
477630
478582
474203
481407
484313
482619
487389
488270
491176
512335
488100
483140
486727
483211
490454
482730
483552
480586
490775
493750
492999
494531
495283
488040
474104
488471
491446
489492
492979
491146
494311
507596
494963
490404
492057
488991
493911
493790
498218
491506
495203
503138
498309
495153
498810
496756
500082
494282
500092
494502
490083
499361
503299
517314
507997
505452
504100
500032
493229
509009
507005
507577
510432
507286
502036
505543
500533
505021
504731
508518
507166
507356
506144
510612
506204
532373
504440
507045
509079
512726
504751
512105
516062
514690
515902
512987
515762
511834
518086
516242
520471
514760
521001
514559
517585
514399
536281
512696
516734
512636
524277
511264
515791
514961
521522
533595
661917
531501
518097
523366
521913
520571
518617
521543
521022
528265
510742
546249
527534
520792
527574
524819
529678
524327
530409
527394
539928
524288
530159
526832
525840
528916
524318
528847
524699
530870
536581
549536
532313
536170
528225
531792
528215
530580
531932
533055
541460
530048
538264
530961
538194
528115
536792
531551
539857
541691
536822
541661
555186
542502
536871
541921
538956
539948
537212
539687
542482
546399
542833
543645
548143
543624
543243
541751
543805
546449
530499
546820
552421
545307
544446
545608
540598
546610
543755
546048
550467
542422
551710
550908
557861
554094
559795
552201
547802
552781
550166
554925
564333
561849
559844
556969
551749
534978
555186
548653
557951
565786
558232
557270
554535
555687
555226
560727
556688
560106
555426
565205
579492
556218
561719
563031
562790
564413
565646
562329
562851
564965
559393
566478
562580
569854
569262
562861
569352
565866
568110
579051
564944
567510
562791
568721
566387
571407
571928
568321
581836
571177
573540
567960
573641
573721
564864
570745
565405
570084
583088
570154
578029
575404
576767
571777
575615
577197
571026
582417
568361
572519
570515
578360
579682
575504
580534
575835
581075
595672
575274
576036
571737
578190
580874
577298
586766
581245
595352
582217
583619
590121
584621
587196
585634
590442
588478
579392
597987
581746
589982
593137
588740
588859
585012
592296
597837
585783
594360
587237
591304
591524
586726
589741
587337
595001
585734
599930
596163
591023
595612
596765
592336
599459
593468
604840
598338
596294
598928
591244
598478
622042
622523
601083
601323
621912
605722
597767
597546
600181
595051
598217
597356
609378
616061
599029
602956
601934
598197
601123
599550
603907
610159
604228
631781
605851
613346
603647
602976
608797
608436
609318
611803
605791
612093
615780
611001
618015
597846
610039
621511
610380
643132
618595
606373
620239
612233
616070
618526
621571
624937
618956
617604
625708
618806
621541
622042
615369
627743
632221
614689
621892
619868
612545
620920
617583
623225
632411
618405
626821
624386
618525
615539
619056
622192
621411
619918
641549
625589
622683
627442
626811
625839
627812
627994
635708
627362
620689
627111
625268
622803
630848
632692
627993
646989
632982
636780
638142
637601
631329
635918
629436
645096
639184
633925
636489
634265
634355
634094
629637
640376
648322
640627
646178
636059
633524
639835
642231
636550
649253
641138
636690
642922
645847
638623
639475
641248
639264
643563
657128
645386
647890
638703
646598
646979
643622
656767
647440
643061
645046
644474
642491
643001
644184
641709
648062
668329
646077
659152
649914
645176
651798
649684
655706
645296
654103
645847
651578
655115
652590
658360
656407
663690
660865
658220
647449
655755
653031
649804
656637
667628
652710
661536
660164
659112
662959
665064
658250
662829
684821
665995
663590
663129
657128
662358
661406
660484
669782
664382
658120
670853
668439
667347
674240
675923
664482
672367
696793
657419
666015
666946
661306
670593
685762
679641
667578
670083
669532
666776
670463
670323
671716
689619
677407
675643
676925
672036
679871
678889
674080
677647
681384
676265
677667
669191
733092
681333
694027
703506
688698
678999
686984
687005
682176
682656
685983
702434
679330
689469
681925
680993
683168
690692
685222
709336
691704
687856
677577
685752
691533
685061
701652
697945
690190
689278
699077
693777
690140
693476
695952
710229
706121
696192
693978
693126
700480
701522
703716
694318
698546
697855
707734
738581
702874
692364
706932
697173
691283
695421
696222
700239
697224
708384
704357
704217
705399
699117
702614
698547
703485
704197
709367
702925
693286
702223
702343
709086
709246
707002
703546
709326
709627
736558
711651
709136
702664
721339
715678
710008
709196
707653
709777
713224
718033
712753
715428
711220
714116
715077
711170
705159
714025
727050
706992
710899
713154
718063
720036
720888
730716
722942
739113
720958
726860
719585
715288
719145
732300
713715
724855
725216
725607
719155
724485
731649
720528
706571
721179
708305
718523
722241
727911
740085
707143
733091
728182
728753
728513
729404
731098
749563
719065
715638
730025
730346
726378
730336
741608
734023
728072
733141
740445
731839
738041
743882
731568
726238
735677
733973
738792
740245
748360
743000
761424
739122
734594
734845
732560
732680
777284
749753
745635
745465
744522
749292
748310
742720
747067
747628
740596
744713
740254
739012
739533
753008
744312
751976
753019
751957
752188
744313
733853
761716
741367
748340
750544
750704
745955
753319
766374
758318
749492
753018
749993
752087
755744
775561
798133
743741
725156
747409
750564
752588
749843
747368
754201
756786
753640
751947
759111
759211
790980
749753
753270
759742
757157
764119
774329
764941
757817
762927
758489
763919
759461
759702
806339
760623
764361
763739
766274
762046
773126
782695
766725
767907
760132
770351
771514
768488
765673
820355
769239
760933
761214
767606
770682
791702
779679
776122
771804
773938
776714
776884
769369
810607
776453
766825
769911
769319
777094
789809
781402
777926
776894
781052
781171
777605
775040
826547
783937
784308
780039
781202
771844
791451
776163
778857
784909
788906
790991
785840
779489
826266
780250
781973
781423
781963
780852
798895
787604
787273
796401
791030
790559
785090
790520
843350
785079
783666
786913
774610
793615
794246
790730
788095
788366
793114
792914
776523
791130
864889
794917
795018
790780
798424
794878
816609
799537
795218
798294
832769
789568
802031
799376
856444
785510
796109
794837
799476
812431
804185
809125
807782
813152
810417
807682
802953
848088
804896
803624
826037
800418
803995
827629
810417
806780
804827
814364
808383
809535
799878
869137
810156
812220
812080
814153
826487
806650
811128
806540
809646
812892
817911
810417
844551
810227
814044
817831
999934
817370
811649
819074
823332
819895
811670
810518
805227
898824
824664
824634
815216
819454
817120
842517
818862
824854
823181
824263
821177
814184
821578
884907
820586
818242
819013
823131
817450
827980
821287
819083
818913
823872
836937
829943
871422
828891
825135
820666
829062
832148
851244
835855
840163
818111
835694
830545
835024
866833
836205
814234
828191
830255
829483
847337
836115
837368
833550
838961
835495
834843
880209
837077
838470
828641
832479
831146
855682
845583
845994
832639
832048
841215
841726
899655
839371
836787
837798
841094
847407
865110
854340
853799
851394
848258
841075
836536
908552
856273
850252
846495
834592
836776
873977
854450
845353
855362
860692
854750
849290
882593
857145
853308
856755
857966
867234
858378
855812
852296
846805
857044
855472
889486
861013
849080
853098
858237
856584
875359
854410
859219
860952
855141
853017
863948
862304
939380
866513
865360
868947
860672
872073
868146
873796
876361
876843
867454
871021
915986
859219
857806
862114
863798
854660
895948
873015
875961
871172
864569
868636
875529
921597
877523
874498
866793
870891
882823
899685
869849
880669
884676
885518
880469
947635
875810
874277
872584
867334
900737
881872
884677
883755
866663
870049
881270
912730
884236
857496
875390
879908
882734
898312
879847
869989
879317
879197
880979
893163
906107
886169
881100
885328
880319
899425
882152
888885
890598
896759
884817
892382
929732
891349
880809
882402
889566
870780
907950
894766
896509
894987
891380
884767
888313
918000
890698
892481
889176
898954
904685
901158
901389
897702
897451
897451
886650
929321
893924
900557
899705
902871
918791
902270
901589
893333
897862
902771
903823
931435
896840
883464
903012
910185
926215
916106
911027
901198
904354
905867
903702
955741
908663
907029
907280
915074
908491
918130
901208
907329
902931
905557
912830
939049
911838
914032
915104
914874
907520
909894
882183
907290
912450
919322
916948
942446
911969
914974
916156
919522
934671
914523
914162
917900
913050
913050
915325
952124
910756
917108
917659
917909
922558
941163
921997
923861
917199
926004
919672
962754
924692
926175
922549
921787
934691
925143
922859
920826
930032
937787
933098
973384
927859
898443
932958
923950
944690
927788
929151
932737
929671
930313
930613
985667
930212
931726
913671
935572
955260
939320
937657
925203
930573
929251
955430
932757
935353
934410
920294
935563
953616
940011
939941
941594
965719
948337
997349
946052
941975
937005
940271
950371
945181
944539
944710
940222
937296
948046
967693
945160
940161
939701
938678
953757
943868
955901
952635
950401
938739
990997
956782
953246
952575
954879
966722
948597
951703
951703
947465
945221
947245
995796
949109
957073
951242
942105
967653
947966
943448
948117
927878
943107
1003831
959468
964527
940733
961852
972633
957464
958266
971551
974266
959778
956923
998111
964658
963295
962233
961933
973143
959268
960479
965309
967924
965539
995365
957354
959498
969778
974346
978804
964918
967032
968415
966441
938248
1000295
984074
975999
960761
1003802
986549
971781
965218
967413
971450
977762
978484
1207024
989174
987881
939691
982451
971881
975819
979485
988021
970408
969897
1059707
982492
979045
974095
973554
987370
976760
986118
988292
986830
984324
1024821
993282
982822
978634
953807
995005
991057
990836
990927
984715
985547
1007649
986358
987611
989936
983523
990456
987601
970909
992530
999503
1000024
1006897
990426
985897
988332
981299
991057
994174
999664
990787
991077
995295
1014391
980147
995515
994424
987911
1006757
998311
995115
996508
994684
996318
1004592
1000615
994243
992159
981860
1006276
1009081
1001948
989935
1001326
1002108
1015313
995917
1004794
1005685
1000976
1008470
996808
998110
1001998
1007819
1014331
1011706
1006566
1008339
1008770
1001758
1018930
1006716
1011836
1006787
994183
1008260
1025993
1012428
1018219
1020894
1016375
1028709
1013459
1010394
1013058
1015213
1018759
1032135
1015884
1014822
1016646
1007869
1031103
1019220
1027977
1016997
1012638
994083
1030060
1017517
1021675
1030592
1034619
1023389
1023388
1016445
1017898
1022897
1033066
1011727
1028788
1025572
1022456
1059466
1019621
1014702
1024641
1020162
1010855
1050199
1040510
1034489
1029210
1019471
1037134
1029490
1025843
1030983
1029420
1005084
1046211
1033527
1028177
1026193
1036032
1034489
1034629
1039659
1020883
1040381
1051080
1041202
1041583
1035652
1010824
1042113
1045750
1037164
1027616
1033197
1030923
1047203
1035130
1016415
1039559
1043035
1051411
1039799
1023829
1022496
1045710
1044779
1078252
1048105
1041993
1048356
1043776
1043907
1043195
1046561
1045741
1046692
1056050
1042254
1039799
1024140
1053655
1058885
1044729
1042985
1048446
1044047
1051371
1073602
1057353
1054386
1041653
1048636
1048104
1046803
1054607
1057232
1049648
1067151
1058264
1050189
1051922
1051581
1069946
1050880
1054597
1060588
1055700
1054517
1073673
1053526
1053565
1047092
1041983
1069094
1067050
1065719
1038778
1050389
1081117
1067591
1041873
1055468
1066159
1056671
1060929
1068013
1072221
1076027
1074344
1066459
1068042
1074385
1055960
1047954
1064015
1065998
1066399
1076949
1063674
1103128
1078171
1080055
1065638
1089723
1078422
1069575
1069305
1060989
1061720
1082380
1069716
1054176
1061800
1082459
1077390
1084073
1084303
1081377
1060438
1085014
1070597
1071199
1055298
1081708
1094362
1089413
1084203
1085615
1082209
1075837
1094022
1079173
1082429
1089493
1107327
1089894
1082560
1079955
1084333
1081428
1094963
1093159
1110813
1075967
1092008
1085786
1090725
1096556
1094091
1087790
1084513
1081528
1052694
1097678
1083151
1095444
1077350
1089603
1088541
1101396
1079124
1078171
1081728
1072511
1095764
1076949
1097908
1098990
1100874
1094011
1073393
1091827
1068553
1092919
1101255
1104330
1095975
1095243
1097618
1095774
1102979
1101826
1103600
1098479
1097047
1095794
1103789
1104180
1106825
1101626
1076148
1115752
1097678
1101886
1101215
1117616
1111664
1105393
1097297
1103540
1104411
1108939
1112626
1118467
1112997
1089032
1091246
1099522
1107216
1102838
1109440
1113077
1116443
1116313
1108238
1111474
1091156
1103960
1104491
1108799
1106776
1126493
1123156
1107898
1106194
1100153
1077240
1107015
1119339
1120602
1104000
1110903
1113317
1124498
1115111
1112647
1125300
1115762
1124889
1121814
1097227
1115632
1112697
1115091
1111575
1109019
1120171
1126322
1110452
1096767
1123517
1123928
1120821
1111955
1125591
1130229
1132173
1124499
1098780
1112587
1125040
1132314
1137663
1151149
1130590
1117907
1127605
1097238
1126012
1138385
1108709
1123306
1136251
1128987
1131131
1108519
1132023
1144436
1139708
1132424
1132665
1135519
1139988
1116414
1127424
1135951
1133276
1129899
1108889
1130149
1113689
1139237
1143304
1139347
1135770
1138665
1132143
1136712
1142543
1142863
1143885
1141952
1135169
1142813
1141301
1157451
1145498
1148945
1126111
1142623
1144426
1134808
1154455
1144938
1145197
1146140
1146620
1152622
1150698
1144977
1165826
1146871
1153784
1163252
1152371
1149055
1141861
1149937
1153653
1160797
1129378
1164104
1143664
1146210
1151399
1146550
1157942
1154736
1141380
1154104
1150969
1148654
1169954
1165706
1166368
1153844
1161288
1145689
1157701
1152992
1157751
1161589
1158903
1159655
1165847
1142693
1160347
1201634
1194590
1144657
1162911
1159986
1207566
1146420
1177078
1131953
1170335
1162721
1196174
1178641
1173671
1158543
1162941
1161388
1222263
1185223
1180685
1153964
1156930
1174062
1228775
1191034
1170225
1163933
1164233
1187568
1226391
1162911
1145818
1166879
1175565
1208006
1222624
1153974
1161348
1150067
1402383
1399577
1189010
1168311
1181466
1174533
1193469
1228525
1175625
1153924
1178360
1153383
1203958
1236400
1213857
1189551
1150999
1174533
1215049
1225388
1187217
1184442
1168462
1190673
1239405
1222012
1184993
1192267
1178471
1204419
1240687
1199850
1202896
1186535
1186295
1210190
1238433
1220109
1195072
1183710
1184822
1285452
1248423
1226100
1187378
1204590
1220650
1337660
1178100
1191505
1187297
1192196
1300320
1267819
1192737
1194771
1207265
1187688
1290802
1228174
1171206
1222193
1183029
1237752
1320047
1179984
1195392
1175204
1202766
1280042
1305179
1200863
1177198
1177688
1238353
1356446
1199029
1189541
1205902
1229396
1265294
1287566
1186425
1198788
1187066
1212484
1291924
1256317
1229186
1199530
1208938
1255836
1301302
1201063
1180344
1193709
1210881
1308856
1266817
1180715
1213837
1209809
1236590
1323193
1212134
1185052
1232702
1208327
1255376
1317984
1214979
1213446
1208116
1215450
1324906
1256447
1204649
1210631
1229086
1280663
1300059
1214658
1204008
1205110
1255876
1332109
1243112
1207956
1219117
1220309
1299549
1341057
1221091
1217935
1216352
1221852
1338873
1262388
1220880
1232742
1221241
1255616
1268439
1227813
1233404
1248372
1238794
1275282
1262188
1205191
1227172
1259703
1254293
1270504
1243122
1237532
1242211
1240347
1279140
1279772
1241179
1245867
1239957
1253983
1265925
1248232
1239946
1226420
1254193
1281564
1253221
1253773
1242070
1234707
1263871
1291954
1254473
1236490
1240277
1250286
1310088
1277246
1241920
1220520
1235298
1271756
1276094
1241299
1229707
1249414
1253863
1329846
1241589
1243944
1248272
1251178
1330567
1271495
1250877
1254143
1236209
1254363
1323424
1233133
1257820
1233174
1257088
1282085
1298757
1257860
1227653
1246078
1235768
1316210
1271466
1237702
1261416
1252930
1287546
1285712
1278729
1253202
1251347
1275753
1316851
1258752
1244315
1261597
1265104
1326489
1296122
1259073
1264843
1264463
1295712
1286654
1254233
1280001
1267568
1256547
1323434
1278539
1261927
1241018
1272217
1303687
1279381
1245456
1259503
1256487
1296402
1329154
1276114
1242371
1272518
1289791
1325808
1285803
1278489
1245867
1274832
1312763
1301662
1276375
1242261
1249203
1281945
1332531
1284690
1272918
1269181
1275252
1342689
1270444
1299909
1279630
1269232
1308465
1323935
1295481
1295360
1266255
1301863
1345174
1302744
1273259
1261487
1284120
1347388
1312994
1297635
1288518
1259282
1313735
1309457
1272358
1287896
1312814
1310129
1334685
1296353
1286143
1282647
1294148
1344773
1291052
1302234
1290582
1279551
1334003
1329154
1296713
1294660
1288658
1343140
1328272
1295570
1292726
1288247
1321801
1349854
1269632
1301052
1289700
1317382
1350825
1303907
1294970
1296964
1304728
1353561
1358710
1292395
1282406
1301462
1340575
1376193
1307774
1297675
1311160
1323764
1348451
1313114
1328493
1311772
1316510
1373868
1308996
1314837
1312433
1301883
1374740
1334274
1306081
1286835
1307653
1371885
1326650
1318244
1301392
1292796
1338742
1312172
1289419
1341388
1325488
1347068
1376564
1307743
1283137
1305950
1322842
1373318
2015597
1326640
1825239
1305059
1309838
1323333
1305610
1329645
1656801
1316952
1347649
1339253
1301282
1309297
1325417
1489617
1341618
1318484
1376424
1385982
1341548
1353691
1346607
1508833
1485579
1356967
1376734
1377916
1384048
1343542
1381863
1393075
1361856
1386382
1398364
1472876
2299933
1349623
1338682
1327582
1355393
1313585
1571261
1351296
1359652
1313995
1405939
2215223
1317963
1341297
1308315
1356306
1449281
1387274
1318224
1315939
1325978
1483976
1334604
1323153
1328373
1375812
1456274
1287436
1322171
1343972
1321771
1452567
1340556
1380091
1328113
1294279
1440144
1401560
1325858
1328654
1334515
1509775
1361746
1323644
1329435
1364631
1427570
1398595
1325958
1391311
1337981
1456584
1366936
1359181
1361996
1473216
1456124
1397092
1318034
1336989
1338813
1523100
1344243
1339434
1334244
1376494
1477855
1340556
1338602
1361986
1422299
1497231
1336208
1397804
1347398
1348942
1502491
1349062
1321029
1352338
1368729
1592199
1383226
1348400
1355724
1383697
1473697
1355755
1349172
1417742
1382205
1463217
1345325
1333362
1341187
1394818
1439201
1394418
1355183
1356726
1389689
1478686
1365123
1348380
1388446
1402532
1456444
1351526
1371965
1380892
1412711
1447457
1423161
1330678
1349943
1418663
1467986
1367937
1348471
1376243
1455092
1480499
1345234
1368218
1380792
1453859
1411579
