161
862
1533
1964
2705
3447
3907
4569
5871
6402
7334
7945
8426
9167
9929
10600
12042
12945
13896
14608
15599
16040
16922
17914
18585
18886
19757
20138
21601
21260
22252
22843
24336
25378
26370
27913
35647
30748
30748
31399
32582
33092
34104
34475
40387
36268
42761
40276
38933
39324
40055
39905
41138
42269
42390
42761
43602
44414
44514
45996
46247
46658
47289
47980
49162
51106
57338
53420
55264
55485
56797
58119
59522
60244
61656
61716
62979
63360
65153
65404
66495
67577
71535
69140
69852
70272
71355
71936
72987
74411
74580
76194
76885
76905
77436
81894
80051
80682
81203
81964
82756
83397
84109
83978
85030
85711
86763
90901
88166
87976
88957
89468
90660
91182
90992
92434
93266
97945
93847
95069
95780
96161
97654
97884
99157
99568
100159
113103
102082
104386
106140
106812
109106
109837
111850
112221
117491
114226
115518
117211
117221
118113
120026
121008
122711
126358
124034
125907
126949
126588
128281
129414
134513
132179
133772
133842
134804
136297
136707
141276
139422
140314
140024
141536
142619
143080
148139
144964
152618
145654
147728
148901
150193
155724
150254
150975
152587
153269
154010
158809
156104
156275
157167
158860
159991
160623
164069
161825
161495
163057
162646
164470
167636
165652
165472
166784
167716
168628
168628
170141
170050
169549
170882
174819
172134
172625
173557
176072
176933
182233
178196
179187
179509
181351
184538
181291
183256
182995
182814
184237
188345
184938
195789
186812
187594
192883
188224
187844
188145
188586
194266
189097
200047
193254
195599
198935
195668
196090
198013
197051
236907
198003
199476
200738
201099
206860
203623
203654
204104
204476
212871
209184
209916
210737
215697
211599
210737
212961
213883
219013
216859
216879
219043
221196
222609
224513
225545
226306
231426
229312
230163
231426
235834
233239
234512
234311
240803
237597
238549
238960
244551
244290
253648
248468
254169
255522
251845
253318
257666
256573
257946
258537
263045
260360
260831
261943
265480
260511
261823
262675
269337
266201
267655
278946
270199
271521
272433
277503
274467
275299
277102
276471
278124
288234
293784
283203
284376
286870
284326
284626
292431
298994
286189
296658
314343
288824
300776
300076
291459
309874
292531
299885
295607
296819
302280
297360
299925
303141
300577
303031
303091
309343
306398
306567
312238
308993
310365
315975
311998
312679
316165
313330
315344
321155
316396
315304
321385
318530
319512
342004
320784
328409
323249
328048
324552
324782
331324
324581
325894
331374
328329
328098
333889
331795
332787
339229
336194
342234
337176
340572
345270
343728
386168
346132
340632
344879
348246
345151
346122
350801
347224
357283
355981
347344
353807
348998
349779
353697
350821
351973
357354
352013
397258
359688
355079
356171
360008
356933
363224
358716
358015
361291
355219
355119
361071
361161
362823
368194
366811
372522
370428
370127
426614
371831
372903
365849
366771
373073
371981
372031
377682
373203
377131
373243
374786
378723
374886
379575
387610
380988
392730
380407
382821
386008
383012
387490
384264
383743
389494
387049
388652
397429
389314
395465
390616
391568
396467
392801
397489
393952
394063
398100
395695
399753
395044
398040
399052
397629
401747
396868
406176
402769
403901
407978
402648
407027
403881
404262
419070
402458
408459
406325
414101
424169
415002
423258
419731
425161
415443
416505
420242
413850
419561
415513
420222
414261
419180
426072
422216
428307
427085
432144
424961
425231
432415
433938
432094
424771
429009
429789
425762
429639
428688
434979
433386
436512
439147
456841
443766
443305
449807
446772
452402
448015
517625
468603
456370
452723
459786
464706
462160
462692
465217
471518
467942
475075
471488
476267
472460
478301
474995
477951
474053
481196
483581
528185
483020
486807
484112
489752
486657
494452
500212
497047
495143
499210
493159
501124
497548
500954
498569
510091
497628
504460
503950
512877
509510
514340
509410
514389
511374
518026
514439
530790
523356
520481
522484
533445
539256
526161
530439
523616
529918
526702
528826
524668
539076
535509
539046
534557
538815
537012
536241
540058
537994
552911
541650
550758
545388
547591
544206
554174
550107
542843
548694
553222
566848
561037
562219
565435
552621
558873
552571
559374
567840
601534
572138
564303
568371
563932
568912
566317
572258
575885
572148
578821
577668
581215
574833
578450
578179
592346
581566
581997
595843
586294
583129
592556
595882
593378
595552
588870
595733
590202
591334
597466
594851
617975
592146
601233
599159
594701
604619
598918
600873
606833
604008
605180
602866
607855
609659
608758
615189
626190
610330
612895
609568
614698
616902
616352
627302
623906
619017
625889
618245
620009
625128
622313
624116
623034
626690
629085
624457
630889
664523
657479
659052
631269
646939
624066
625879
616672
623455
647279
642881
663690
660074
640887
643994
635818
636369
636239
648823
641859
647760
659532
651087
650035
648442
654864
653241
649334
653551
655184
650817
649154
649073
662378
669572
667538
658591
658250
672737
656147
663300
665604
681123
682396
672888
670714
672477
684469
664883
674090
668690
668620
674231
679540
688598
679580
675052
680612
681764
683909
683669
679761
684840
683959
703766
692735
689279
686493
761464
687445
701312
685171
687796
693327
690922
695701
696142
693677
697123
705149
703655
702153
701231
705359
700440
705319
718975
705620
703315
711761
709347
704477
712232
707623
705529
705790
712943
715347
711180
715368
710178
710548
718423
717142
725938
721630
718174
721750
720657
714607
726368
723533
730106
722902
726609
726859
725157
732871
729705
729605
724676
733331
752408
743471
737059
736668
735646
736418
729054
736888
739955
738751
748932
739724
736327
737840
737530
745154
752999
745044
742339
749072
749953
750724
744342
749703
743621
765673
748470
751836
755624
758850
753229
755744
767015
752157
761155
759592
770772
759972
759782
816789
771774
757487
769830
758579
761745
764942
767065
781272
771354
780551
790960
778607
802662
769881
810637
777174
775962
780802
776954
781352
783887
778507
776834
778727
781011
780039
800599
784848
819104
789638
788426
787995
786392
790119
794217
796561
796581
800168
796812
792934
881911
832769
782865
780029
788586
803043
802933
808232
807261
807431
815216
804015
800167
801801
826587
835354
807492
807011
816329
811248
814905
809385
807231
805969
815377
810297
812671
829042
825957
847777
813843
845393
816458
818753
817060
822881
832258
828271
828902
823422
844121
833931
851996
820937
829463
827289
828041
834974
825886
836616
841135
835384
833791
835614
855933
867364
837037
828211
835475
841025
836436
835014
899414
839652
845883
844181
866182
845544
887573
838109
842778
851755
856063
855011
864079
853208
851614
851945
851003
871983
863036
888945
863367
856564
859299
859229
862174
862455
863497
857817
857707
871282
867725
861844
884456
863527
866302
869859
865230
863668
869028
875830
868997
881231
878224
888875
877463
891129
860211
870080
874317
877052
873976
881220
890718
885609
876372
892682
884316
907850
887282
883154
879487
879237
891219
887152
908211
893724
947185
918732
896800
917369
996488
896469
1036723
1109871
931335
902521
935442
906999
907861
913260
931765
950441
905186
911217
918871
920655
922147
918861
931425
933689
936785
953417
940873
966351
933288
933409
933960
946994
968184
1195102
1207255
1113949
956172
959919
987842
958837
964948
960500
961802
959968
968114
967332
963706
981690
979135
996337
970298
967433
970509
971690
975528
980087
987471
982612
995967
985727
1465912
981820
979686
966100
971060
993041
1006206
1001186
999383
1012769
998371
1021575
996036
994915
1002589
1003160
1005304
1014342
1009643
1007439
1012277
1013440
1043586
1011837
1032766
1017927
1017336
1018419
1030491
1025602
1026374
1045180
1038246
1070837
1030582
1034609
1034299
1037665
1242892
1049487
1035080
1060308
1081307
1072100
1056751
1042324
1064746
1038988
1036574
1062072
1050339
1075206
1063183
1077119
1126864
1058254
1065637
1053756
1060368
1061219
1069956
1059587
1080085
1071208
1092589
1065177
1066990
1067562
1066710
1068082
1084704
1070357
1093190
1082860
1102828
1085184
1074575
1075917
1082720
1085285
1088862
1082750
1121443
1083962
1364280
1091687
1093360
1080436
1080025
1087990
1121223
1099332
1099001
1117165
1124989
1092168
1093581
1109851
1101646
1106055
1114119
1108398
1109080
1131803
1144516
1117405
1113909
1116123
1113368
1125931
1124558
1112676
1113578
1145218
1162531
1127224
1126723
1124559
1130039
1132293
1140119
1137934
1140499
1125221
1165055
1140209
1143605
1152331
1145659
1141040
1136091
1141892
1173250
1173942
1148103
1149165
1145499
1149726
1151239
1164404
1160828
1176326
1161579
1183220
1154496
1159565
1169844
1166027
1177749
1154756
1170365
1175234
1201063
1166428
1168762
1164194
1168512
1166117
1173571
1169102
1173300
1196234
1217284
1169513
1179192
1182568
1193529
1193378
1187307
1183169
1189261
1246679
1187898
1193679
1207295
1194090
1193779
1200282
1196735
1217654
1234857
1201975
1202225
1197045
1200352
1199700
1227833
1198238
1238824
1250346
1215621
1224728
1208557
1216041
1212735
1223546
1225600
1231681
1240537
1214949
1222483
1217013
1219778
1298366
1253112
1211042
1232953
1257589
1249835
1239145
1234145
1235187
1238243
1240277
1251398
1242401
1298266
1251979
1251308
1241539
1239365
1248352
1263341
1277447
1251589
1425777
1221371
1222965
1246830
1246299
1263961
1244034
1263100
1251619
1274001
1249925
1268360
1251458
1258291
1263270
1253121
1272478
1264533
1282436
1257850
1260655
1258220
1263280
1265855
1275303
1276405
1316080
1268240
1264473
1269572
1278899
1319386
1298496
1282908
1279711
1316471
1302554
1290251
1287336
1283558
1300350
1344003
1281074
1297975
1288819
1295381
1285542
1320658
1292576
1306101
1292205
1293457
1377715
1289149
1284992
1302594
1320368
1330688
1334033
1296563
1314887
1309107
1321269
1324596
1320388
1338893
1328944
1317683
1329776
1333813
1319677
1329234
1330828
1346096
1358269
1336910
1326529
1330727
1325658
1320848
1321991
1353120
1327411
1351967
1357247
1433531
1336017
1333533
1337300
1350354
1350705
1420667
1404556
1344643
1343712
1337981
1340736
1376734
1361215
1357999
1362568
1368078
1359381
1358059
1358891
1371074
1370482
1356947
1355524
1361034
1387144
1360604
1362468
1366956
1385501
1376704
1373599
1369030
1395680
1373207
1361125
1374269
1394367
1380501
1369159
1369159
1382685
1396592
1375662
1416238
1393746
1384138
1375241
1373338
1393114
1382135
1412491
1388596
1383657
1408924
1385260
1387384
1394819
1380831
1396992
1388636
1407812
1391683
1406300
1408304
1393135
1392744
1389828
1401090
1404256
1387294
1406189
1400378
1398906
1401000
1403545
1411550
1414725
1402332
1423272
1411129
1402162
1397273
1419705
1430706
1464118
1400139
1404737
1419555
1413212
1422741
1416499
1439742
1419635
1418663
1436626
1446024
1426558
1429594
1435755
1420897
1416299
1442588
1433651
1439833
1429533
1430595
1441887
1430205
1426358
1434262
1449261
1432008
1440745
1429122
1465832
1432239
1458048
1462125
1468396
1447278
1430525
1442828
1458568
1448920
1451384
1451124
1452297
1459900
1448318
1551093
1465802
1454431
1445995
1478536
1451816
1458017
1445343
1463167
1454420
1464149
1459280
1472725
1457777
1461564
1466223
1460291
1461414
1468687
1493774
1474469
1486240
1463347
1473567
1455753
1467946
1482563
1512941
1485879
1469559
1471322
1468777
1475841
1469719
1499395
1479167
1481371
1476301
1482313
1464830
1487913
1491711
1526987
1473286
1481040
1479798
1485709
1479188
1490268
1522969
1496660
1487072
1488735
1485579
1485148
1491270
1523651
1485659
1501910
1493424
1489968
1487413
1511248
1505617
1544821
1505186
1497352
1500047
1498563
1522949
1523400
1508763
1479358
1522890
1523430
1515846
1513602
1521998
1511398
1534111
1516387
1506709
1557525
1517239
1515175
1515996
1524753
1521708
1523119
1552565
1528911
1523150
1543529
1523711
1518191
1526827
1550070
1517048
1520004
1595597
1543980
1538058
1530283
1564999
1525414
1532538
1529982
1543598
1536816
1529292
1543208
1567423
1540212
1530434
1533139
1553086
1539662
1524413
1559388
1534521
1549700
1547306
1560942
1542967
1541614
1574657
1538750
1562574
1574907
1584125
1547816
1543027
1601057
1553157
1551594
1576630
1590367
1572503
1563977
1614352
1566080
1573455
1559659
1580989
1569648
1559168
1610715
1601577
1574407
1583634
1580428
1579727
1571220
1605034
1584546
1552976
1579145
1572843
1557274
1576250
1599754
1577452
1581289
1590657
1599123
1570479
1567593
1579797
1593342
1588813
1589736
1587150
1610395
1569738
1674345
1615814
1589595
1581750
1589245
1589896
1584806
1583834
1602499
1595466
1595917
1626665
1618550
1613089
1618720
1593743
1611396
1592300
1599384
1595676
1599133
1597230
1589084
1607129
1603492
1621445
1618710
1608961
1650240
1592160
1612408
1616787
1598202
1597520
1632096
1615534
1601086
1621545
1622206
1631594
1607989
1667833
1620102
1615925
1629780
1641714
1612218
1657853
1690666
1622968
1615534
1624441
1684814
1618480
1609293
1667933
1642465
1638377
1634890
1630071
1617017
1633738
1644609
1628719
1675737
1639760
1667743
1641663
1626715
1642715
1622678
1651952
1657924
1638026
1637725
1642825
1652794
1641433
1636945
1649538
1638827
1641873
1667372
1644168
1665228
1660489
1640331
1651201
1650810
1652174
1657022
1691537
1648125
1645831
1647064
1661421
1648977
1674114
1648436
1676038
1661931
1644278
1664025
1658405
1667652
1692209
1716013
1677130
1687380
1663895
1677651
1671229
1676068
1664416
1691037
1688842
1670879
1697388
1679896
1680506
1672932
1690144
1694483
1669065
1670828
1689563
1685465
1728386
1684194
1757332
1714290
1691958
1692770
1699803
1688041
1716695
1705333
1694683
1711425
1713949
1690074
1700374
1710212
1703770
1686418
1719740
1706685
1702588
1714531
1694953
1708660
1741432
1712597
1714650
1753284
1697709
1708790
1695705
1720141
1717276
1706816
1728086
1700755
1720161
1731322
1710323
1699012
1823125
1719199
1714641
1715012
1724128
1727164
1750227
1706225
1723247
1723027
1736011
1718108
1713248
1760057
1720532
1721253
1726372
1719440
1723908
1761589
1728327
1736912
1720922
1740069
1732134
1747152
1799691
1735761
1728267
1754034
1734999
1747813
1751200
1726693
1765627
1750328
1745949
1734067
1745840
1734518
1735289
1732073
1744046
1746080
1751520
1761600
1754566
1744117
1810451
1744958
1734779
1764294
1761219
1753775
1774904
1787739
1767170
1770235
1758604
1758534
1750519
1761509
1755928
1781026
1763874
1770676
1760267
1785344
1755027
1759305
1779363
1768893
1774824
1781697
1768703
1765968
1776858
1759485
1788590
1780735
1771428
1772089
1778971
1775836
1805753
1775195
1830349
1781467
1819729
1770436
1775776
1781276
1798338
1785885
1792116
1809319
1805973
1797847
1782879
1781156
1790383
1832774
1783380
1802757
1827714
1802666
1793920
1835257
1786115
1803739
1803127
1815201
1784713
1854875
1787047
1795914
1833955
1808117
1807265
1832893
1794872
1789532
1861227
1809790
1806954
1801464
1823566
1804881
1820440
1814399
1802316
1794031
1806674
1814018
1816743
1811052
1804901
1815500
1812124
1803267
1811864
1867118
1825770
1843554
1824789
1798068
1846679
1815852
1824218
1807075
1839285
1827333
1815361
1819468
1813777
1831411
1828415
1821352
1807966
1829637
1830970
1824758
1825930
1813798
1837142
1838925
1824528
1811092
1833284
1840318
1828466
1853793
1855786
1819909
1833084
1831882
1843564
1856037
1849806
1833524
1820120
1833034
1858452
1842361
1836330
1841269
1838494
1846419
1843784
1887035
1854945
1836089
1844145
1851820
1860365
1866457
1874131
1850226
1857730
1875995
1873370
1860265
1875564
1883859
1858101
1920789
1913385
1915730
1866807
1891614
1883439
1899780
1882898
1914517
1883028
1910300
2139581
1877587
1937801
1916341
1881945
1904950
1922442
1918816
1918816
1906733
1929455
1935527
1929356
1919647
1955003
1931269
1984068
1942250
1945265
1947550
1948722
1936890
1932652
1947760
1939705
1962418
1963720
1942580
1951307
1957990
1960754
1966185
1962718
1983667
1951046
1955014
1962418
1976094
1971364
1956467
1965374
1998235
1991081
1952699
1994348
2032620
1963851
1980672
1991141
1975983
1968569
1989098
2005349
1999989
1981213
1994217
2013434
2005949
1980171
1997013
2001341
2022020
2002413
1994167
1989980
2022681
2012242
2006641
2023984
2013133
2032088
2017220
2009687
2008985
2025026
2044392
2026979
2018854
2028723
2021779
2061474
2031929
2005449
2030025
2023824
2025546
2046997
2019024
2042038
2031397
2037198
2040775
2080300
2046977
2050423
2034153
2055102
2094126
2083065
2030997
2061815
2068097
2055032
2063488
2074759
2059531
2071803
2082895
2071604
2066764
2091430
2068758
2063458
2122550
2065312
2081512
2109545
2072936
2091180
2086721
2072615
2092402
2103894
2086541
2086501
2100037
2096109
2097252
2077554
2112210
2089938
2100628
2127559
2109715
2099175
2091871
2119844
2134142
2107441
2095388
2099616
2119774
2115767
2111659
2095108
2125305
2133089
2105096
2126306
2120045
2171471
2139531
2110497
2174377
2126968
2152906
2140022
2138720
2132528
2137417
2149189
2145533
2138779
2144421
2144822
2134101
2434968
2124954
2132658
2149150
2167975
2170329
2165300
2156363
2203522
2175249
2170360
2161583
2161363
2156443
2160391
2168686
2153738
2165780
2181430
2176791
2174828
2178494
2159458
2169297
2192842
2232216
2171913
2164368
2174317
2177673
2210135
2179927
2165380
2163677
2220033
2237095
2186650
2199324
2182843
2193503
2235653
2175589
2187191
2194495
2199264
2233809
2205595
2183895
2194895
2185227
2208270
2215715
2200255
2192962
2220845
2220955
2207038
2202029
2217088
2219242
2542922
2210765
2195497
2242134
2230923
2385985
2200015
2224852
2226516
2221145
2242025
2228829
2226455
2227357
2216065
2244980
2216636
2235602
2230783
2237817
2577857
2218941
2238639
2258225
2230403
2232386
2249849
2253846
2291497
2262774
2266380
2301997
2278693
2251041
2279375
2269656
2270278
2258535
2273443
2543813
2260940
2241002
2286077
2268785
2329630
2285256
2259748
2271500
2291728
2302278
2267663
2260930
2275297
2290355
2279274
2286078
2297309
2270909
2287510
2474042
2274265
2273383
2308660
2301526
2287139
2290155
2300214
2299603
2314611
2307889
2301256
2287871
2293030
2323007
2293090
2334980
2303891
2307878
2346201
2291628
2302128
2303069
2310434
2323067
2308520
2317307
2317788
2333166
2295836
2315292
2317367
2330060
2349316
2312747
2315233
2335401
2331072
2342825
2328948
2329710
2341221
2326915
2345920
2347243
2337434
2346291
2654632
2340019
2314271
2337033
2353866
2332264
2343446
2336041
2336723
2347423
2356420
2343415
2341382
2359276
2362562
2347082
2331242
2379884
2354737
2683907
2325141
2362081
2351591
2364525
2359005
2358304
2363834
2371669
2377570
2372461
2376137
2368363
2372621
2409209
2365998
2369625
2385565
2386737
2403979
2384232
2381988
2409239
2396686
2374855
2396365
2396275
2423787
2400924
2388941
2401004
2391105
2376999
2412737
2393289
2384062
2413688
2412416
2404661
2385825
2384754
2408559
2406324
2441259
2396857
2415842
2449535
2398740
2416934
2411283
2405883
2417024
2410842
2407256
2421753
2421242
2430169
2486676
2413037
2430841
2436511
2431161
2420981
2437843
2432483
2434527
2438344
2425380
2431291
2701410
2408077
2444736
2430339
2447061
2473310
2454275
2462219
2442643
2473471
2431381
2434658
2463893
2445258
2474612
2422595
2449806
2454414
2483620
2451669
2443344
2485713
2445939
2461568
2444085
2489591
2459244
2469663
2441921
2465225
2471497
2458673
2471537
2468521
2475745
2483219
2529366
2481135
2466457
2486084
2507385
2487176
2477428
2498578
2496764
2539856
2490322
2480494
2481706
2762815
2460746
2498408
2504269
2501233
2508566
2510139
2500201
2498928
2509778
2504729
2504639
2506993
2493067
2501003
2494240
2481605
2504329
2694136
2514799
2523334
2548261
2527342
2489301
2498828
2522803
2526179
2509509
2503958
2512815
2509398
2583508
2513726
2525078
2514387
2530969
2552579
2513426
2509930
2542991
2542250
2536820
2523755
2540496
2535066
2539445
2511903
2535878
2532662
2593977
2530538
2535367
2531961
2546868
2522392
2533765
2539034
2551057
2548792
2574972
2548512
2554353
2574110
2551327
2528845
2562038
2708574
2549584
2560154
2534235
2574170
2539355
2533103
2579140
2574571
2591694
2574811
2595660
2587675
2592074
2589299
2610198
2573148
2624816
2612993
2575583
2589960
2588958
2614105
2602483
2590772
2605669
2584240
2571646
2574000
2570683
2864677
2543443
2562428
2568440
2568640
2587595
2604056
2611521
2593527
2638681
2597655
2606301
2615528
2636598
2609357
2622691
2620868
2623684
2628943
2577687
2579520
2617762
2588147
2604196
2576805
2573980
2590762
2577246
2584670
2586433
2933868
2547570
2593857
2596462
2606080
2584970
2596924
2579601
2613254
2610659
2609406
2598016
2599118
2621279
2614215
2618644
2602724
2889485
2579460
2608535
2619286
2623393
2620167
2624906
2617902
2647488
2618183
2731767
2634604
2663749
2623844
2642449
2632681
2645084
2646607
2654541
2641487
2641928
2675040
2630186
2649442
2651405
2632099
2636868
2649472
2642519
2981037
2619015
2653820
2638992
2718703
2645575
2689617
2636298
2686602
2645625
2667425
2663158
2667957
2662486
2666324
2693716
2673728
2936423
2684678
2671333
2663068
2688336
2655784
2706710
2688235
2723762
2700629
2695489
2690349
2731436
2696661
2713092
2694377
2704726
2729763
2692082
2695629
2710708
2696791
2678286
2674129
2686682
2712932
2672295
2680441
2680811
2695498
2657447
2685109
2740664
2663198
2729002
2736095
2741466
2741986
2720676
2732228
2729403
2698895
2711248
2712711
2711409
2724002
2699657
2712461
2703594
2732238
2702412
2710056
2736155
2729052
2713743
2709375
2718062
2724062
2717560
2706379
2731417
2742267
2703283
2706580
2732658
2742247
2725155
2725455
2716188
2736957
2750162
2837516
2717831
2766082
2731847
2742868
2744100
2799354
2739071
2756033
2734281
2777584
2727108
2757345
2745804
3064264
2721939
2772123
2770180
2780228
2764619
2770520
2777022
2785598
2747376
2780409
2802490
2799966
2763757
2784676
2766462
3146208
2743970
2805556
2771222
2787732
2799866
2783175
2766373
2803713
2773135
2791950
2786049
2791810
2792972
2761824
2767855
2798463
2782293
2779887
2802731
2853347
2776441
2784988
2809834
2805847
2797050
2787382
2838899
2789255
2815054
2797060
2768957
2822999
2808021
2795056
2816256
2799305
2858656
2801328
2809895
2830152
2812720
2779827
2818701
2810185
2790738
2809464
2980145
2778115
2802861
2811547
2849188
2812920
2804604
2805516
2849780
2805937
2819483
2814994
3143473
2786941
2815525
2822698
2832026
2823139
2826356
2823129
2836875
2820404
2842586
2824632
2848327
2842495
2834311
2832827
3072990
2811898
2864167
2839701
2862804
2838909
2839019
2841233
2854649
2851112
2841524
2866300
2864307
2854518
2868044
2880788
2846894
2863555
2857965
2875247
2861702
2913178
2840602
2866602
2883534
2868806
2860429
3172287
2860139
2894925
2859789
2944127
2896528
2860390
2872853
2870309
2858707
2876880
3203476
2882491
2913399
2874797
2907027
2896718
2864978
2864617
2916294
2869797
2899754
2905104
2913310
2857234
2889083
3206822
2860289
2874496
2880447
3045759
2872762
2895486
2896367
2919531
2882120
2888182
2902870
2913951
2885547
2915203
2897880
3246407
2877913
2933297
2907087
2887221
2907438
2917817
2938838
2881539
2917727
2926183
2893092
2918990
2904754
2929139
2929881
2933287
2918459
2947213
2931814
2926354
2917217
2926614
2902809
2933257
2919811
2918199
2935471
2948926
2928337
2973092
2937255
2955789
2948125
2959106
2937505
2945440
2947875
2947314
2949478
2924851
2939679
2939739
2962662
2960057
2972371
2943947
2951180
2930541
2998529
2954276
2942404
2955348
2950379
2952783
2930802
3010933
2965267
2961250
2956490
3005452
2967572
2959998
2962251
2995364
2964035
2964906
3309486
2959677
2980476
2959356
3019920
2962452
2958685
2979574
2989152
2955168
2971398
2993570
2961289
2961019
2981598
3310508
2998309
2954106
3013387
3038044
2991457
2976248
2995464
3014340
2976438
2977911
2987960
2970557
2982129
2999972
3070946
2986577
3002618
2990995
2985385
3016314
3014651
3016805
2993010
3052672
3013117
3013257
3015983
3009520
3009320
3024218
3055166
2992508
3018868
2997247
3016584
2999662
3006355
3009049
2997138
2989092
3016854
3000463
3006154
3022895
3018597
3007847
3006905
3027704
3021874
3029348
3028236
3034357
3020271
3026893
3039928
3032063
3036611
3035831
3081937
3050678
3034147
3031462
3054044
3020792
3040158
3041511
3020080
3032805
3022024
3040088
3006675
3075905
3116031
3118015
3032153
3033495
3062310
3035930
3059084
3028186
3069012
3058122
3054115
3137561
3057871
3052612
3038305
3093950
3060196
3052281
3080424
3056679
3061559
3061999
3070806
3059795
3082518
3073711
3086465
3044356
3089301
3075986
3058874
3052501
3074343
3064203
3057550
3072749
3074533
3048174
3078420
3077699
3064494
3129286
3078901
3065566
3111272
3094981
3064043
3076326
3070205
3074774
3070566
3085895
3135327
3082037
3075294
3096223
3074433
3081216
3114248
3090814
3110761
3082258
3369258
3092687
3095392
3111482
3104770
3102827
3099630
3121271
3099309
3086084
3124177
3099560
3128674
3109379
3143523
3109719
3099099
3135999
3099029
3121081
3113746
3131551
3122374
3122192
3126311
3125358
3122313
3105592
3166015
3113327
3099149
3123996
3127903
3128515
3104259
3125048
3157469
3127864
3148091
3149675
3138784
3138063
3128475
3121922
3124107
3132813
3152820
3134215
3137532
3177266
3169452
3136129
3151678
3320306
3142070
3161857
3178378
3161677
3139345
3153332
3137531
3157118
3152830
3208506
3163511
3144344
3156267
3168981
3162899
3153532
3206491
3148462
3163461
3141609
3173389
3139305
3170624
3165475
3169612
3165504
3168480
3188608
3139325
3170073
3171205
3171115
3134617
3169642
3473004
3163871
3163771
3348900
3150476
3162539
3197765
3175393
3181605
3168050
3179551
3181244
3152069
3198386
3193286
3176596
3179671
3170974
3191764
3160946
3204708
3186825
3164483
3179681
3214467
3155075
3170433
3211601
3189870
3175383
3217572
3169381
3187536
3204949
3196322
3213825
3214076
3181094
3536273
3188798
3242720
3204568
3193988
3212473
3211331
3216711
3204307
3228143
3250935
3231720
3237249
3200019
3290800
3181775
3195761
3266906
3202755
3231498
3230396
3187826
3209738
3202114
3198346
3228753
3197224
3213254
3205029
3197865
3194900
3236659
3201452
3198917
3233502
3227110
3219166
3244483
3224085
3215809
3214837
3225838
3228032
3215669
3223053
3249823
3213014
3211141
3233732
3214267
3223634
3242670
3542134
3216922
3212353
3295990
3232681
3197184
3256626
3211121
3225979
3226700
3217903
3211080
3236118
3246537
3237651
3219326
3252338
3238993
3210710
3278757
3234084
3253550
3228273
3232872
3305768
3256396
3241297
3411938
3261264
3253270
3270552
3248401
3258820
3247669
3351004
3259922
3246878
3292253
3229545
3279550
3288817
3237540
3263740
3191193
3290450
3270251
3245806
3301480
3256696
3293325
3278186
3250595
3253340
3283897
3291882
3267356
3281262
3298375
3271584
3288035
3241918
3292413
3284298
3280250
3273398
3307602
3274159
3294217
3292073
3276434
3298405
3299877
3263639
3283867
3395488
3412269
3289207
3317972
3275491
3345153
3309115
3325586
3297443
3302091
3629258
3264611
3294096
3551211
3290991
3297283
3367625
3303023
3327389
3329934
3319665
3308023
3312772
3355042
3303384
3299937
3353158
3317931
3311730
3332008
3329122
3318462
3336056
3339252
3302071
3348910
3328802
3344933
3333070
3327900
3360371
3339241
3333962
3360341
3337579
3331187
3321759
3380900
3345513
3350403
3343600
3355412
3334382
3349611
3333471
3348239
3346536
3393073
3407591
3344441
3652422
3371693
3353428
3339863
3356394
3366954
3339683
3383786
3336637
3344091
3377574
3347046
3342899
3376181
3394225
3361083
3429942
3382944
3347286
3353158
3393103
3374869
3357917
3667520
3360101
3380669
3615382
3360652
3371532
3394205
3387312
3358058
3387352
3394686
3371442
3408833
3374257
3460811
3362846
3421126
3390549
3385990
3436756
3390047
3386000
3387232
3405717
3437356
3391080
3721802
3409995
3379788
3460681
3418822
3389527
3408472
3400187
3428079
3395969
3412580
3418972
3383826
3407911
3404654
3441505
3389567
3397090
3423290
3402210
3408322
3401819
3435032
3423290
3463506
3407941
3414764
3386771
3424603
3421026
3453638
3431405
3436816
3398814
3406338
3714579
3365121
3377483
3400738
3432096
3400086
3423160
3431576
3396900
3393564
3430564
3402911
3385438
3670736
3385118
3402401
3418241
3408092
3407170
3394556
3428851
3393033
3415425
3715541
3392422
3434701
3567041
3396589
3392663
3468405
3416788
3386911
3428600
3416637
3436104
3423531
3738203
3392252
3471370
3447756
3438238
3444269
3500325
3414744
3440973
3450421
3418862
3475078
3417880
3434831
3461472
3410516
3408562
3456824
3424853
3414985
3460120
3432377
3652972
3414584
3437667
4533241
3389867
3432297
3459818
3448868
3453838
3434832
3459148
3456162
3461231
3614300
3445873
3453247
3514152
3441775
3442486
3454589
3443588
3430543
3470168
3492831
3422649
3446684
3448217
3420735
3439180
3462173
3445021
3422519
3463907
3472473
3439480
3468846
3476621
3609881
3487562
3481550
3471741
3485718
3540611
3475729
3487992
3513550
3473825
3481510
3504463
3457835
3508170
3467453
3505585
3478794
3516366
3475298
3486970
3502079
3462985
3474096
3474877
3507118
3477001
3480999
3519070
3481660
3478614
3528849
3496468
3514161
3524200
3512087
3489224
3651399
3466792
3504343
3534519
3480147
3509773
3493683
3515484
3496278
3519943
3490045
3521175
3470659
3592910
3473384
3480698
3534630
3529250
3486539
3543346
3490927
3560509
3510374
3501327
3540721
3556121
3518340
3513490
3523259
3535712
3525563
3532365
3834665
3529851
3501377
3721171
3527276
3528278
3526946
3534429
3525643
3539029
3551902
3494054
3575327
3567813
3529531
3564917
3528178
3556832
3572982
3557573
3540290
3548736
3566700
3551973
3555329
3538446
3557833
3541192
3570627
3567732
3557002
3562452
3568704
3547414
3556641
3544258
3536534
3542705
3582751
3540370
3550800
3588812
3564686
3588131
3562021
3553675
3569997
3579114
3580967
3558715
3602969
3539489
3575176
3572762
3567070
3572752
3584224
3589162
3530522
3813997
3584614
3548716
3595234
3571860
3586858
3599411
3541363
3753563
3702997
3578883
3561861
3551101
3552092
3555429
3612106
3597709
3573744
4516339
4865988
4358602
3893255
4407474
4378499
3512578
3513740
3533628
3509052
3514061
3513270
3519671
3517908
3523028
3525533
3520544
3526615
3530402
3526385
3529260
3537124
3527887
3530341
3537896
3533167
3529319
3528158
3581248
3527727
3541443
3538216
4710776
3556571
3536694
3539539
4390041
3840656
3556060
3546752
3541863
3543667
3562322
3544158
3537926
3583993
3551121
3555910
3582970
3551501
3559847
3599372
3558284
3560729
3572962
3559907
3576088
3580667
3552613
3564536
3566440
3554307
3565858
3564406
3564065
3575447
3572441
3562102
3563364
3562282
3563925
3565909
3581468
3572000
3579695
3565528
3573764
3580717
3659986
3597518
3582119
3581699
3578953
3587109
3612937
3594493
3596296
3634909
3583872
3670225
3601917
3584123
3595855
3588732
3569486
3600414
3572140
3583332
3608870
3597678
3614500
3712134
3590064
3599302
3620341
3597468
3604110
3616374
3605403
3606244
3605153
3599883
3604542
3634758
3616214
3610843
3629248
3603018
3619680
3616364
3618819
3616073
3615332
3612656
3621583
3628367
3613849
3627064
3619289
3648504
3646160
3629498
3619590
3628497
3625170
3640399
3633176
3653744
3738204
3667481
3664324
3639257
3644516
3648244
3650288
3660757
4238206
3643735
3649847
3635029
3634277
3652572
3630230
3647042
3633486
3632084
3653264
3645038
3642954
3657752
3649587
3871465
3815649
3664996
3660567
3637163
3631743
3624960
3629098
3613358
3632184
3638275
3628737
