90
2284
3567
4258
6202
7914
9006
10379
13055
14677
16020
18083
18985
19937
21650
23263
25628
43411
29735
31939
33462
35105
36648
38372
39614
40615
43110
46326
63929
47799
63728
24415
27511
27591
28834
29856
32220
39153
29836
30517
36017
31919
32801
32811
34194
35486
35296
36528
36648
38391
38772
39673
40054
40355
41287
41477
42459
42188
43280
44793
44813
45444
49151
53149
48330
53169
51796
52227
53019
54011
55313
56455
56675
58779
59281
60472
61715
61645
62807
66103
65302
65562
66854
66614
68317
68718
69710
70491
71142
72004
73487
73417
155309
170297
171379
172761
172480
191436
177049
143617
79969
81031
81682
81672
82403
83645
101448
85218
85589
85949
86991
87263
88074
88775
89316
90819
108642
92231
91830
93103
93504
94215
95297
95707
96719
96890
101629
98302
100487
101779
103702
103753
105035
107650
108281
134610
110525
112118
112839
113651
114944
116677
117077
120314
119782
119271
120194
122007
123079
123349
129510
128258
127727
129270
128829
129451
139970
133759
132426
132627
134079
134880
134951
137175
142525
137826
139570
141192
141994
142485
143757
148235
143467
145310
146322
146111
147935
152113
149217
150279
150420
152463
153215
156611
154347
155038
156090
156350
158855
162452
159065
158684
161750
161169
163805
167622
162833
164095
164966
166489
168323
170557
167591
167983
168573
170838
175185
182839
171729
173802
173001
173873
178291
175486
175797
176198
177590
183060
178812
179023
181237
179804
184363
181698
182429
184132
183811
188470
185995
185986
187268
187569
192929
190735
189523
190444
190514
195173
192678
191596
195674
196465
199831
196495
197567
197898
197607
203629
200152
200342
200443
205502
201855
203057
203818
203378
210922
212354
211874
211864
216552
215170
307982
217564
223476
221542
221491
223896
227733
226520
226451
227493
229546
231090
230649
231911
233424
237411
234465
237311
237511
239956
240487
239856
245766
242591
243743
245787
251407
248051
248021
248742
253751
250786
253351
253981
258470
255755
256026
261546
258711
259131
260925
266355
263811
275893
264852
266385
268098
267487
271765
268529
270723
271926
273147
273688
273809
277496
275663
274359
280491
280581
281333
281734
285961
283597
283908
287464
284839
284168
290309
287404
287023
290519
293435
292023
291651
297753
295348
295319
300107
295489
631463
297994
299847
304796
299837
300398
305348
303253
303905
307712
306520
306359
306800
308724
308473
309355
314594
311539
312170
317249
332277
316709
315166
317270
321758
318242
320375
324162
320696
322099
326005
322449
637405
327028
326988
331837
328020
329843
334962
331186
330373
335784
333589
334441
346614
334602
335453
336084
336896
343027
340242
340091
343468
350271
342056
356803
343889
348257
345031
348738
351863
346574
363365
351313
359167
365549
349820
352525
361963
353617
354068
358736
356673
360409
355651
357695
361392
359327
359708
362423
360049
366772
362794
362012
366691
363395
370578
366411
367803
370469
369386
383343
370879
369277
375157
371952
371631
376509
373194
379816
375447
374486
381078
379325
379235
378533
380127
382811
379635
385957
381108
383833
383883
383212
387139
385236
389413
385165
387330
750885
562525
395124
438144
391868
390786
395925
393080
399472
398039
400905
399191
398500
403269
399562
403439
398591
404391
402889
401977
405032
402899
408509
406806
411945
418207
407257
413438
408799
411755
410673
414961
412928
412306
413097
414720
419710
419730
424398
416143
422495
418668
420511
420091
420111
426402
421974
426402
424860
427504
428656
436842
434317
433044
434528
437172
438665
438786
443013
442292
449084
445367
448924
445177
452771
451058
454905
452851
455977
456448
459544
458081
464503
462219
462028
461728
465515
468871
469433
476455
473099
474301
472037
475594
475223
479100
480653
476926
480543
478589
483789
484269
488578
486103
490812
487996
491744
490842
493587
496142
496883
493587
498006
494849
501802
497855
503215
500119
503245
503385
506892
509477
509667
514015
509757
513634
511410
516200
512161
516540
515108
519986
520637
517542
523062
519686
526578
522310
525707
523322
529214
525206
527731
533582
530084
535185
531307
539162
531488
536798
536296
537920
541216
538019
547267
539783
544932
547747
543450
553078
545303
549270
548740
548750
552988
550012
555282
552697
557556
556684
555973
560832
561113
560672
563487
560190
565862
598763
567354
569388
563227
567574
588304
581150
573376
580128
573115
570349
575880
579186
573986
579787
575719
578054
581160
580068
583955
583965
581100
586971
585638
588143
588613
587351
591910
590518
589675
594474
593824
604092
597661
592501
597360
599364
599503
610725
597550
612919
602078
601277
607048
606647
603922
608110
608852
605525
608891
609012
616395
612988
610714
635000
627566
611336
653835
619071
618089
617618
621084
618899
626033
623839
621554
625873
627225
622927
629470
628257
626083
630321
630021
628268
634118
635260
632455
637584
642764
639578
643145
638476
634018
641733
639879
642675
646572
644808
641843
652372
648044
646431
651741
651180
647262
651701
654216
653654
651030
655648
656910
654856
657742
660317
658103
660878
662971
658814
661138
663352
668052
662841
672198
671498
668593
669113
671017
670947
670416
673632
676076
673531
677128
677689
683640
675495
679964
684061
677008
681526
685474
687568
679413
689882
686335
682088
690062
689240
689872
688269
690914
691104
695452
689972
698888
694130
694500
691364
697505
696694
696754
699680
701624
700472
696104
703918
703888
705140
701663
707214
710751
709047
705842
710780
710971
713396
706252
713987
713976
715419
712514
715008
722112
717282
714007
719467
720679
719817
720799
722632
721721
723855
720048
725738
723885
730146
725318
738121
727702
729315
730668
727642
755193
771093
751476
735767
731308
737901
736598
735116
751697
739695
741758
741418
740496
743892
781752
781352
745485
744503
741918
742670
743842
748391
743572
745875
750474
750304
752138
746136
750785
754491
750024
754792
755203
754081
760634
755303
756836
759201
757478
760293
759561
764611
758690
760743
765502
762627
765112
761836
767676
767466
769099
769439
768839
765522
777254
770351
771493
771163
774028
778316
781943
777284
776603
772144
780380
779759
775882
779919
781893
779569
781893
781682
782614
786021
785159
782534
816127
786361
789036
791190
789647
784818
791761
789587
799786
792202
793415
796359
794968
795298
796680
797572
798093
797703
800517
801109
801860
802431
803193
803233
799876
803983
807450
806258
810967
808122
807431
810415
811127
810776
810937
814974
812700
814694
810616
817800
816537
820955
816618
819593
828670
818962
820454
822047
827137
821847
823811
826646
826977
824663
829691
830713
830212
829351
829160
833298
835152
831906
834190
869205
837146
847925
837305
837486
842776
843958
837286
842115
847284
841914
842926
846293
849599
849518
845110
844389
847945
850010
848948
849778
851713
849969
849679
853766
853996
851562
856060
856071
851633
859047
857734
860439
861912
859828
863254
862953
858174
862994
865989
862893
869475
866811
865598
867962
867302
871359
870207
866149
868965
876589
876208
872752
873263
875777
875396
880807
881218
879945
879594
876629
879784
875576
880796
896666
892949
888280
889302
895123
897518
896466
896196
902297
902387
902507
906494
906976
909871
911795
912826
914168
911363
913307
917786
918967
921282
928215
923696
926120
927804
929877
931822
932713
935528
936851
934096
935999
943934
944034
940948
940828
942872
951658
947831
949544
950155
956608
950246
961887
961306
959623
957990
957910
961196
962338
966025
963471
971916
966556
969201
967658
969070
972517
970863
976404
973469
976444
980562
978989
981894
985541
984299
985571
982356
989408
989098
994638
987144
989939
996251
996592
994448
995220
996912
998775
997614
1000910
1000929
1003374
1004396
1007742
1004757
1011810
1011960
1010568
1013984
1011128
1014054
1013523
1014134
1015216
1017701
1020265
1018492
1024263
1021528
1022951
1023401
1032329
1029883
1028051
1036315
1031536
1032438
1033330
1033921
1035785
1038069
1036226
1044841
1038780
1041415
1041556
1043599
1043178
1045242
1057905
1047927
1052265
1047797
1050442
1050181
1051414
1056403
1054029
1061582
1058697
1058527
1059749
1059839
1059719
1064749
1060801
1062153
1064007
1068435
1070880
1066021
1067263
1071300
1074867
1072914
1074316
1076169
1076500
1076210
1078013
1079145
1080587
1085226
1084345
1082000
1087650
1085246
1085096
1089784
1096637
1094183
1093481
1093532
1096588
1102338
1095445
1096658
1101927
1100554
1099433
1099623
1107929
1110884
1104702
1104502
1110794
1106396
1109301
1114711
1144657
1119159
1114641
1114401
1146210
1128677
1114391
1119901
1120572
1118308
1123989
1121894
1121443
1122475
1123037
1131011
1130911
1124870
1128036
1129379
1130070
1132133
1136081
1137894
1133867
1133586
1138545
1144527
1139096
1138025
1147933
1144537
1141030
1141160
1144537
1142453
1148333
1148263
1148795
1149496
1150177
1153012
1153203
1154044
1154856
1158783
1164123
1157350
1158683
1161137
1164444
1169152
1170996
1161538
1172829
1165605
1165045
1167870
1170374
1165475
1171176
1169633
1169182
1175374
1175114
1172118
1177267
1179812
1181395
1177207
1179381
1183889
1187436
1185482
1184381
1184551
1187837
1185633
1187376
1189189
1188318
1190693
1192445
1197204
1194380
1201693
1193778
1205590
1194940
1200260
1198296
1204398
1198667
1200491
1198637
1207163
1209187
1206642
1205670
1208135
1202695
1212202
1212503
1213785
1210930
1211952
1235035
1215118
1214296
1233862
1219997
1217742
1214175
1232951
1225066
1221850
1225738
1224746
1222231
1269418
1259991
1228433
1229093
1234314
1231438
1232770
1237239
1232921
1235986
1236527
1234614
1235846
1238852
1242258
1239874
1243610
1246617
1245123
1252527
1245605
1245043
1247317
1257627
1248490
1250764
1252527
1251715
1250784
1254220
1257046
1254681
1259541
1259680
1258729
1262255
1270220
1260763
1264019
1265351
1263007
1263598
1268297
1267685
1264980
1272614
1267906
1274208
1272094
1278315
1269278
1278125
1277213
1275641
1279668
1273737
1282984
1285137
1281732
1287583
1287141
1281662
1282964
1286290
1284837
1288624
1284056
1288845
1291089
1290457
1290698
1294365
1291891
1290127
1296980
1294675
1294024
1298953
1304954
1303693
1297460
1297701
1311246
1307279
1305025
1306267
1307730
1307920
1312058
1308711
1317057
1310725
1309392
1308631
1313621
1315945
1313661
1314402
1323720
1317959
1322978
1318149
1316607
1325452
1320693
1323298
1321926
1325212
1326825
1325733
1326745
1333648
1330802
1334229
1330311
1330091
1336433
1333487
1337075
1335221
1333728
1339248
1339769
1343105
1338316
1337064
1342435
1342845
1345390
1344278
1348024
1347133
1352863
1355288
1351341
1353505
1349127
1354927
1352122
1355408
1357081
1355058
1359777
1357202
1358214
1367791
1381988
1399631
1372971
1370316
1381436
1370046
1363413
1365998
1367982
1366409
1375205
1389572
1391385
1379233
1376527
1372090
1375506
1375866
1375135
1381837
1379243
1387448
1388400
1388189
1381166
1386105
1382950
1388810
1385895
1387898
1386206
1384393
1392627
1389111
1419968
1394501
1397958
1398128
1397637
1403378
1403548
1397967
1395062
1398679
1397567
1407395
1399941
1409048
1407094
1411553
1432371
1414999
1407535
1414108
1410611
1413897
1412415
1426480
1409519
1413436
1414108
1426320
1418325
1418696
1415370
1422103
1425769
1421631
1420209
1423164
1419598
1425568
1420950
1428594
1427032
1429065
1426140
1432081
1428143
1440036
1428465
1438853
1431480
1434325
1431029
1439445
1434856
1438122
1437912
1444554
1441088
1445015
1438833
1445606
1441118
1453811
1442670
1447750
1443121
1444865
1448842
1447650
1455484
1447009
1452108
1469330
1453541
1484338
1465753
1462417
1460043
1455374
1464010
1458790
1458891
1461536
1462216
1462117
1466595
1465112
1465854
1468418
1469360
1467987
1473668
1467376
1465904
1474359
1472556
1473257
1483326
1473007
1475000
1472526
1479048
1483597
1479649
1481573
1479088
1482374
1479389
1495348
1478958
1482885
1485851
1484438
1485470
1482515
1486692
1487935
1494347
1487815
1484669
1494537
1489998
1494066
1490349
1499726
1491752
1499786
1497402
1504405
1500608
1496059
1504395
1497953
1498444
1512380
1499436
1511769
1497552
1506810
1508583
1505738
1508573
1505367
1510086
1514134
1506519
1512731
1513422
1512871
1509454
1515847
1512200
1513192
1515165
1531355
1514874
1522789
1527829
1534441
1523240
1523611
1531616
1518862
1526175
1520625
1588301
1537737
1524342
1534300
1528069
1525935
1527819
1527919
1530584
1532126
1533930
1531606
1530884
1537326
1541535
1537466
1536885
1545021
1540983
1538999
1534641
1540863
1543057
1544800
1543508
1542245
1540141
1548116
1543277
1545021
1548237
1544299
1548437
1555070
1554298
1550641
1556903
1552294
1561331
1550491
1556943
1556973
1554538
1555220
1552495
1554117
1557634
1558125
1560750
1564096
1556923
1562283
1563354
1560810
1564406
1572040
1565268
1568704
1565178
1565639
1570127
1572592
1567312
1581568
1570157
1574626
1573594
1572672
1580327
1576469
1573994
1593651
1576749
1580005
1584064
1583332
1584323
1594864
1587199
1585315
1592238
1591227
1582651
1587429
1596025
1592469
1588291
1591026
1596967
1593050
1591757
1591186
1591467
1595124
1595835
1592940
1598520
1599622
1596637
1596867
1599662
1595735
1599943
1601205
1602087
1611865
1604782
1600063
1604531
1616865
1600785
1608148
1603309
1617686
1606184
1615712
1614740
1607326
1609491
1612706
1617155
1613508
1618306
1613518
1611945
1620821
1617886
1626231
1625430
1622295
1619900
1618817
1631551
1631922
1622595
1629637
1630299
1623536
1628135
1629307
1631381
1628145
1632302
1631431
1630108
1637052
1635859
1639386
1638033
1635479
1635499
1634637
1636721
1644315
1639486
1636921
1644325
1652891
1642081
1646960
1647561
1646559
1644496
1644275
1649955
1654725
1649976
1659233
1651989
1654684
1649856
1658331
1654905
1655075
1652361
1675603
1657519
1661988
1654033
1709736
1661937
1658742
1665324
1664883
1669231
1667729
1666266
1665825
1673028
1668791
1663591
1668120
1685100
1676075
1669462
1672988
1673890
1688087
1675163
1673579
1678769
1681174
1681544
1680933
1682807
1680352
1691373
1684069
1688146
1707343
1685913
1736036
1684069
1685111
1702283
1689499
1686774
1689078
1706871
1696602
1694769
1702754
1690521
1703576
1695711
1698465
1697915
1697635
1696762
1710288
1698666
1699097
1706792
1705359
1702563
1706130
1702833
1714505
1710067
1711380
1719545
1705699
1714656
1713804
1715347
1714826
1712902
1713754
1716569
1719765
1716289
1716971
1715528
1734413
1721809
1725386
1718372
1729514
1724995
1725476
1728331
1749010
1746525
1725546
1736546
1732218
1733401
1730545
1724884
1745353
1731907
1733050
1734413
1732849
1735725
1743930
1739502
1734784
1739953
1738911
1739612
1755091
1743539
1752766
1743730
1740414
1745163
1754169
1749320
1749270
1782692
1763627
1748068
1747346
1754490
1757195
1752567
1755712
1755702
1753688
1794294
1755552
1758067
1759730
1759820
1759529
1755421
1776591
1761543
1764608
1767103
1769908
1765590
1764509
1770098
1781390
1772193
1770419
1768726
1771813
1769468
1769407
1772754
1776561
1779115
1779957
1775519
1780168
1772443
1780698
1780688
1781880
1780458
1786379
1780288
1783494
1776782
1788903
1787682
1785457
1788393
1786930
1786469
1788403
1786129
1788263
1835611
1796518
1796127
1797340
1797440
1796738
1796899
1800185
1797039
1798962
1813459
1804072
1806887
1802158
1801848
1804583
1804864
1802949
1803230
1809602
1809783
1809151
1811405
1816335
1816095
1812288
1816835
1815713
1812658
1813851
1818028
1819060
1816014
1840269
1889781
1849526
1833206
1853955
1854366
1856640
1848885
1848625
1864445
1846180
1841843
1845119
1855427
1856600
1853725
1853894
1854115
1862741
1857230
1866147
1859334
1864675
1869443
1868652
1894490
1873641
1871598
1875684
1878741
1877298
1877228
1885002
1904689
1886706
1884792
1890202
1892356
1906212
1893828
1906312
1893729
1900170
1902224
2217059
1960623
1911792
1911452
1912063
1908416
1905681
1918815
1912634
1959290
1918274
1917743
1916851
1924306
1920488
1934234
1921690
1941247
1926259
1932240
1927642
1931319
1935476
1939864
1937590
1938441
1940545
1944312
1952408
1945234
1944172
1944523
1948690
1951186
1952408
1960182
1954602
1952096
1958279
1957257
1956965
1960563
1965322
1963789
1961945
1967997
1963759
1969779
1968558
2007390
1971854
2001489
1975540
1987513
1974519
1978045
1976793
1986260
1984236
1986601
1983585
1988474
1989707
1993694
1988475
1995618
1987934
1995318
1993895
1996068
2002530
2023219
2000787
2003031
2018891
2004515
2005186
2014694
2008161
2014904
2012890
2023379
2015345
2016667
2018741
2019672
2021435
2023520
2032466
2025623
2029842
2028258
2038097
2028589
2032326
2033649
2032347
2029762
2033638
2037055
2053535
2040020
2038518
2040622
2042775
2051241
2049588
2046874
2047645
2053115
2060508
2058785
2069115
2052273
2052774
2054076
2056501
2068784
2065958
2127272
2080125
2063043
2081468
2065448
2067731
2071389
2068554
2074805
2071950
2072170
2072661
2073983
2075346
2084052
2078832
2083952
2085224
2078592
2079835
2087889
2085425
2091696
2086667
2088700
2095634
2094853
2094181
2092067
2102116
2094171
2095603
2097026
2096866
2108788
2105232
2103849
2101475
2116422
2105442
2105352
2109890
2121623
2115330
2111313
2112906
2111483
2113637
2120700
2132793
2136630
2122052
2122774
2123225
2124477
2124607
2131310
2126992
2134205
2129777
2137020
2130368
2133414
2134446
2133844
2136941
2137722
2165543
2135698
2142121
2142882
2142000
2146137
2147179
2143101
2154042
2153501
2147600
2149934
2152459
2153181
2156737
2155846
2151718
2158010
2159642
2160354
2163029
2159422
2167637
2167747
2163580
2167878
2173468
2168399
2167898
2181062
2175302
2178317
2175432
2179510
2176995
2177125
2181042
2187644
2182856
2180111
2187404
2193956
2183747
2187114
2187805
2197002
2192904
2197573
2193506
2206330
2194878
2205528
2198695
2202813
2208273
2205308
2201219
2208483
2210377
2205107
2209024
2208032
2209545
2214415
2212972
2214995
2215557
2215306
2218482
2215807
2218833
2218612
2223030
2241605
2225445
2227529
2224683
2226717
2232768
2226317
2228361
2226046
2230344
2240402
2247275
2232347
2234100
2243168
2239270
2314510
2246684
2290696
2265329
2244310
2254890
2248227
2254950
2250962
2251473
2264517
2270328
2254479
2257995
2276159
2256773
2271150
2257334
2260439
2265890
2257014
2267072
2264027
2264617
2272372
2270028
2266271
2287520
2274867
2269517
2282171
2293161
2279015
2282300
2275378
2279846
2281158
2284725
2297319
2321704
2284094
2281689
2294313
2280928
2282351
2290957
2286678
2289845
2290455
2296457
2294032
2297389
2297979
2300083
2297388
2312457
2300865
2301967
2302919
2304101
2301125
2339707
2379031
2319109
2307518
2307207
2314470
2310443
2325300
2310243
2310623
2306575
2318969
2320171
2316835
2327524
2317586
2322465
2318147
2324139
2326523
2315502
2331943
2329188
2334327
2327374
2331382
2329859
2337083
2340889
2335880
2338675
2338986
2347001
2350768
2346088
2336070
2334878
2340278
2339216
2344666
2345508
2350027
2348965
2352070
2348564
2352040
2351068
2352371
2352350
2351028
2355757
2354735
2354635
2359224
2355697
2359594
2371466
2362349
2367599
2363782
2366597
2366366
2371376
2377368
2381215
2371025
2381745
2371796
2385282
2383919
2377738
2377587
2379431
2381274
2386885
2383128
2381726
2390451
2387056
2381896
2388828
2408245
2390392
2388568
2406541
2392014
2400290
2394950
2398366
2397705
2398346
2394940
2395451
2432980
2396713
2404207
2397425
2406050
2403726
2422381
2429714
2409086
2404408
2409206
2406261
2413815
2413174
2427771
2410378
2452867
2479056
2417301
2423593
2412993
2422261
2422250
2427169
2422501
2441736
2419235
2427430
2430235
2428732
2437288
2432440
2434283
2430376
2434433
2429624
2437099
2442158
2438019
2430877
2440965
2436236
2435816
2442528
2436838
2437759
2459230
2485909
2486170
2451715
2495066
2454219
2462626
2449851
2449751
2454119
2453288
2455523
2467214
2457636
2464269
2457046
2471521
2482693
2459781
2470460
2468757
2477333
2464699
2473867
2473947
2469368
2483284
2469037
2470460
2474878
2471401
2479637
2473777
2474588
2479978
2489595
2480109
2479718
2617282
2488384
2486700
2479346
2489506
2484877
2489495
2483374
2484326
2496117
2492611
2493784
2491740
2492380
2512278
2495487
2494925
2496569
2501718
2501718
2503301
2500666
3146757
3174598
2514282
2505836
2507949
2506988
2519842
2510905
2505195
2516246
2512848
2510073
2512669
2512338
2515143
2521014
2527516
2527236
2523228
2520743
2521475
2525031
2522146
2537434
2529239
2531574
2528638
2529239
2536774
2533938
2533637
2527236
2533638
2542894
2533487
2545580
2592056
2545980
2536653
2546181
2533197
2544167
2556019
2545350
2565437
2566197
2548776
2559916
2552493
2548385
2577709
2553144
2547994
2555017
2555207
2557031
2600712
2569144
2570265
2555058
2558273
2557301
2565997
2566739
2563022
2562852
2570265
2574373
2567280
2567451
2571809
2578130
2571708
2578551
2579001
2587909
2596103
2578171
2579052
2579022
2582177
2591616
2577819
2586325
2582689
2583250
2586416
2587928
2588680
2589020
2588991
2590874
2581706
2586345
2607135
2594971
2591645
2603266
2605340
2601845
2608556
2613496
2602155
2606052
2604349
2600282
2609789
2607324
2603978
2619777
2608116
2609128
2606743
2614718
2617644
2614237
2619788
2621721
2622192
2622152
2633232
2640015
2628574
2617072
2618815
2624927
2640085
2621901
2624436
2684708
2638332
2676753
2629296
2638192
2634735
2633563
2641187
2633614
2634886
2645035
2630688
2637381
2644343
2648241
2642970
2651025
2651306
2645465
2666354
2648902
2645135
2667737
2655674
2652859
2644944
2653891
2647950
2659672
2649643
2654502
2666985
2664140
2661074
2660504
2669370
2657738
2659461
2675571
2656405
2664420
2672455
2673257
2672004
2664921
2662637
2702632
2678076
2706198
2681863
2675992
2686451
2704565
2685820
2675301
2691822
2671724
2682614
2686151
2698274
2682625
2700047
2691882
2996217
2706559
2689748
2698654
2714704
2684638
2697792
2702381
2707019
2703012
2755430
2872196
3054546
2707670
2705046
2706899
2908213
2706499
2720855
2721747
2730513
2714163
2716297
2715175
2736926
2714544
2721607
3070265
2712470
2716658
2724141
2740672
2716187
2720264
2726125
2745602
2721377
2739360
2726446
2745110
2719032
2718180
2727137
2756232
2727598
2729101
2726215
2757694
2737356
2738017
2736525
2776679
2732367
2737216
3086695
2744449
2737276
2750220
2760720
3109106
2761972
2752535
2836951
2749719
2754037
2745521
2803870
2748626
2765989
2761861
2782730
2756111
2755710
2850316
2757593
2769947
2787439
2789623
2764026
2761240
2766871
2831421
2778964
4773429
2783833
2770879
2767722
2782901
2773423
2774225
2785676
2769396
2775517
2771860
2774635
2780346
2771219
2777500
2772832
2790945
2790154
2784704
2785766
2791196
2784995
2785656
2785115
2795645
2791777
2794342
2878779
2918202
2932589
2851297
2790475
2948048
2790685
2989344
2794402
2938279
2830870
2838063
2952656
2802577
2987000
2801445
2991458
2804841
2855876
3020482
2840447
3062380
2840157
3024520
2830609
2991638
2832643
2890761
2993602
2842442
3034518
2848383
3010834
2842691
2965280
2911660
2890681
2992109
2881714
3034919
2850466
3027685
2895590
3022415
2903124
2901881
3019240
2870613
3054295
2858952
3039277
2907332
3013789
2914546
2925415
2979015
2882356
2860155
2874551
2854484
2863361
2845667
2873810
2861317
2863751
2849635
2853492
2852931
2851488
2853612
2853652
2854573
2864653
2858661
2862188
2862519
2856267
2858592
2857119
2867238
2862639
2866786
2869532
2864582
2867869
2873319
2871886
2867397
2874811
2869541
2872888
2879891
2883818
2884650
2876835
2883668
2880221
2891061
2885221
2893206
2887215
2884910
2881113
2885792
2901060
2895170
2894317
2882666
2897614
2890811
2894858
2894368
2899647
2910568
2899557
2895520
3048655
2929914
2903304
2917922
2928100
2904156
2895119
2913794
2906360
2912201
2915217
2914865
2915297
2908584
2923191
2924103
2958628
2910238
2913143
2914756
2912822
3099659
2925917
3058824
2945823
2950352
3044196
2924073
3103437
2931206
3110219
2935785
3172143
2930354
3085253
2965170
2958577
3066177
2930485
3111071
2946304
3123394
2940534
3130677
3031413
3131498
2989505
3063983
3037213
3010202
3131879
2970780
3188034
2946475
3173366
2974616
3162757
2960561
3151876
3022185
3057701
3058352
3011255
3134674
2969838
3227687
2970569
3152197
2958888
3203532
2960390
3140565
2978424
3091474
3032754
3036291
3098157
2964809
3162927
3009652
3167625
2967765
3180970
2977112
3158719
2996347
3134474
3016023
3071847
3115860
3029609
3127741
3004002
3179508
2988994
3211737
3059334
3179518
2981199
3197301
2993822
2996347
3011215
2990185
3002348
2985387
3020012
2996317
2994604
3017115
2994384
3008499
2997800
3020001
3007708
3003090
3019360
3002048
3007397
3002589
3020532
3009392
3000064
3031573
3005083
3012167
3007298
3024840
3015824
3012857
3025892
3005234
3020572
3009972
3027635
3029168
3011886
3034588
3027755
3023167
3015452
3037304
3034037
3029289
3044998
3035941
3036392
3036743
3049205
3037584
3030892
3057381
3026092
3041771
3034668
3078931
3050307
3033687
3064133
3032244
3047763
3034258
3063873
3051159
3031813
3074212
3041190
3057200
3044066
3079111
3073520
3043826
3374460
3081866
3049956
3051430
3124195
3070575
3064013
3097435
3073651
3049716
3092216
3062049
3089911
3060356
3092216
3071887
3060486
3089040
3059995
3071527
3058233
3095512
3087977
3064083
3092927
3064865
3087807
3080333
3106793
3080443
3072108
3101692
3084171
3070244
3069413
3141577
3087747
3073500
3121230
3092475
3091434
3120718
3077197
3124756
3098708
3116971
3151335
3092286
3181962
3083589
3109788
3093328
3122883
3105640
3098758
3123764
3104618
3092686
3125267
3103887
3109848
3089641
3176051
3111261
3107173
3128412
3096273
3115017
3099008
3130076
3113525
3097616
3159550
3124425
3104087
3134544
3111661
3117142
3125246
3189456
3273583
3106201
3158399
3109437
3118314
3149241
3124806
3130417
3111040
3146617
3129364
3152627
3156525
3131809
3140185
3125106
3155363
3136187
3133913
3156786
3118173
3127241
3155122
3144142
3137489
3122261
3166774
3148339
3139824
3170400
3128062
3135886
3128754
3135336
3141917
3131308
3164770
3150623
3144052
3170391
3135866
3161194
3138872
3170010
3158799
3137931
3221746
3161214
3143411
3186069
3143791
3155403
3152377
3183295
3168657
3147027
3180309
3168677
3145855
3180178
3150294
3167665
3150533
3223990
3164510
3153449
3185249
3169459
3151957
3160041
3160712
3158658
3160192
3179688
3160662
3164550
3165001
3170471
3173055
3170030
3168687
3169589
3167956
3177474
3172615
3169108
3175540
3179898
3173496
3185809
3176582
3170812
3178626
3173366
3174599
3202100
3176232
3178316
3185008
3182513
3184617
3184718
3185428
3182102
3186921
3291326
3187031
3183756
3213030
3193503
3188524
3197010
3195778
3193974
3214323
3211618
3199023
3205035
3203773
3205095
3207990
3198503
3216677
3203622
3209643
3201448
3212309
3214623
3201769
3220664
3207229
3211336
3214743
3215976
3220895
3211026
3219843
3208271
3213771
3222839
3213881
3215295
3236002
3215594
3221215
3213140
3223930
3303078
3214493
3225904
3481028
3223409
3222247
3233177
3229390
3228448
3230822
3237144
3244248
3237385
3230492
3229520
3234860
3240140
3242154
3234229
3229851
3235451
3251281
3245560
3244929
3248766
3238187
3236514
3248797
3242104
3242775
3244789
3249037
3246281
3245340
3246843
3249708
3260187
3257823
3252824
3253555
3251923
3255448
3256831
3250419
3259025
3297537
3254246
3269635
3260699
3261670
3261751
3263824
3262522
3255979
3266098
3262091
3270246
3280826
3267261
3268022
3275837
3273382
3266078
3271589
3268733
3280275
3266830
3278512
3276778
3285935
3270256
3274494
3277730
3312855
3276157
3279142
3279603
3284723
3331450
3284733
3386712
3310221
3286807
3284433
3286316
3292978
3291044
3286727
3288450
3294722
3289652
3302326
3293349
3297226
3304960
3285835
3293600
3292347
3306043
3297676
3294972
3296044
3303408
3304630
3309879
3377275
3303317
3321882
3304630
3315309
3306173
3304600
3303338
3326801
3312985
3305442
3308217
3314218
3314598
3317804
3318216
3326590
3317725
3320510
3327682
3318355
3318906
3328304
3321201
3323124
3325349
3327373
3321401
3348331
3332933
3332452
3338553
3326481
3351257
3337542
3365863
3326701
3341538
3357808
3348301
3343512
3354222
3358551
3351768
4988418
3528917
3335437
3351006
3345736
3353841
3344754
3347600
3341439
3336389
3348472
3345706
3426537
3355454
3360033
3347800
3349353
3343202
3348011
3348812
3351176
3353531
3354212
3352679
3361386
3389508
3351717
3376563
3356186
3358450
3357398
3361436
3360985
3363319
3368138
3363560
3367076
3365413
3364291
3366836
3362618
3381744
3383476
3384468
3376344
3382094
3370242
3381663
3376113
3367847
3373488
3392483
3384318
3395699
3383868
3386863
3383928
3374130
3384428
3385380
3395098
3384859
3399968
3384649
3392062
3398124
3409735
3393996
3410647
3389768
3404325
3544606
3411278
3410376
3391080
3400107
3403264
3417690
3403804
3410877
3394447
3399496
3411148
3408453
3409535
3404175
3408834
3409064
3408623
3411108
3415475
3409475
3411398
3410076
3421227
3508859
3468725
3409706
3411138
3424253
3417360
3417710
3411047
3412520
3423311
3428821
3425314
3431245
3420796
3451473
3440453
3458025
3417790
3432338
3455250
3434511
3429222
3429943
3450141
3459598
3436525
3490075
3439891
3433740
3448597
3438859
3453797
3453497
3455560
3444901
3447345
3477872
3462793
3457705
3459698
3462343
3464307
3464708
3459066
3457224
3461502
3450341
3451734
3469827
3480527
3477832
3495334
3465108
3458476
3470698
3455661
3460319
3484815
3476028
3457374
3478403
3481628
3484414
3472763
3477130
3482120
3482360
3483863
3493962
3475989
3483342
3484204
3497287
3483983
3484695
3472572
3476860
3478974
3482730
3471561
3499232
3495926
3478513
3495314
3496677
3485195
3494333
3485837
3483292
3506065
3488271
3491417
3506946
3501616
3497058
3495805
3548884
3490706
3500133
3496947
3498771
3518848
3502187
3497478
3514690
3513568
3508979
3518467
3508219
3546780
3508348
3506445
3507998
3504771
3517545
3583158
3509280
3526032
3512557
3515332
3513017
3529187
3511324
3523306
3518217
3526091
3517425
3529037
3527614
3538815
3528706
3544486
3525661
3524429
3528756
3527033
3524418
3547301
3574070
3546509
3522995
3536932
3541510
3532463
3528135
3536661
3535369
3530309
3542382
3547481
3536050
3541981
3547001
3543053
3534247
3546379
3554334
3537512
3543193
3560816
3545197
3544997
3562339
3553782
3549185
3548994
3559043
3550507
3551208
3559784
3572979
3590061
3597544
3558011
3560626
3567959
3579640
3558732
3571125
3573500
3564032
3557370
3577727
3569583
3564663
3571746
3575674
3594479
3580072
3572999
3583879
3580482
3594098
3582185
3580452
3574672
3581615
3570825
3585722
3599759
3584249
3593406
3604928
3583257
3582506
3594438
3591212
3585372
3592605
3598997
3595400
3595410
3592034
3594869
3594950
3594859
3610499
3588507
3592545
3596492
3596693
3590591
3596723
3601291
3593156
3595631
3591453
3598445
3602884
3606550
3596793
3606421
3604898
3605299
3609196
3599168
3621719
3611139
3616168
3605699
3610769
3616640
3614206
3622571
3618373
3613413
3615348
3619434
3627891
3630085
3631167
3630124
3620567
3628532
3636166
3615828
3674978
3634843
3646956
3633030
3629764
3637939
3622400
3633230
3630646
3635435
3633251
3628973
3636597
3664219
3685447
3669928
3643439
3631648
3645032
3654260
3636316
3651855
3636086
3639503
3644502
3661253
3653027
3656904
3641215
3644482
3653538
3668577
3653769
3646024
3663377
3652677
3652827
3653489
3685387
3652897
3660992
3657746
3653969
3662845
3654560
3665631
3668165
3672514
3674818
3660892
3671381
3664409
3681270
3672513
3670670
3668285
