60
120
160
180
161
170
250
221
330
241
410
381
331
300
401
330
470
421
611
481
641
531
551
521
561
521
641
531
642
551
721
661
821
682
871
772
901
842
972
862
1032
982
1142
1022
1132
1082
1173
1072
1152
1152
1223
1162
1283
1212
1232
1182
1212
1203
1392
1253
1403
1292
1383
1303
1453
1353
1493
1413
1573
1543
1663
1573
1683
1603
1814
1693
1794
1743
1893
1804
1964
1914
2054
1994
2174
2004
2114
2074
2164
2204
2314
2264
2415
2284
2364
2275
2365
2314
2444
2374
2495
2345
2525
2365
2485
2425
2525
2435
2625
2474
2584
2525
2535
2495
2675
2595
2655
2605
2675
2625
2645
2625
2875
2706
2885
2705
2905
2816
2925
2805
2986
2946
3055
2945
3096
3116
3115
3056
3287
3276
3336
3256
3437
3306
3387
3347
3517
3477
3586
3527
3737
3567
3627
3636
3837
3757
3867
3797
3947
3887
3887
3917
4007
3957
4198
4047
4208
4188
4208
4188
4408
4268
4378
4248
4478
4408
4458
4388
4529
4519
4739
4499
4718
4679
4718
4609
4940
4809
4850
4809
4909
4819
4909
4909
5000
4909
5049
4919
5070
5010
5009
5029
5210
5100
6002
5079
8686
5169
5210
5150
5229
5170
5240
5159
5300
5300
5310
5220
5410
5260
5340
5289
5401
5320
5370
5370
5460
5390
5490
5451
5540
5460
5531
5500
5721
5541
5610
5551
5680
5600
5671
5621
5620
5691
5661
5591
5761
5690
5790
5690
5962
5941
5992
5891
6051
5881
5931
5861
5971
5921
6092
6062
6191
6071
6192
6172
6422
6282
6442
6331
6602
6422
6502
6432
6633
6512
6652
6523
6783
6582
6853
6683
7084
6913
7074
6973
7134
6963
7024
7023
7094
7023
7223
7043
7324
7204
7254
7274
7524
7414
7454
7384
7614
7575
7644
7524
7655
7664
7704
7644
7904
7855
7925
7875
8046
8055
8195
8176
8096
7985
8877
11682
8225
8185
8295
8165
8356
8275
8445
8426
8586
8436
8596
8486
8777
8656
8686
8766
8877
8827
8896
8867
9148
8957
9178
9097
9408
9198
9308
9137
9348
9147
9368
9197
9438
56747
9799
9427
9548
9458
9538
9468
9738
9638
9728
9568
9748
9719
9839
9828
9929
9858
9989
9869
10229
9999
10069
10059
10439
10239
10309
10350
10310
10089
10190
10149
10290
10330
10359
10259
10440
10399
10480
10400
10550
10429
10490
10530
10720
11442
14427
10560
10560
10700
10640
10690
10780
10630
10690
10700
10840
10770
10881
10800
10910
10690
10711
10630
10841
10690
10930
10771
10930
10760
10951
10880
11011
10911
10921
10880
11151
10921
11071
11031
11141
11121
11211
11011
11301
11171
11251
11321
11432
11291
11382
11251
11221
11141
11141
11221
11312
11311
11271
11371
11382
11321
11362
11441
11612
11332
11452
11391
11572
11511
11602
11451
11712
11521
11662
11652
11882
12543
14547
11722
11972
11752
11843
11822
12013
11913
11942
11793
11952
11862
11973
11862
12073
11923
11983
11963
12023
12053
12063
11923
12233
12133
12333
12243
12414
12273
12364
12203
12514
12314
12503
12624
12774
12754
12814
12905
12654
12684
12563
12633
12604
12624
12684
42891
12744
12694
12764
12794
12934
12815
12804
12785
12954
21230
13065
13075
13285
13175
21220
13876
17363
13295
13505
13466
13656
13616
13645
13605
13715
13606
13806
13826
21731
13776
13836
13726
13916
21831
13966
13857
13986
22132
13966
13997
14306
14277
22202
14307
14567
14507
28433
14497
14818
14758
14908
14878
15089
15088
15118
22643
14958
14988
15068
22593
15029
15088
15088
15088
15139
15009
15189
15739
31580
15209
15128
15099
15359
15359
15439
15409
15520
15490
15520
15520
15910
15700
15799
15640
15859
15870
15910
15819
16141
16150
16160
16221
16260
16281
16300
16211
16320
16301
16310
16281
16451
16381
16411
16471
16731
16582
16851
16772
17102
16952
17102
16842
17293
17112
17342
17213
17483
17423
18294
17403
17503
17273
17293
17383
17433
17403
17563
17463
17583
17653
17563
17684
17713
17724
17813
17674
18054
17823
17874
17914
18094
18034
18135
18064
18374
18225
18174
18235
18304
18314
18375
18395
18745
18485
18756
18645
18695
18605
18855
18786
32632
18845
18936
18916
22251
18916
18875
19026
19246
19176
19146
19156
19567
19317
19386
19447
19517
19517
19567
19477
19497
19667
19587
19707
19828
19727
19697
19697
19847
19848
19857
19737
19878
32010
33002
26209
19947
19857
19957
19877
20158
20258
20228
20098
20238
21060
24005
20409
20709
20468
20398
20218
20488
20458
20589
20449
20909
20749
20800
20609
20860
20799
20769
20880
20960
21059
21100
21040
21200
20909
21069
21110
21631
21340
21451
21260
21551
21691
21670
21701
22002
21912
21852
21891
22082
22022
25207
21641
21932
21741
21811
21701
21751
21791
21791
21781
21941
22001
22112
22122
22272
22091
22042
22102
22312
22102
22332
22192
22412
22202
22473
22333
22423
22372
22432
22432
22412
22312
22342
22342
22583
22553
22593
22442
26841
22612
22673
22643
22602
22603
22593
22642
22753
22632
22683
22753
22833
22933
22884
22743
22983
23084
23123
23134
23133
22873
23194
44855
23234
23093
23334
22903
23133
30838
23063
22833
30968
23004
23003
34765
23133
23204
31198
23074
23354
23064
23184
31069
23364
23284
31319
23424
23464
31971
23495
23304
31369
23614
23435
31299
23524
23455
31620
23524
23815
23675
23824
23614
23885
23685
44013
24245
26950
23825
23755
23765
24025
23825
23654
23765
24105
24045
25458
23995
24175
24165
24125
24296
24446
24336
24246
24225
24456
24335
24576
23885
24426
24105
23985
24065
24426
24145
24205
24126
24236
25127
27211
24175
24426
24266
24336
24355
24526
24456
24396
24476
24496
24356
24487
24496
24777
24626
24437
24376
24616
24587
24466
24466
25007
24746
24997
24887
24807
24827
24866
24847
24947
24957
25047
24947
37140
24817
25087
25027
25458
25127
25328
25228
25448
25408
25388
25328
25568
25538
25678
25438
25589
25538
25538
25367
25639
25318
25428
25468
25428
25438
25458
25418
25498
25528
25558
25438
26450
28364
25468
25448
25679
25678
25718
25699
25809
25779
25859
25939
26110
26009
25859
25989
25888
26039
25868
25959
26380
26190
26299
26199
26169
26240
26130
26149
26240
26299
26280
26229
26370
29335
26209
26119
26631
26480
26500
26470
26700
26680
26791
26621
26871
26841
26891
26880
27001
26900
26760
26369
26751
26460
26570
26690
26670
26700
26730
26740
26820
26901
26921
26891
27733
30236
27051
26961
27121
27091
27171
27111
27321
27271
27361
27422
27481
27492
27381
27442
27633
27552
27582
49664
28072
27712
27983
27972
36028
27953
36027
28043
28283
28293
55415
28444
28434
36428
28484
36419
28654
36309
28654
28814
28814
28825
36829
28704
36930
28824
29085
36819
29105
37040
29165
37160
29787
29666
34335
29716
33303
29395
29676
29636
29856
29676
29816
29836
29926
29676
29716
29706
30096
29956
29786
29947
29946
29847
29966
30087
30157
29936
30017
29977
29926
29907
30016
29946
30407
34044
30478
30417
30528
30247
30437
30498
30738
30808
30908
31029
30948
31009
31049
31048
31339
31379
31329
31259
31479
31590
31680
31740
32000
31981
32180
32030
36239
31970
32051
31429
32131
32171
32030
31860
32000
31860
31930
31840
32020
31951
32000
32141
32261
32111
32041
31961
32181
32141
32241
32201
32181
32281
32331
36088
32381
32231
32191
32281
32361
32371
32250
32230
32852
32542
32581
32622
33002
32932
32973
32952
33062
33132
33272
33293
33373
33202
33272
33273
33674
36659
33663
33483
33754
33584
33674
33654
33904
33934
33934
33874
34165
33944
34034
81303
34726
34845
35257
35116
35507
35407
35176
35246
35487
39344
35667
35507
35567
35487
35587
35517
35677
35587
35577
35787
35757
35607
57308
35777
35767
35898
44013
36078
43683
35918
43532
34816
50365
35106
43151
35287
43092
35226
43371
35267
43381
35687
36048
43942
36168
44184
36118
44063
36248
44103
36319
43041
36408
36679
37501
44745
37611
37641
37681
37851
37732
38021
37941
37791
37852
37401
37711
37420
37722
37721
37691
37421
37942
37971
37941
37922
38102
38843
39114
37641
38192
37981
37981
38021
38653
38893
38973
38864
39244
38963
38943
38853
38963
39053
39074
38994
39675
39284
39304
39274
53540
39334
39414
39384
39725
39654
39745
39584
39935
39764
39895
39054
38161
38001
38072
37881
38172
38072
38122
38092
38332
38242
49183
38162
38393
54914
38322
38603
38643
38713
38793
38913
38873
38893
38913
38692
40276
40897
40837
40977
40867
40877
40827
46618
42531
41077
41258
41288
41308
41388
41378
41358
41578
41398
41518
41438
41449
41418
41288
41358
41698
41618
41719
41047
43092
39725
39905
40036
40236
40136
40647
40647
40777
40567
40717
61005
40597
40707
40567
40456
48922
40968
49113
40867
49213
58049
41709
50115
50234
42280
50124
42490
42259
50736
42390
50355
42329
42320
50495
42420
62548
42460
42590
49152
42460
42671
42510
42700
42791
42791
41939
41568
41718
41488
41528
41569
41949
41648
41739
41678
41598
41889
41438
41679
54523
41889
41819
42009
42039
42049
42089
42039
42150
42139
43161
43542
84820
43672
43632
43612
44053
43823
44033
48301
44183
44213
44103
44013
44264
44143
44243
44233
44203
44294
44214
44454
44884
44654
44234
44263
44424
44474
44373
53531
44544
44584
44523
44624
44734
44825
44554
44764
44935
44744
44854
44975
44915
45125
45195
44995
46187
49934
50796
53451
49974
49994
49904
49974
50666
50365
50566
50475
50785
50616
50605
50445
50966
50706
50886
51066
64692
50495
50436
50485
50896
46468
45356
67197
45516
45526
45687
45435
53551
45595
53741
53641
45687
57218
53982
45766
53941
53882
45986
53391
53541
45516
53501
53591
45726
53601
63960
45687
45866
45756
45826
48952
46016
45886
45917
45977
45927
46057
46047
45976
46357
46177
46057
46127
46337
46327
46237
46287
46568
50295
46648
46428
46958
46808
46888
46608
46708
46698
46748
46758
46859
46728
47349
47800
48301
48060
48001
47920
74370
48311
47920
48001
47830
48021
48101
48050
47960
48061
48091
48070
48481
48331
48581
48461
48151
47680
53881
47790
47710
47840
47811
47880
47990
47660
47870
47770
48140
47820
47920
47640
47880
47840
47910
47861
51928
47991
48281
48521
48441
48331
48461
48501
48592
48541
48622
48671
48982
48621
48692
48571
48802
48863
53792
48802
49302
49003
48922
49062
49073
48872
48903
48903
48933
49193
56787
56216
49443
49163
48902
49313
52980
49423
49373
48711
48962
48782
48672
48792
61777
51898
51897
56687
52229
54212
57228
57028
52369
63490
57027
57238
52459
56987
57208
56858
52679
57167
57107
52158
55454
60524
50696
50405
50836
58491
50655
50705
50996
50766
50836
50775
50876
50746
50916
50895
51016
51117
51156
51087
50966
48862
60084
49252
49332
49053
49002
48932
48952
49183
49212
48992
48922
49002
48923
49172
49073
49223
48962
48972
52820
50004
50476
50385
50696
50465
50375
50625
50765
50715
50526
50776
50906
50846
50835
50755
51106
54743
50826
50856
50966
50735
50846
50295
60334
50205
50115
50245
50345
50345
50324
50335
50635
50546
54894
50455
50555
50565
50706
50686
50746
50966
51157
51036
51296
51146
51116
51126
51457
51317
51397
52168
53941
51357
50866
51427
51326
64301
51637
51487
56186
51146
55815
55695
51226
55575
55325
51988
55003
55615
55755
50876
52369
56036
55665
51127
55956
55806
50976
60344
51226
51397
51397
51527
52278
51627
51638
51547
52058
51577
51557
51637
51607
51958
51908
51717
51878
51798
51887
51908
51967
52679
52098
51888
51647
51898
51958
51808
52008
51827
51918
51988
52178
51958
52128
68418
52269
52198
60965
52018
52068
52059
51928
52188
52169
52118
52289
52158
52749
52279
52729
52779
52890
52799
52679
64241
52980
52790
53070
52889
53010
52989
53070
54031
54272
54242
54202
54313
54493
54422
54272
61696
54613
54353
54423
54432
54543
54452
54492
54673
54884
54563
56266
56006
56176
56146
56036
66285
56386
56256
56496
57989
57629
56546
61295
56326
59562
61506
61526
61345
56747
57979
64170
58390
53611
56697
58601
58340
53701
57478
58290
62488
54203
54062
54242
53881
54042
54603
54212
53831
53761
53591
53621
53681
53771
53651
61636
53571
53642
53591
53581
53561
53631
53811
60374
53701
53862
53952
53742
54142
54102
53992
53951
53891
54332
53992
54122
54012
54182
54163
63389
53951
54142
54282
54292
54162
54322
54252
54593
54683
54773
54653
54603
54623
54342
54462
58189
54803
54552
54543
54493
54683
54653
54543
54482
54633
55164
55544
55635
55435
55555
55454
58490
55715
55475
55534
55645
55645
55895
55825
55915
55845
56055
55985
56176
55986
56306
56526
60434
56666
56827
69791
56637
56827
61005
59843
56206
59713
60975
61015
58791
57008
83617
60233
61446
61506
61947
57859
62027
62087
66295
58289
58200
58170
58430
58490
58460
62348
58260
58811
58720
58801
58851
58850
58821
58631
58500
58640
58500
57077
57338
57348
63981
57699
57489
57979
57869
57689
57949
57809
57458
57538
57890
57588
57929
57569
57678
62087
57659
57839
57920
57869
57940
57909
57999
57879
57950
58119
59882
60093
60073
60044
65964
60344
60404
60333
60284
60264
60324
60263
60354
60404
60484
60424
60504
60284
59752
64161
60173
59973
60023
60023
59893
59942
59873
59842
64001
66736
59873
59963
59983
64341
60074
57709
71064
58310
58240
62959
62838
62979
58801
61796
63299
63089
63440
66335
58451
61226
63099
63480
64912
62889
60334
69692
60494
60504
60354
60414
60754
61265
64581
60825
60775
60885
60825
60934
61295
60634
60354
60524
60594
60534
60674
60694
64852
60905
60915
60905
60714
61075
61065
60915
61246
61075
61356
61566
61836
61716
62588
61857
61877
62137
61916
61937
62057
61927
62077
61787
62158
62729
62878
62938
63009
66506
63169
63289
87475
63099
62979
63289
63370
63209
63159
63319
63299
63379
70172
63340
63711
63670
63800
63971
64050
63750
63800
63901
63950
63921
63921
63930
74921
64011
77055
64201
63930
63941
68188
68600
68569
68770
69110
68900
64282
69881
64561
68820
68900
68940
68990
72136
64131
63910
64161
64021
64130
64000
64963
64061
64051
64141
64120
64030
64742
64632
64702
64852
64612
64401
64662
64521
68820
64732
64882
64962
64893
64962
64952
65063
65483
65293
65513
73018
65443
65794
72386
65945
65995
65915
65794
65763
65784
65834
65584
65884
66095
66094
66155
77035
66665
66966
67076
67137
67547
67528
67577
67918
67958
67948
67958
67988
71415
66876
67017
66876
67137
66786
66886
66756
66846
66977
67166
67206
67207
71114
67207
79951
67437
72056
72066
72267
72567
72116
72386
70883
67838
70763
75532
72376
72657
72306
72717
77085
67647
68159
68088
68148
68169
68119
72316
68519
85060
67848
68269
68059
68299
68289
68319
68328
68629
68329
68990
74821
68810
68750
68830
68939
68910
68970
69090
69050
69231
69071
69271
69120
79189
69471
69451
69461
69611
69571
69852
69721
69661
69561
69661
69831
69551
73438
69781
69662
70202
69631
69801
69922
70052
70042
70162
70162
70292
74370
70493
70112
70302
70152
70383
70413
70533
70393
70743
70773
70854
70713
75171
85701
71204
76535
76123
76364
76144
76163
76484
76544
76454
81304
75562
76164
76795
76694
79971
71475
71585
71785
71836
71775
71865
71495
71585
71434
71454
71345
71615
71445
71885
71696
72005
71695
72026
71966
76434
72106
72196
72086
72206
72146
72476
73117
73389
73228
73318
73238
77145
73048
72937
72757
72787
73138
73408
73339
73458
73418
73599
73448
74180
73368
73469
73458
73659
73809
73909
74109
74110
74230
74250
74079
74901
74049
74330
74100
74240
88798
74220
74300
74320
74250
74370
74320
93797
74310
79359
79189
79209
79190
79510
79139
78909
78828
79279
83407
79460
79390
79519
83898
74821
74881
74670
74570
74630
74690
75211
78708
75021
75272
75372
75462
75693
75543
75713
75513
75943
75693
75803
79459
75863
75994
76134
76384
76664
76444
77085
76925
77205
77206
80512
77216
77065
77285
77295
77125
77726
77796
78097
78197
78027
78177
81393
77837
85782
77726
78197
78087
78288
78358
77826
77867
77896
83838
77416
77366
77617
77376
77747
77646
77596
77816
77887
77907
77647
99848
77697
82145
82636
82145
82646
82095
82215
82024
82125
82946
81483
80511
82586
83297
77576
77526
77786
77546
77687
77627
77926
82025
78067
77967
77967
77967
78157
78088
78378
78197
78077
78268
82115
78157
78338
78288
99808
78598
79089
78918
78889
79230
79410
84639
79299
79410
79169
79369
79430
79620
79560
80271
80181
80211
90651
81724
80341
80171
80291
80492
80411
80441
80501
80561
80682
84379
80382
80342
81042
80702
80963
80943
81002
81013
80952
81183
82736
81393
86432
86723
86022
85872
86082
85992
86413
85972
86332
105659
87345
86834
90220
82525
82315
82585
82575
82576
82616
86674
83007
90951
82916
82896
82847
82395
82435
82576
82625
82535
101111
82536
82505
82215
82646
82686
82586
82606
82796
82666
82616
86934
82916
82857
82836
82726
82866
82907
82977
83267
83027
83347
82966
82635
82976
83347
83508
83587
83667
83448
83597
83547
87275
83187
84079
84219
84169
83958
84058
84218
84339
84359
84609
100830
84659
91232
89158
89007
89148
88917
119215
88677
88667
89068
88898
91353
85331
84569
84749
84870
84910
85150
85081
89769
85351
85020
85221
85190
85281
85331
85200
85231
85381
88697
85321
84950
85361
85070
85171
85151
85381
85370
85411
85581
89418
85892
85862
85862
87074
85951
86192
86233
86313
86283
90039
86152
86302
86072
86092
86112
86082
85932
86263
86163
86433
90310
86644
87054
97473
88136
88186
88126
87996
88436
88427
92224
88026
87745
87925
88597
88737
88767
89018
88908
88917
92725
88637
88617
89629
89589
89549
89719
89398
88978
89318
91903
87725
87575
87695
87856
87906
88116
87975
87976
88106
92685
88767
89619
89408
89569
89609
88456
88567
88737
89188
93256
89088
88777
88958
88927
89008
88807
89088
110949
88998
95149
88758
89188
89498
89288
89268
89288
89399
89599
89548
93185
89228
89348
89468
89578
89349
89408
89438
89469
89969
93917
89558
89469
89799
89689
89679
89769
90391
90460
90741
94318
90501
90581
90390
90430
90661
90661
90721
90671
90511
93987
90080
89840
90260
90020
89839
90180
90110
89849
90069
93606
90511
89850
89969
98496
89689
89830
90060
90140
90410
113012
90119
90380
90842
90891
91181
90711
91282
91192
91272
94167
91142
91272
91282
91492
91552
91452
91723
91322
92525
91753
91462
91743
92213
91973
92224
92153
91893
92194
95951
92264
92525
92284
92845
92474
93075
92785
92986
93306
97824
93296
93486
93106
93306
93476
93556
93827
112082
98466
93527
93657
93706
93727
93797
94157
94358
94078
94148
98446
94408
94488
94327
94809
93727
93746
94178
94298
98255
94148
94458
94328
94348
94638
94548
94819
94599
94528
98916
94418
94628
94778
94909
94858
95099
94818
94879
99277
95230
94688
95009
95190
94939
94879
95219
95049
95581
98967
95169
95590
95450
95821
104336
95179
95449
95209
99487
95409
95470
95590
95510
95571
95751
95740
95891
95670
98826
95750
96111
96432
97023
97303
96983
96853
96511
100910
96953
96892
97013
97153
97313
97113
97293
97364
114075
97053
97944
97624
98065
98095
98265
97885
98265
102133
97574
98085
98115
98075
98185
97884
98065
98095
122902
98065
98085
97975
97994
97984
98155
98185
98255
102754
98235
98515
98486
98035
97724
97895
98195
98055
98345
106180
98015
98115
97915
97844
97894
97894
97774
97774
100840
97914
97824
97644
97563
97453
97473
97774
97955
102684
98366
98285
98235
98326
98115
98225
98345
98034
102393
98395
98585
98556
98867
98596
107312
98396
98836
103545
99047
99067
99137
99106
98916
99026
99618
99257
103575
99257
99527
99397
99497
99347
99578
99697
99467
103595
99587
99698
99538
100049
99567
99678
99778
99698
104156
99888
99848
99938
100058
99136
98776
98766
98726
102643
98696
98626
98666
98686
99387
98786
98957
98917
103074
116450
99608
99147
99317
99167
99117
99748
99628
104898
99978
100429
100349
100299
100379
100410
101131
101201
107723
100670
102033
101972
101611
101842
101592
102093
101862
106751
102193
102062
100749
100640
101010
100950
100760
100459
105078
101190
100890
100820
101080
100780
100800
100770
100950
105429
100810
101051
101190
100951
100990
100790
110047
100690
105319
100580
100470
100659
100389
100830
101612
100740
102373
105319
102513
102092
102182
102613
102473
102533
102263
106000
102383
102062
101932
102323
102794
102503
102493
102574
107001
102032
102594
102062
101702
101611
101582
101942
102042
106190
102123
102262
102203
102243
102092
102163
102142
102173
106440
102072
122962
102172
102022
101892
102343
102604
107462
102784
102804
102363
102383
102373
102724
102443
102554
106721
102734
102433
102503
102564
102363
102683
102473
102362
107322
102804
102894
102944
102803
102803
103304
102844
103025
107272
102834
103305
102954
103706
103365
103736
103716
107833
104066
103805
104577
104698
104777
104567
104607
111300
108083
103895
104066
104297
103595
103876
104266
103845
103124
107222
103615
103715
103295
103295
104036
104186
103895
108193
103274
103786
104056
104206
104347
104497
104797
104477
108264
103294
104056
103295
104577
104126
104026
104366
104096
106450
104386
104847
103565
103495
103365
103255
103475
107593
103545
103575
120898
103555
103635
103314
103715
103595
108675
103605
103635
103755
103886
103796
104127
103786
105368
104557
104767
104828
104738
104867
104858
105038
104617
109386
105068
104387
104277
104547
104407
104537
104637
104647
108595
104747
104658
104497
105198
104877
104767
105128
109496
104988
104807
105479
105699
105709
105529
105559
105609
118824
105509
105128
105218
105408
105419
105419
105559
109656
105770
105759
105709
105529
105569
105780
105909
105769
111119
105729
105659
105639
105869
105719
105820
105499
109647
105459
105589
105418
105689
105900
105539
105729
105799
110108
105910
105909
105750
105869
105780
105829
105880
109887
105950
105920
125016
106471
106411
106441
106701
111580
106270
106390
106240
106480
106941
106531
106140
105780
109907
105769
105709
105669
106160
106351
106090
105859
109457
105398
105629
105509
106501
106500
106681
106550
107172
111540
107393
107533
107062
107583
107432
107332
107743
115638
106971
107032
107132
107072
107272
107342
107383
111009
107332
120988
107112
107041
107102
106992
106841
107052
110378
106891
107252
107062
107102
107202
107192
107232
111400
107232
107202
107242
107222
107332
107132
107613
108304
107332
107492
107242
107282
107583
107332
107333
107222
112162
108314
108404
108444
108585
108674
108674
108555
113254
108545
108204
108354
108224
108464
108635
133863
113114
107984
108053
107412
107372
107623
107232
107403
107813
110168
108024
108054
108334
108574
108564
108925
108584
112602
108364
108354
108455
108013
108334
108214
108054
112211
109066
108996
109186
109175
108795
109887
110028
115547
110498
111220
111240
111169
111050
111349
111460
111991
111140
109927
118994
109647
109566
109877
110528
110558
109507
110839
109436
109787
110037
108996
109987
109045
112352
108705
108945
109035
108385
108244
108595
108425
112442
108264
108424
108715
108404
108454
108334
108624
112973
108604
108905
108915
108976
108505
108865
109416
110859
110288
110428
110167
110358
109797
110087
129535
110628
110127
110038
110157
109977
110178
109857
109967
110408
115157
110809
111079
110728
110037
109917
110198
109967
113654
110027
110128
110007
109496
109407
109987
109566
113174
109517
109587
109606
109576
109666
110327
110137
113804
110248
110228
110749
110518
110288
110648
110378
114696
111480
111249
111500
119736
110959
111039
111450
115518
111250
111090
110638
110658
110769
111019
110519
115227
111079
110979
111199
110858
110889
110919
111140
112242
111419
111490
111360
111400
111270
111540
111330
111320
115247
111420
111510
111851
111300
111580
111249
111079
114305
111089
111550
111280
111310
111480
111781
130025
110819
110879
110879
110969
111490
111851
111470
112291
114416
111710
111821
111981
111430
111370
111339
111810
115558
111720
111600
111690
112192
112432
112161
112142
116249
112281
112101
112462
112322
113063
113103
112853
115939
112773
112703
112783
113153
113404
113774
113955
116410
113654
113514
113614
123222
113434
113383
118363
113925
113934
114306
114125
114416
114005
113985
118544
113894
113584
113594
113404
113474
113524
113594
117391
113344
113554
113484
113635
113353
114055
113644
117922
113974
114145
114235
114235
114245
114246
114176
118643
114536
114506
114415
114786
114987
115548
115317
119736
134243
115257
115167
115137
115387
115066
120767
115268
114385
114535
114436
114516
114556
115267
117161
115006
114906
114626
114455
114536
114616
114926
118604
115066
114756
115237
115517
115398
115368
115858
119846
115668
115698
115918
115688
116199
116380
116409
120387
116589
116399
116269
116609
125297
116840
120537
116820
117552
117201
117110
117080
117441
117281
120597
116940
116690
116800
116590
116709
116810
116961
120256
116900
117160
117211
117081
116990
117070
120848
117572
117221
116109
116069
115858
115989
116399
119996
116009
116479
116018
116138
115998
116360
116339
120217
116229
133261
115848
115949
115748
116770
121399
116600
116279
116519
116239
115998
116259
116159
119956
117101
116981
117342
116991
117020
117331
117511
121539
117140
116810
116569
116750
116340
116640
122020
116500
116650
116429
116359
116590
116559
116780
120748
116740
116650
116790
117231
117411
117321
117742
122371
126759
117131
117452
117391
117722
117902
122591
118603
118223
118513
118133
118433
118463
118193
121879
118022
117581
117562
117842
117742
117872
118143
120687
117221
117051
117011
116930
116860
117011
120878
117190
117151
116870
117090
117040
117060
116790
121038
116950
139062
116660
116469
116460
116740
121309
116790
116590
116930
117000
117421
117291
117431
124474
117962
117221
117341
117892
117362
117352
118193
122531
118042
118132
118233
118193
118172
118674
122290
119065
119305
119546
119194
119576
119515
119315
123693
