902
671
842
972
1222
1223
1353
1543
1853
1794
1823
1974
2084
2134
2304
2364
2875
2846
3075
3216
3156
3317
3587
3787
3637
3877
3947
4167
4198
4258
4318
4388
5090
5080
5350
5330
5370
5661
5751
6011
6142
6292
6542
6462
6292
6462
6673
7033
7094
7193
7474
7654
7705
7695
7855
8175
8306
8466
8646
8916
8947
8987
9067
13506
9548
9889
9809
9929
10199
10169
10560
10841
10930
11070
11061
11602
11692
11612
11492
12163
12173
12223
12374
12554
12634
12754
13025
13155
13576
13395
13635
14016
14066
13937
13836
14458
14758
14768
15018
15189
15179
15319
15560
15730
15930
16120
16101
16401
16692
16962
17172
17603
17303
17082
17382
17413
17894
17774
18054
18294
18374
18535
18786
19026
19036
22523
18064
19658
19917
19316
18755
19006
20739
20910
20168
21410
19697
19607
21370
21560
20238
19847
21480
20819
22362
22663
22833
23474
23394
23474
23805
23915
24276
24116
24336
24385
24075
24746
23184
23274
23244
23795
24225
26199
24125
24316
27993
24696
25328
26630
25658
25327
25538
25548
26009
26179
28033
26199
26420
28634
27732
29306
29446
29826
29385
29516
29736
29916
30126
30287
30388
30888
28183
30868
31169
31350
29606
29826
30237
32701
29866
30948
31139
30578
31389
31449
31740
31059
31450
34265
31770
34545
32141
32762
35316
35477
32902
35407
33393
35707
36018
33974
33874
36028
34365
35217
35838
40968
35828
36870
35647
35678
35768
36800
38483
37751
38202
39154
36659
37180
39043
37010
37251
37451
40376
41128
38512
39204
38623
38473
38051
45776
42150
41960
42179
42310
42470
42130
42901
43422
43031
43562
40416
41308
43582
44133
44333
44394
44784
45345
42731
43431
43092
63629
46417
43372
43652
46508
44463
44123
44104
44895
44374
45064
45737
45656
48271
48261
48541
49483
49764
47780
46428
53731
47058
49994
49924
50405
48842
47470
51396
49143
48421
50895
49232
49373
52038
51136
52669
49574
50415
50826
57559
53661
51477
50205
52028
51176
54714
52238
51608
54863
55675
55284
55996
55975
56667
52650
56586
54152
52789
56967
54773
53881
53931
57569
57979
58289
58640
58269
58710
59251
59742
59292
60163
60183
64252
59382
60985
60414
61135
61706
60564
59182
60133
59091
57629
58220
62588
58570
62056
62758
65774
63019
64031
64261
61175
64973
64853
65093
61857
64893
61776
61466
61456
66125
65603
68760
64041
66626
65754
62659
64772
67286
62478
67708
68449
68509
68940
69060
69391
72797
69551
69000
69441
69661
69932
70673
71695
66305
68519
66615
66145
69691
66745
74029
67857
69631
71735
72536
72597
73098
73899
73349
73980
73949
73799
74470
74250
71205
70192
76384
73488
75642
76133
76474
72808
71776
72978
74811
78137
78488
73638
78748
78779
74280
74461
74150
79199
79409
79580
79680
79791
83176
80652
80812
81083
80591
81063
81313
81885
81113
81865
82245
83017
86523
83246
83257
83407
83848
85010
84449
80531
81153
80201
85231
85831
85190
82195
85702
86603
81083
83798
86433
86914
86743
87474
175991
89969
88076
88526
89027
88938
84499
89689
88437
84469
90020
95049
90160
90280
90430
91632
91562
90931
90711
88556
89268
95880
87134
86633
90230
93336
92745
93025
93607
94058
91282
92344
93567
89879
90610
96692
90180
96542
92805
94598
96602
97483
100128
97404
91954
96362
95800
98505
99137
99858
99096
99387
104667
100219
99707
101090
100740
100580
101071
101111
101161
105769
101741
102663
103355
102754
102123
102944
120788
102964
103505
101782
104376
98946
103876
104337
104647
105168
104988
106591
109766
102733
99488
102614
106411
106050
106851
107713
104207
111240
106702
106792
108334
107703
103575
108735
109727
109336
112853
109807
110929
110668
105519
111410
111450
110879
111159
116489
110689
110418
106891
112512
113144
111029
112683
116149
113363
112853
113383
113945
114506
115238
112362
109416
117692
115427
115838
114416
116008
116430
110418
117662
121770
117151
118092
118093
118894
118854
118934
115458
114115
114306
120126
120587
121609
121449
120287
120547
121909
124585
121268
121700
122801
122912
123042
122300
126258
123012
123993
124525
125216
121809
124405
124875
129644
126208
125898
126198
118443
127440
126659
126729
131307
127170
127991
128763
128923
128903
128082
132099
129645
128903
130606
129614
129984
129364
130075
133602
130175
130797
131628
132269
133632
131157
132049
132821
126628
124995
133232
131187
128061
132149
133902
131607
132820
134083
132810
136477
136818
141277
136767
136447
136457
132309
137580
138391
141727
135145
134905
134403
137429
139443
140274
144422
141707
140976
140074
140725
141106
141557
145854
141296
142077
138651
139022
136387
136317
145043
143531
140234
138601
143651
142649
143771
144322
144893
144803
144322
140615
144122
148089
145884
144412
143089
144171
146796
145454
146476
145885
145814
147448
145584
147578
149642
151396
147618
147718
149090
149492
150163
152567
151375
152016
151065
151736
151595
153289
156074
153649
153179
153579
153539
153419
161965
153819
153109
154441
155012
154661
159009
154100
153790
156224
155102
156254
156395
151115
150173
157276
157497
158148
151426
162026
153369
157467
155903
159341
155463
155192
150113
154752
159670
161024
160934
156094
161194
157106
160643
161384
163047
165772
161895
162787
163568
154721
155212
167015
163368
164900
165222
165132
166053
170361
165432
165031
166694
166474
166735
169860
165381
158830
167095
158929
167426
172605
167706
169309
167425
169630
168357
171484
161053
171123
165291
169950
174579
166664
173006
172755
173958
174860
178166
175280
167085
171463
172956
174880
178446
177294
176492
175490
176713
180279
175631
175691
176082
176914
176973
180901
175721
177114
176382
170441
176903
178577
178005
176913
178777
177435
174839
179568
175541
178156
180821
184398
179829
181933
181823
182985
183716
183436
181713
181953
181212
183506
186322
182774
176132
185670
185309
189196
178106
184778
185009
182895
185590
186000
182484
182975
186001
187854
186852
187504
187464
188185
183065
184588
189727
180440
185800
189757
200999
180691
187884
190719
191030
189958
190929
191992
191762
193324
195538
191911
192112
193625
192222
197452
194597
193074
193896
194035
202813
196270
196740
195999
196981
201861
186702
196660
197302
198343
201600
197142
198344
200067
193254
202492
198153
199025
190519
197623
198925
201820
200938
201840
196270
206388
192914
202392
201590
198835
205377
200238
201951
203072
203664
208102
203393
204485
201490
203072
202271
204746
203353
198514
200528
203884
196711
206068
206319
211658
197382
203744
207020
208663
211579
206158
203082
209956
200888
214154
210186
210015
202522
214644
201991
209264
211078
211538
204706
212761
211699
208283
211528
218362
213652
212661
214334
214875
214284
214124
215506
217520
215426
211208
203724
217580
219674
216217
214885
217109
213222
221889
218151
219724
214805
222289
221217
220906
220966
220355
223762
221007
220235
221387
224614
222890
217700
223792
221969
212861
215045
224122
217059
226787
223111
224102
223230
229202
220766
215115
225985
225044
229813
227078
225575
226627
230835
228421
229272
220055
232779
230004
229913
230203
229242
232949
229863
231787
222790
230495
231887
225084
231767
234973
230895
231897
231796
223291
232478
232198
233731
237578
234001
234071
231175
235213
238048
235333
234953
234602
239301
237227
236516
236696
240854
236706
237377
239010
241335
237237
238239
237537
242176
249801
242868
239781
238980
233009
236295
235324
247917
233059
242427
243359
243890
243028
242728
242998
249510
245864
244831
246845
249740
245583
246735
246284
250271
246354
254890
246634
250252
237427
247837
247546
251714
244611
248578
241886
241816
248748
247246
249099
253598
249931
239441
247447
253248
244671
252446
238810
244791
246143
251675
252506
256744
254410
254169
254790
256824
254519
254921
243779
257986
245182
250061
255391
254149
255661
249771
261312
257365
250903
254980
259570
255432
258457
257475
262705
259509
259379
259679
256343
260651
260090
263667
260230
259990
259139
264298
254419
262374
259498
262455
262324
262736
263396
266512
263126
265561
269017
265189
264909
265911
270840
264498
265000
266812
270239
266382
266693
269768
267965
268185
267704
272454
269047
269428
268867
268646
271422
270019
273305
268526
269939
270820
268325
262414
268076
270850
276310
273756
274648
266623
265721
274668
263587
263466
266041
277002
275609
269518
275338
275540
279156
276431
275950
272984
275680
275018
276210
281580
277833
278114
276832
282212
278976
279497
282863
279246
278585
279777
285858
281470
280959
284165
278255
282543
280058
287061
281590
283003
284886
282412
279958
286951
283404
284005
278775
280668
285107
274207
276501
285718
286369
285758
289626
287051
287000
291048
286319
286590
289596
293032
289345
289545
293363
289656
290577
295286
290026
287101
291268
293112
287812
289225
292081
286280
291390
291940
295236
280469
290748
296138
290047
292230
295417
292611
293613
294565
294294
295236
293353
295016
286800
296489
297180
295266
289866
297480
301518
296619
298182
302571
296379
299083
302700
299875
299244
299675
291720
291549
292411
301358
299514
296930
304134
295938
301568
305616
302019
303812
308010
298052
304464
303742
309814
300897
302570
309032
308251
308721
312519
304915
305907
309824
305536
306328
310204
308321
308251
303863
305736
307399
308001
313070
307629
307429
316165
307820
304854
299675
342285
312970
317739
312799
312509
316897
311547
312829
313361
312769
312108
303242
316596
314973
316256
318821
314904
317398
321045
316416
316626
320254
316437
317749
318971
318961
316697
314783
318650
317529
322487
309423
318470
323199
318119
319872
322928
320885
320244
325132
320634
320724
324631
321536
319332
319732
322718
321767
322738
326516
323159
322408
328239
323219
324150
328479
323921
325874
329661
326345
318330
316366
323510
315054
324662
328509
327407
323880
326886
328749
330522
330132
328760
334440
329029
329791
332767
330663
329962
334761
328880
325132
331485
329631
327727
336494
333368
337947
331645
333268
335683
334791
332737
327638
333909
335131
336975
333068
331454
338498
335813
335773
339950
339459
338027
342366
337115
338879
339690
338167
339379
341383
332617
339499
340802
331825
340301
344659
339499
343838
343166
342886
345601
340702
334701
341514
334741
340842
344219
342646
341553
347946
343888
345070
346122
345321
345882
351723
341784
347355
344419
341403
343968
344268
344509
350090
349218
350941
354087
350931
350410
356131
351132
353947
352946
351783
352875
349969
350391
353706
351232
352955
356682
348387
352103
355180
351042
357984
351733
355109
357113
354097
350891
358866
350320
354258
356191
356040
359818
356451
355800
356672
355851
357213
357463
360410
350169
360839
351373
359317
359237
359457
363014
359567
360509
363945
360129
360570
364417
361441
365138
363756
362232
366590
361952
362984
366420
363625
363134
362784
362273
367553
359337
366150
369156
365699
366470
368254
365840
370027
368153
370147
373574
368134
370128
369015
367252
373063
368975
371530
374155
370929
373944
372131
352545
371029
371200
371420
383963
373394
375468
373193
372772
378583
373053
373344
371931
369086
384494
376790
374555
379645
376249
379796
377401
376239
380316
378102
377041
381379
376689
382851
379515
382150
384995
383533
378013
370809
376149
371359
379805
380357
385576
385847
388402
384905
384595
389995
396907
410323
405314
402569
398501
477961
432626
450949
444868
384284
388362
385927
386338
410664
386539
388472
381349
387580
388932
387771
386538
386468
388672
393932
387891
387841
394764
428667
434088
420613
400825
398130
395064
396577
391157
443535
489994
491847
414301
418208
413640
396847
387881
410744
437825
432305
420392
409001
405454
441823
435952
453325
405414
403050
413700
433837
435831
447103
412737
408660
457241
469865
492578
442184
431193
430021
418368
432776
414762
414922
409622
427596
433597
432996
436082
432224
438146
405164
404532
427315
433256
442214
425151
430040
521783
443145
431894
440490
439057
441122
443245
438366
440109
435961
436873
433136
443285
431503
486727
492559
459446
423848
420933
458995
466269
462421
428608
445500
436923
448896
440370
437084
442904
434158
432545
531751
436262
428909
434179
418799
417426
422335
444408
456860
439188
444948
431342
458313
454987
452823
422687
422126
427085
427145
433888
441482
457552
451120
430452
422045
459315
429920
423027
425582
422786
424660
436102
441161
436502
434359
436482
430391
432124
425251
563251
484323
462412
428567
419871
470516
483110
461098
427887
434870
450849
433968
428497
432626
427505
436162
429409
432585
448805
458303
461379
532073
457001
444387
442885
436082
480495
477781
467801
434489
438907
433006
435701
438697
435060
462071
436652
440651
439628
443766
436192
435701
450398
436343
445540
526553
454115
469475
477510
466689
464686
458303
478371
465797
461930
446221
446321
452953
454095
455529
439538
446141
445910
457392
450128
467541
464685
461710
441772
531762
486767
492868
473652
462412
450730
468643
468102
461299
448314
443385
459075
454286
478191
454647
459025
449988
454206
447664
456070
451090
449116
448345
524128
454847
449277
467050
470407
476828
484563
487969
465588
460367
455448
458834
451050
456640
475576
455088
475506
472039
474323
451741
454777
488381
504130
560847
456079
454988
464215
463193
469064
468743
473842
515181
518177
477640
464695
479663
518918
507487
479784
469264
468372
458413
464265
509811
523507
494482
500634
473673
472059
484553
473552
453855
470868
479403
500192
464505
487518
487108
558733
550908
510792
489352
474895
460588
497097
485645
498460
508318
529728
507697
525170
508108
476428
521282
657539
633965
499932
474254
489322
497487
492087
471388
469405
515952
513097
488460
469324
473101
470316
477960
495374
478672
469424
489572
483972
491376
479884
483080
499912
489483
489222
506985
486466
485235
476689
477860
461469
477119
473422
481217
476758
479654
502456
490224
492548
483841
495484
592676
570846
559594
527083
489642
478251
486386
478111
492057
477280
487128
459877
483812
478331
483311
479043
485494
496485
486026
479884
486236
480485
482469
490865
509039
483751
485675
482729
483541
481868
498349
484483
490565
486697
491807
482028
489953
481387
491085
504190
496085
489021
492047
488351
502517
489151
511754
490995
494461
490865
495965
490384
499331
491826
496516
492207
497908
487008
496406
485054
497908
508538
496926
492508
496826
501646
498049
494772
500654
496636
498971
494972
501706
497046
506164
494752
503198
507917
508739
497998
503068
497538
503408
512265
503900
499191
515772
528746
501355
503929
501054
500594
493640
506575
488781
501795
500984
508418
504691
510322
503910
508318
502006
506605
504220
525500
503539
520911
507266
512385
506454
504381
500854
510442
509380
510712
509239
497458
515261
514670
511514
510782
513778
505562
514229
513177
537542
510813
546450
511083
516222
511553
514900
511153
515742
515411
519309
512806
515872
519890
515291
518667
514880
518246
518206
520391
513789
535359
528837
522595
518206
521071
517866
523446
525410
522715
524789
511323
506614
520591
524048
520350
525701
507797
511664
510912
525049
520440
549205
524128
526372
522304
527765
527424
523266
525149
524098
518096
513047
527174
521773
535649
527053
528435
525580
525640
519439
511524
525770
542041
531942
528135
531492
528216
532954
530019
533926
528816
536561
530339
535278
537804
531221
536060
530941
538955
529908
535319
531001
547131
532253
536411
538755
534968
536020
523547
526993
522935
539797
534888
531592
524759
538094
539867
535309
530810
533566
535809
525079
543384
550207
543484
537764
542552
540799
538023
543615
538275
540158
539256
541571
542612
549726
539397
547782
545728
542903
547481
543915
546419
554896
548554
543474
547482
546279
544215
548173
585183
686143
635036
639995
556608
557500
551209
545538
539637
543364
548874
539887
552581
551378
545218
553473
552441
550006
553934
541911
547091
532203
554696
549535
554215
563852
550167
556999
552291
546239
552190
551228
572299
554715
561889
553083
556969
552091
558011
553493
543474
551299
549626
557200
558433
559585
555337
562570
562690
561608
564494
558984
578069
557811
565295
562610
554295
560827
553433
563773
556959
563502
570024
559774
571527
564373
566918
564233
568110
565545
561878
582959
563592
570505
566968
565837
586616
563943
559074
554264
569493
570245
566698
601824
566227
571728
563673
574543
569423
555466
570334
625729
555327
566007
565867
555968
570585
572228
542893
575374
572849
564403
584702
562990
567008
570785
576917
579232
574983
606412
575965
570205
574934
565456
578440
574843
577729
578611
573080
583088
580153
603557
588018
568472
586876
567149
573040
577418
617954
579142
565195
586415
581616
577358
569192
565485
584010
557581
585393
579071
588689
575575
563421
584071
580744
592286
590413
584471
651758
582968
584742
591254
585614
598988
596634
585593
590643
585463
589090
593378
592607
594390
588258
590944
591595
590944
644214
590292
591715
594140
590843
595903
589540
593769
594610
590773
597626
604328
586274
594310
581656
595853
594440
595893
631720
585012
597365
583780
589641
597677
595061
596584
588048
595141
593799
593689
583840
599880
593338
592387
599058
600571
632963
597816
598798
595682
609629
603357
600852
604179
601554
608236
605812
612323
605601
605230
603357
606633
599600
598207
631831
603247
610190
605942
605150
606002
605090
607706
611241
598618
605130
618075
609108
605871
592987
609148
610521
605451
658250
605932
606503
610611
582608
610390
600020
611642
588910
602085
609899
601293
623334
614498
599891
615860
611382
613486
645887
618666
600231
615099
612514
616962
616863
611733
597226
601583
612514
611202
614027
613546
604960
614878
611953
612855
643422
622754
618476
621802
610150
616412
623154
622312
622503
624186
618976
635007
625689
618585
624206
619858
619217
624197
673248
624587
618796
619487
622012
617664
621661
627632
629276
620439
629105
641960
625168
629245
625028
640747
630438
662679
633053
637501
627282
630729
627673
623384
636309
632091
621752
631290
643773
631059
633254
629476
632312
653341
636028
696222
626351
617183
627482
627121
628083
620600
634305
627883
644424
655735
626190
637701
627532
638954
635888
631880
708055
640808
638563
640346
641589
636349
642491
644344
627753
637431
659673
638183
641098
642531
641769
643353
636339
694358
647270
648452
642601
645516
639285
653020
646629
640186
645616
661557
645196
647831
644825
642751
646228
647841
688327
653041
653321
650656
650867
632391
646258
639976
646127
640156
661987
658871
646257
642060
640117
635156
683688
644374
630468
642982
658641
643813
648422
649634
636799
679080
703646
677687
664442
658019
659292
662389
656256
691594
656177
654243
640416
643031
648853
654544
653742
651197
648552
661427
660013
656738
652099
653862
648211
641849
692295
657198
661306
660605
657790
648412
654162
659953
657830
661777
662649
654233
649223
660134
664112
663961
702915
669231
667347
663661
664642
642801
660815
667829
649675
664011
687686
668780
670443
667097
674751
670703
666335
696312
667247
666606
679300
673690
666286
671295
669621
665173
674200
686183
669100
662839
665765
668580
672457
712783
652058
670033
673159
653882
666977
668670
664442
660064
682406
689569
673859
676104
678148
673909
681574
724305
681784
678198
687005
679441
677537
678769
681614
674571
666786
685682
679661
676144
677657
680823
674201
723083
682326
665243
704778
684951
680442
668129
680211
680031
684139
699468
676565
678528
681735
682727
677697
724385
689750
685431
687425
686754
689840
682866
689750
685742
687015
702183
698245
684189
689709
689529
689880
719165
691563
691713
686313
687045
691914
687015
685482
693497
696052
704287
684971
691523
690952
695911
695751
728894
685411
687325
696653
691272
711180
695832
700309
696302
682385
708636
683498
696222
697865
691313
693136
738051
700159
696592
702253
690672
683247
696332
693907
694519
703566
706130
703676
692174
701472
700510
745735
695581
704017
704247
700871
700510
700339
700120
695030
695090
705890
700951
709286
708986
706461
700570
777134
708204
709748
699298
717151
708795
699127
696171
696111
770963
837318
774559
712963
708525
704066
797502
711942
714416
709797
709728
703225
710199
698777
703175
871833
722852
711159
709006
718144
714547
759932
717101
717842
706701
717231
721019
714506
709327
733673
738301
720959
715739
788175
857846
721530
798524
720818
740575
720648
716790
727541
711150
722842
803705
804155
724525
725366
720638
721680
725998
736006
708705
720768
723173
729264
716750
724856
722060
722120
720607
729024
730507
730487
689950
727801
748019
723132
724925
731168
732811
727009
726279
731228
727310
725738
728703
730206
731798
729765
735065
751245
732610
727220
731127
737489
735085
721840
712402
723153
733442
733832
753149
735286
736107
732490
754592
737620
722261
732731
735005
732570
734023
732791
728633
741026
735636
735636
717952
730487
726218
747759
739473
739684
717913
726289
735336
733342
720498
737690
744503
739614
739283
746757
742119
755554
738422
744853
742429
745504
738041
728292
737901
736407
740716
755163
745705
746597
744683
740455
750203
747488
748931
747028
743591
748551
747348
736037
737580
742890
749723
726929
744813
750384
740756
757949
748671
750885
751886
748982
750033
742910
746857
748340
755133
752318
753780
754021
749613
763388
750835
755213
754271
754181
753940
753159
748951
755513
754882
754592
723473
748761
751316
752026
769300
756115
752859
758650
758339
753339
758149
761194
757126
763048
761134
746256
744002
763328
769019
762526
762206
758279
759521
762226
763218
766885
762797
769550
762096
763248
754361
758920
752848
775682
764109
762577
744833
785680
758710
761164
763238
769711
772686
770472
764050
766614
769480
783376
770121
760913
766354
771173
769470
755353
761114
764410
772986
777525
764120
763989
761696
775020
774640
771894
772946
776783
773848
763609
763218
774410
766273
782644
772255
778798
772495
768468
792143
767476
769300
770262
767897
770962
788325
786803
784558
771754
768999
758930
769500
778376
797412
778216
784348
775682
784268
780751
759741
787594
787834
792824
782114
786001
763910
789648
800268
786041
781873
788496
782765
785530
786361
784929
791612
787604
786131
791401
780932
786752
812101
788155
787574
779839
785650
788486
775031
788405
788475
785891
761254
791492
778888
782995
789628
782034
779960
789037
779108
796891
793595
792373
803614
780640
780020
797202
797282
808724
786652
799136
797142
792473
796551
795529
799937
781904
797703
802623
799527
805047
801781
815366
799517
800028
793636
793535
796240
807121
801551
787715
810908
802021
788416
793144
796030
831546
811870
794096
788346
799116
790089
791671
801219
816298
806770
802211
801941
797984
822921
810006
807942
803033
805327
790599
810798
810517
795890
815136
815938
818262
817551
806400
819224
809966
811900
812942
813192
820396
790831
811649
809615
816649
809846
805908
788957
808273
794176
802171
822339
822029
814385
817421
814455
802051
821427
812982
817551
819734
816118
832909
816749
813242
822620
820355
818623
819904
817941
813623
818772
822200
824012
823221
832299
820225
818132
813042
822990
826888
825114
819143
820436
826217
818793
818482
819955
820777
837107
827599
823622
827530
827108
821398
826578
832118
833661
828481
830094
829502
824343
843148
829263
830515
829563
834403
832970
835535
832809
878435
833621
836115
825977
801991
846404
838029
835243
838329
821338
825536
836786
834151
837048
835203
835915
836286
813884
846405
835996
835615
835744
842217
832328
839893
837819
844541
837869
838029
838289
837448
856735
838550
838179
837558
843069
834072
832088
850373
852356
840123
832399
819925
842497
844992
843900
845443
842588
845653
841576
846816
840544
854129
850633
846184
844752
844582
861293
845082
845393
845103
850292
832779
839582
845473
844932
848649
850833
858538
855382
865992
847286
836897
846946
847537
849550
840514
859509
857706
841385
848689
835795
858086
874658
853478
853669
846876
826687
853699
854961
856785
865351
851975
849471
859399
849651
868747
861583
858037
858277
860702
861142
860481
856414
866373
859239
863176
861884
875660
853549
847778
848088
857656
865692
877804
848088
858357
855542
858587
842848
859599
858658
870580
864118
865260
846455
856904
863677
867475
866092
866904
865120
866492
865381
885058
865922
871412
852777
881030
857977
863087
865049
876873
864669
860311
854550
868186
885308
870620
872665
871021
873376
868737
871272
864478
848729
878215
861764
876772
899464
870039
867865
868687
868186
869589
866643
868666
886220
878906
872635
877303
875520
895668
869448
851193
875068
873886
874137
874898
885729
877905
872264
882283
879276
883274
880739
860201
877743
857195
868206
875980
879918
877013
882563
863607
876451
872975
894295
887662
892411
885579
884056
886190
876071
1136151
1092508
884978
1352098
1128557
880189
889656
886510
891039
889105
886971
899094
876091
895607
891720
885298
934130
882824
886871
892091
889546
879838
878816
877192
904314
887793
885749
893304
895167
941575
878536
880169
886561
883125
890478
880569
902621
874228
894666
903813
900177
930463
883545
892151
898032
896248
876391
892762
915334
880079
901759
891951
894475
930985
897421
887101
903883
901619
905556
892472
911548
904724
903743
901469
887032
890358
955330
887292
906498
899325
901499
895096
918451
907710
907139
904224
900958
935353
907881
904985
907610
907831
1107808
946273
1010484
922959
927017
943899
920525
943307
937126
903272
922388
912870
912159
948958
943247
909344
913782
944850
935543
930783
909193
904304
916327
917359
938999
950481
942997
922078
946633
914864
953637
965550
954238
947926
966201
961702
950851
1033658
951974
966612
955260
966000
955020
930503
929681
933910
930303
914843
981369
975958
960389
934211
941564
981870
953276
932026
938909
929541
933239
946673
1011837
954639
926395
928620
946243
951573
927327
936034
942877
934942
941714
997430
958576
939941
933018
942005
954608
954468
950851
950120
942857
954929
937757
969287
952825
950400
956763
960009
987019
942807
951613
946704
962514
947105
941645
1001668
955480
956642
958356
1006396
967242
935813
958546
957064
969417
954709
967894
952966
946774
995415
984736
1000425
956232
947415
956432
962383
979325
981258
970389
986138
963916
963315
999734
974276
970900
963536
960971
966822
976309
987992
955260
954638
967082
1010564
973274
968304
958676
971991
980347
959128
973545
974245
970739
975057
998902
976199
960600
965850
964798
956041
970949
985457
971851
957985
974887
972783
1009994
964407
978924
990005
978374
978964
1007839
997951
978724
967292
970378
1008150
1000576
980357
988373
980277
965058
982371
1012789
974456
982071
980678
1012949
981950
978103
1038798
978674
968855
1015594
1018870
994284
981239
1023087
1025813
1005094
984626
985246
985898
985206
1028819
989404
985777
983574
990426
1022677
981779
991518
984665
991187
985046
977031
1005444
989664
991068
978113
982451
997269
991589
992531
991598
989354
993241
1008670
981029
980848
993682
996237
991939
988913
984125
968484
1006577
980247
998121
992430
995286
998562
1009051
1019020
996417
1000746
1001287
985497
1004402
1004823
1010614
998010
1004353
1005865
1005364
1039258
994524
1012538
995206
1001337
1054056
991939
992460
997460
1000796
1002619
1000685
998923
990827
975568
1004232
1002278
1001106
1007268
1007208
994484
998591
1005875
1015043
1009893
995576
1004372
993251
994945
992671
1011406
1010494
1013019
1008741
1000855
1001447
1001507
1032887
1054076
1047323
996918
976991
1009122
1004192
1001176
995416
999613
996247
1042134
1010605
1012688
1016265
1012869
1012759
1016976
1012317
1012267
1015183
1011316
1008110
1016124
1008891
1017137
1013410
999163
995956
1007157
1005705
1012487
996678
1028187
1024831
999032
1000576
1010664
1014301
1002369
1022958
1028408
1015703
994183
1023058
1018950
1015844
1016395
1037314
1004243
1015173
1008400
1017508
1025352
1024600
1025332
1007859
1024149
1038367
1041542
1031594
1021895
1020904
1011455
1017688
1039398
1024671
1033478
1028387
1027166
1023007
1013299
1021364
1029450
1028258
1027135
1082770
1018429
1024130
1029169
1014642
1030532
1034800
1039829
1034259
1032907
