511
2845
4088
5661
8105
10600
13035
14838
17263
20860
22713
44163
8887
9458
10019
10189
12083
12734
13305
14397
14788
16150
17022
17353
18174
18415
19387
19937
20439
21150
21461
22392
23936
25077
27091
27221
28083
28835
29816
30678
31459
32481
33093
33623
34946
35296
36229
36989
37580
37952
45136
39515
39865
40697
41178
41659
42239
42981
43802
44524
45325
45325
46618
48251
51497
56186
51617
52309
53842
54714
67838
56897
57669
59202
60053
61345
61887
62158
63751
64372
65604
66685
66696
68018
68108
77265
69400
71235
71965
72547
73167
74150
75031
75252
76364
77256
77716
78909
87775
79089
80722
81524
81173
82335
83036
83938
84128
85051
84579
86022
94238
87215
128292
90210
89428
91943
104617
113574
99738
93195
94538
94297
94708
95009
96021
97123
97213
98285
107773
103695
102934
103956
105559
107082
107864
109166
110959
111531
114776
116911
115067
125366
116299
119775
119715
131768
163929
160813
148750
159941
143531
125516
126779
137689
129203
130085
131508
131568
132589
133631
141216
135695
136126
141267
136988
139372
139042
145604
141587
141687
143250
143209
145224
146005
166003
196550
175731
184518
150053
150624
157216
151125
153259
154070
154772
154982
160182
157096
157096
158138
158658
160903
161945
165682
162296
162847
163768
163749
164881
168557
165562
167926
167605
167836
204435
169579
170582
171083
172125
172455
186672
174048
176462
175280
176302
213562
177674
178096
176883
178546
180169
185019
184528
184999
182844
181572
187143
184087
185339
184948
186251
191511
188244
188095
188635
190208
189537
195990
191981
194096
199245
194206
197302
193775
194727
195899
195879
207441
199106
198814
201369
250853
213011
201891
202060
203414
210476
214173
208813
210237
213242
238540
224423
219393
220686
225875
220846
229773
224282
230094
226787
227448
227649
228190
238680
233921
237047
236055
240713
238219
239672
243058
256173
243189
243980
244911
255662
247025
249340
249740
253157
249170
250322
250302
257295
251985
253628
253107
259399
257495
262234
262074
266553
264308
264439
267645
274096
265821
265701
283715
272173
271011
271401
276280
271111
270740
275530
276942
277092
319923
283304
279547
276702
282913
279216
280870
289827
296118
292992
293113
305094
293112
292582
301408
290988
292311
293904
298232
293904
294355
300146
297270
302229
306668
324462
303642
316075
303682
311036
305836
309945
308051
314012
312879
308962
311617
314903
312218
311807
319071
316266
314924
321606
316236
318410
325603
321255
328499
387059
323449
322778
331054
322908
323710
328549
322578
324432
329902
337866
345842
359608
340812
338939
350050
335983
339780
341984
331304
332927
337686
340301
342916
348848
345641
346743
349459
344759
346774
347706
349299
350651
346383
348336
350480
345572
345672
352374
351032
365138
404572
369416
370959
370949
364167
382611
358515
359057
369927
357824
377511
358566
379966
477640
513898
529047
519459
435220
399733
373394
364837
368985
383573
371500
381399
384966
372362
378062
371019
390847
438326
502116
380237
381539
385827
398741
385526
408690
382671
383423
386869
381789
386959
405294
384224
387981
383863
388101
386097
393783
406355
393762
397720
393692
393341
393722
390526
408319
404742
399423
404732
398210
399001
404211
394533
399283
395325
402709
399954
417797
418509
487608
419170
409161
418428
406276
405494
409422
407067
411826
406817
414702
409351
412237
440289
418629
431323
418389
421515
415784
422526
420221
416304
423578
417657
419200
424920
423348
431363
426103
431192
423237
426895
441011
429269
434799
431643
438526
434189
446181
466358
461259
444307
448635
449236
448024
460788
457061
462952
457532
528996
460417
464145
457081
467090
457632
461619
465888
465307
471999
471138
482019
471248
489853
483662
487138
477820
481628
479153
485505
482850
487378
483911
488701
484974
493430
513768
495373
491516
493129
491436
495854
491897
495163
503739
510953
519970
516744
504020
503689
498309
505884
506475
576195
529678
531952
532834
540949
527844
732129
758760
761575
760313
758419
620719
537823
528155
541180
527634
544205
533445
541691
531251
541931
531181
539787
537172
531652
539026
537152
554735
545438
553332
589371
561088
565735
542993
541340
537132
563652
548102
565005
558853
554124
558031
548684
557681
557340
573491
557120
561949
558422
551880
562530
561147
588148
572539
570815
582878
641339
579112
578410
575024
579302
573811
576827
571897
577429
573741
578951
580003
576547
579562
577929
603407
611212
581025
588098
598788
599049
600862
593809
592457
589301
588609
587767
595281
602625
606472
607665
598568
596214
619848
597466
611873
665524
614478
626641
611823
607004
605852
605081
609498
614698
611092
618305
617213
629436
618195
611522
628073
617494
616702
665895
633995
624086
627733
621111
623284
624236
622313
627061
630969
626771
642721
638924
628995
645526
677136
657428
640106
633153
632582
639625
650135
651127
656257
639455
645777
641899
634625
649885
650696
661927
654613
643773
644335
642671
684159
666396
660084
702093
684660
693537
659152
652309
669171
660094
656056
665564
669281
756075
681875
686103
664252
680783
684330
676895
706922
946143
710780
675222
661136
666997
680753
681614
683037
691162
691913
677918
695240
688687
687976
693146
686874
678609
699117
831948
682627
696082
701341
763438
692936
692906
700290
692064
718524
722462
712102
705028
705068
751987
702323
697334
702934
704999
702243
704718
717211
705670
709678
714716
714907
708064
716510
711831
704217
706942
718434
716390
747378
749812
709597
729905
714506
724836
721670
737941
714096
722662
730736
722832
723113
718503
719987
723614
730687
729254
728302
731558
726970
727330
723744
722843
736938
746597
738702
739674
733692
735767
733753
738522
732881
732801
766064
744132
741677
784599
735035
737690
742048
761926
763569
770011
804837
738742
749683
753430
766314
759120
755884
782244
757127
754271
751066
746557
754251
754662
781162
750053
757047
767606
763559
794137
752889
762197
797102
763459
755955
748961
775070
814494
816719
789468
784848
778697
769030
795439
779308
783215
795008
786713
784358
766674
790059
779559
816408
797983
781342
781002
774981
794177
787103
781453
819304
781593
780100
782254
861754
819794
795108
783426
780751
783326
785150
837679
803504
793385
820977
792474
796802
799536
795920
786833
786973
806510
805317
803123
794878
808834
810658
816298
822921
801711
835494
820756
803995
808754
812962
802483
805198
805849
825104
891079
877924
847267
798725
818572
819534
819113
819665
811258
816138
824974
817571
813723
833240
832970
834743
874268
897942
822029
824764
843780
832268
829362
826988
826177
824634
842348
836387
832168
907339
922659
926015
866834
838871
830254
836386
883685
856003
855882
843910
837448
865060
882663
853038
852706
836836
835976
838631
841235
853067
867174
860832
857866
846916
925153
891850
929732
861043
866483
878085
862415
851795
850472
874638
884437
877834
848298
878976
875760
867916
870380
871371
862966
862325
857145
864900
867785
895507
889646
950361
881220
863628
872574
868075
872193
872985
865390
875469
873856
889476
881732
870140
918140
888755
887082
876592
881310
890147
883585
883505
880860
874177
909273
944230
909654
939922
897150
897190
897000
904765
903442
905987
910696
911106
923971
930724
937527
937106
924592
916417
925534
927888
929071
921707
982782
931565
1003752
947926
937697
969116
952295
954559
939721
933539
930002
950652
960159
966792
954489
944430
983263
947786
951533
967463
968335
959818
955971
958927
987491
979625
968004
989534
1009532
975167
967694
969677
975308
973013
976880
987240
993752
974286
986218
1002519
987751
1004563
992540
983343
987942
1012037
987311
991589
1053114
1043607
1001638
989194
991990
1012618
1004804
999924
1003541
1001056
1034780
1028538
1033607
1019932
999623
1011796
1019221
1015233
1007830
1008269
1012638
1027507
1014722
1066459
1042404
1030101
1016205
1016555
1020352
1063154
1044959
1035400
1058665
1040650
1063795
1031513
1031694
1028168
1051041
1055939
1050329
1064536
1422230
1342600
1723988
1676208
1680958
1739859
1688622
1692469
1796675
1879251
1745409
1764054
1883520
1746110
1735931
1811133
1850978
1813087
1786066
1683883
2017942
1723558
1751701
1787698
1827304
1799371
1820680
1847291
1839065
1477564
1299850
1218445
1187909
1124048
1231661
1169284
1175415
1279832
1346858
1303086
1541825
1749807
1353531
1421989
1626214
1454952
1270955
1130731
1180764
1266126
1107898
1122034
1172489
1168071
1093310
1092018
1114270
1112486
1273590
1112607
1139697
1194070
1116423
1151450
1120672
1105313
1112667
1156559
1281976
1120381
1184081
1133055
1154375
1154285
1126653
1121453
1127956
1144988
1164354
1286474
1160106
1143545
1152903
1140950
1130881
1137974
1144406
1301492
1233895
1149706
1146591
1156148
1152081
1182899
1158884
1142854
1201784
1297765
1166909
1155527
1148925
1156019
1158202
1174824
1161398
1176336
1504585
1153294
1160196
1186606
1177158
1162991
1158032
1161358
1176026
1182839
1163994
1189542
1186205
1180033
1172329
1168652
1187077
1173140
1179993
1177659
1198979
1229747
1188970
1196625
1179513
1192116
1185634
1184251
1200553
1188510
1209830
1206022
1195753
1201394
1197998
1195002
1212565
1282076
1218646
1206213
1222123
1206904
1200803
1228875
1231741
1204750
1206944
1202877
1243694
1241660
1225439
1207395
1207776
1215099
1219598
1223325
1213847
1251699
1228966
1208948
1210791
1218827
1272097
1225870
1239706
1217895
1224999
1240407
1277607
1239746
1281224
1222574
1243724
1270764
1256147
1244636
1241299
1242311
1254624
1239646
1230458
1253542
1271246
1236390
1235388
1259023
1263280
1249294
1247911
1272679
1258541
1268019
1257610
1274792
1256598
1261677
1268229
1265285
1266276
1270774
1287847
1276315
1265334
1275523
1285102
1270995
1288789
1285012
1292826
1280653
1276946
1274081
1282878
1284761
1283187
1273009
1272137
1282858
1294509
1299128
1286204
1280914
1284380
1282536
1280163
1288137
1294920
1318053
1311652
1290071
1283879
1314637
1322673
1300220
1310560
1285122
1323614
1325297
1291574
1283648
1289099
1288197
1315749
1297986
1301182
1299759
1308916
1304639
1303817
1293037
1315409
1333463
1322813
1303356
1338151
1322442
1333953
1330918
1305230
1337420
1334064
1329104
1312222
1345916
1326198
1321079
1328373
1352328
1328704
1343892
1359091
1355584
1335036
1331028
1365834
1339754
1340936
1346037
1328534
1359271
1363159
1331439
1329164
1343141
1355765
1342209
1358129
1364221
1383637
1337129
1356616
1347520
1360624
1347460
1359592
1366044
1361074
1344864
1360203
1363509
1360533
1372406
1361515
1361896
1369841
1354192
1380562
1380280
1365744
1361065
1391572
1371724
1363810
1380822
1362548
1357788
1386072
1385210
1372486
1372676
1377445
1392574
1371645
1369371
1379620
1377045
1374189
1399587
1393286
1373789
1385470
1391542
1394357
1405579
1409215
1403465
1386863
1376975
1445504
1394858
1396621
1387855
1398515
1398034
1404707
1397624
1377625
1399307
1425306
1413123
1413814
1387334
1403154
1424404
1401110
1403524
1422691
1405208
1401771
1403505
1427189
1412501
1407091
1416639
1440925
1425586
1403484
1417090
1420426
1415387
1445744
1442428
1434423
1424715
1434794
1445564
1420366
1419735
1426357
1459300
1435485
1433592
1439722
1430185
1437839
1442889
1419695
1444402
1439011
1455562
1436577
1440144
1446515
1439382
1456375
1463648
1431557
1477464
1481992
1439482
1445283
1464159
1533790
1435565
1456364
1466844
1449631
1452206
1447057
1447096
1467505
1473156
1475430
1445995
1494105
1466894
1449050
1466333
1452286
1477173
1472996
1472094
1446576
1480590
1461614
1489928
1472705
1448880
1462416
1493063
1487993
1466313
1471493
1464239
1485900
1482072
1467284
1467145
1478797
1496831
1507941
1477464
1481662
1473166
1497913
1498684
1474879
1505647
1503724
1492663
1486772
1495889
1489557
1476462
1496330
1500678
1489236
1490379
1499165
1485790
1490869
1482524
1511679
1484587
1509555
1493354
1485449
1506579
1496560
1495117
1493744
1510406
1503473
1484587
1511117
1514944
1498854
1508743
1508202
1502622
1508072
1509404
1514213
1516167
1527218
1536736
1497392
1512760
1509805
1506549
1509154
1507180
1521467
1533740
1513181
1516528
1526006
1514103
1532278
1532898
1525304
1546524
1522810
1515686
1515896
1527859
1541013
1523851
1546033
1541375
1527107
1517910
1545031
1534231
1541945
1596508
1527318
1543859
1547607
1539201
1569718
1540983
1522349
1561993
1555481
1530685
1554078
1546955
1549149
1558827
1542507
1528871
1569418
1553347
1544541
1575329
1556152
1551593
1534682
1576230
1569968
1550182
1621805
1558427
1557134
1595186
1602860
1566261
1543488
1566071
1588824
1597720
1560370
1552946
1560711
1563787
1612669
1557434
1624220
1554559
1577172
1578013
1571281
1561262
1595627
1584275
1589525
1579216
1584977
1586540
1578745
1575349
1583734
1584576
1571311
1592541
1577222
1591158
1591759
1587531
1580819
1595016
1585848
1594494
1584986
1660589
1605525
1575028
1604563
1595466
1607769
1626144
1595016
1596088
1618209
1614392
1596768
1602810
1618820
1602991
1608241
1640611
1607599
1587101
1617077
1618109
1593392
1621375
1582932
1632997
1628048
1647845
1621836
1638708
1628318
1603140
1602339
1614402
1864042
1604714
1603782
1630322
1610765
1616987
1623239
1661811
1625613
1608020
1617218
1670969
1626765
1612227
1649528
1613731
1636143
1632286
1617157
1630031
1657523
1637065
1631925
1626605
1625132
1666931
1635532
1648155
1624281
1649058
1649809
1625093
1615785
1663134
1663565
1610224
1674004
1650480
1628668
1639229
1636855
1664136
1646402
1674035
1641593
1628057
1645972
1665118
1636404
1673443
1668604
1649438
1655289
1653786
1696026
1628198
1665728
1669296
1647524
1676289
1676038
1693100
1660889
1646332
1664796
1642606
1682219
1719009
1652684
1652394
1704682
1659367
1664857
1669075
1924016
1654047
1652984
1680427
1674635
1672963
1733246
1682550
1663755
1692510
1664566
1674786
1687680
1704191
1656632
1688331
1664006
1696447
1681859
1676088
1690385
1683994
1674425
1679424
1681649
1691226
1806423
1670157
1691347
1685215
1697419
1687700
1682841
1708078
1677521
1695154
1693571
1696416
1685676
1707237
1683712
1692600
1765637
1700023
1678302
1706696
1704431
1703029
1706776
1699483
1697850
1766849
1748946
1697639
1714010
1717396
1716525
1718538
1703621
1740640
1723728
1708169
1742002
1731894
1730050
2067867
1704382
1732064
1732836
1723617
1705884
1725422
1718839
1723537
1716946
1735190
1709361
1742173
1733627
1710603
1743946
1729659
1706336
1756259
1745609
1722175
1732494
1733617
1727686
1735210
1767791
1743516
1716555
1741983
1723177
1728426
1724009
1771668
1731783
1722456
1745940
1739027
1724068
1764806
1812866
1743315
1734007
1746871
1752312
1763312
1754697
1746140
1766378
1747923
1732795
1764164
1764955
1757221
1782168
1745549
1772109
1769755
1759446
1761570
1756480
1804921
1755147
1761950
1768933
1745850
1757241
1784332
1758734
1746841
1772279
1820531
1748535
1762872
1775856
1778831
1776388
1789492
1776687
1774894
1775416
1793570
1790434
1780195
1777439
1796244
1767511
1799040
1800733
1775205
1786276
1773361
1766719
1794101
1778771
1838394
1813166
1767250
1792627
1797537
1782629
1797177
1807997
1810311
1786857
1806184
1780776
1797517
1798919
1796425
1798158
1780926
1794311
1800523
1794472
1825049
1824979
1780976
1784863
1796595
1843423
1789863
1796135
1803689
1800102
1821913
1798979
1821221
1787678
1824398
1831421
1800793
1842522
1803689
1802416
1828716
1819028
1807406
1853122
1828055
1848413
1812525
1813958
1819749
1831692
1816843
1851118
1830859
1822865
1823727
1852591
1848613
1821212
1842893
1847461
1877658
1865044
1837773
1851729
1870665
1836641
1847401
1876746
1875825
1876787
1861908
1850517
1885653
1876085
1878329
1875313
1875364
1880664
1876065
1876175
1865515
1899779
1889020
1890392
1899690
1884240
1880182
1958520
1884060
1906833
1892586
1890432
1916722
1896133
1904609
1904669
1910670
1909378
1921631
1910069
1899720
1934856
1922322
1914608
1924205
1911372
1914207
1911983
1944063
1909478
1955134
1942871
1938663
1915890
1984128
1944555
1962197
1945896
1939524
1951166
1935998
1962438
1934876
1947039
1945266
1950185
1958651
1949694
1971425
1938914
1966776
1997284
1950536
1990972
1970212
1980392
1977727
1994038
1967557
1960223
1982105
2000750
1992174
1963820
1987465
1974450
1980742
1989128
1985030
1995429
1985111
1982827
1986703
2041397
1990791
2000149
1980823
1998606
1983428
2030737
2000740
2013664
1985852
2016470
2002613
2018023
2007462
1999848
2024615
2016420
2106028
1995420
2029784
2015999
2214864
2160340
2017882
2034293
2019606
2025937
2032590
2034844
2059150
2033832
2053009
2038271
2038050
2040124
2039824
2043821
2039182
2043611
2037610
2059060
2039893
2095248
2053299
2085109
2051846
2077835
2043520
2054201
2068758
2053690
2056835
2079949
2051125
2114845
2086972
2062236
2102261
2068117
2061975
2143289
2052427
2096060
2087623
2079187
2110286
2070863
2094016
2073297
2088315
2086431
2086422
2090058
2078427
2083245
2104406
2082724
2097512
2108643
2151114
2222739
2144561
2126447
2107731
2131215
2164989
2253236
2189275
2120906
2117620
2109415
2131377
2137147
2121868
2129072
2113262
2115696
2152196
2127699
2117951
2129924
2133430
2116639
2141465
2125395
2122139
2146174
2133170
2128541
2125765
2129473
2128530
2156644
2141055
2131647
2136756
2149581
2175810
2180338
2146474
2156774
2134833
2169157
2142747
2160101
2160812
2142186
2182313
2153638
2156994
2150172
2166382
2160921
2154480
2162264
2167645
2177684
2156764
2218931
2156333
2165200
2167754
2175679
2163596
2210445
2162144
2228308
2176732
2163757
2204935
2183053
2175920
2204023
2191630
2188153
2185738
2197261
2200036
2216977
2181821
2202971
2179316
2187072
2212078
2214302
2195807
2207760
2200857
2244058
2186039
2216607
2208080
2196248
2228198
2215475
2211958
2232596
2206527
2213210
2204974
2213481
2247395
2242726
2213752
2210515
2253075
2201859
2236163
2209984
2240502
2222819
2233689
2210115
2277140
2215425
2297279
2201659
2241844
2234370
2245792
2242145
2253316
2238858
2250361
2251162
2253005
2247745
2249478
2261452
2255470
2240712
2268886
2249479
2286057
2259858
2273344
2255250
2265799
2254518
2281199
2272412
2239389
2297679
2262022
2281799
2256702
2280257
2318428
2282291
2252615
2299813
2256252
2299853
2263776
2289585
2271059
2272161
2312848
2291217
2262052
2308049
2298190
2298331
2279846
2291868
2304362
2286448
2297900
2286038
2283673
2312538
2288281
2290877
2284204
2305384
2294774
2306417
2326143
2293742
2300455
2311165
2359216
2331764
2312498
2300315
2314291
2337634
2311275
2314812
2322386
2299503
2338126
2304883
2330641
2320222
2345379
2307758
2332455
2340230
2315242
2388421
2335871
2346231
2322716
2336463
2337455
2318299
2343586
2399241
2370236
2361610
2354357
2377981
2325422
2360508
2362030
2340270
2364505
2373592
2369455
2366168
2346382
2340410
2381888
2343967
2369945
2359937
2346261
2400814
2371599
2362641
2382640
2357202
2392929
2372290
2366149
2378522
2345309
2391777
2367932
2374154
2387849
2366369
2373302
2382018
2381146
2377230
2382830
2375245
2373332
2379624
2392468
2432945
2405864
2392277
2383260
2408348
2386056
2383461
2406174
2392418
2404180
2379163
2397468
2403729
2404961
2391185
2405022
2422575
2407998
2408198
2423577
2400132
2448824
2411273
2423196
2403248
2438705
2405623
2413247
2427083
2402497
2438795
2402917
2464764
2412937
2435078
2448603
2418668
2427755
2398620
2439607
2424398
2423457
2441310
2426232
2434748
2433696
2441330
2420051
2459815
2501574
2437232
2472639
2429638
2447682
2423627
2479232
2447041
2453874
2458582
2455988
2438285
2475545
2448654
2444997
2456258
2479673
2443464
2463201
2486426
2460386
2451139
2470656
2441100
2464945
2492005
2458823
2477378
2480684
2507685
2496605
2514318
2471607
2516962
2503036
2498548
2477047
2518826
2495943
2496805
2485674
2504940
2549244
2489792
2522423
2470786
2499500
2481206
2466247
2480705
2506623
2519457
2532573
2509880
2539024
2477969
2488309
2470465
2506423
2526050
2522263
2510650
2542410
2483329
2497727
2466728
2519337
2508406
2504099
2497506
2504158
2504048
2526711
2528033
2486045
2536109
2508076
2539816
2516282
2520940
2526832
2522393
2512384
2516442
2562959
2540217
2546108
2516942
2533283
2540427
2528064
2510150
2578969
2519177
2544895
2534466
2545036
2533033
2549174
2585091
2563350
2560364
2578789
2567067
2613835
2586804
2546188
2599057
2534666
2537572
2555265
2534155
2555165
2591463
2533123
2575293
2554113
2571155
2579420
2563411
2604397
2573920
2585582
2578078
2607143
2580202
2552390
2554183
2577587
2630838
2640475
2569231
2586293
2601963
2603907
2587115
2579901
2610398
2572376
2607042
2585121
2612042
2586354
2579180
2595861
2609347
2649323
2580913
2631268
2589961
2585262
2600831
2590401
2595531
2625697
2625818
2590051
2628282
2606231
2596463
2623494
2623544
2606381
2643832
2591814
2613995
2609357
2621590
2601822
2617822
2589960
2696762
2601922
2628974
2614577
2619966
2639714
2642880
2624595
2637841
2630807
2618154
2631909
2748038
2631639
2629324
2637049
2622522
2701730
2634594
2616050
2679810
2656896
2667205
2647659
2640866
2650785
2649953
2613504
2680180
2621971
2654222
2649903
2661184
2622672
2656316
2632820
2629795
2633812
2644674
2679549
2649472
2683536
2609898
2655413
2663719
2681392
2643110
2692924
2675472
2666494
2688656
2660824
2687715
2663930
2684388
2670051
2682906
2705608
2687795
2718512
2686372
2691421
2687885
2666054
2674850
2654983
2658129
2651627
2664430
2665603
2669210
2657267
2692182
2656606
2670863
2682434
2684819
2646657
2678527
2702783
2713673
2734633
2664000
2674700
2772544
2669580
2731797
2687303
2703664
2694197
2691361
2713543
2695579
2710086
2682514
2734713
2698836
2699166
2707482
2715938
2714335
2728812
2679859
2731687
2706189
2705848
2743670
2741876
2742558
2719705
2718733
2752026
2722560
2746385
2710618
2756875
2728010
2763286
2732118
2728491
2782854
2732018
2722740
2758768
2743610
2734031
2737608
2766783
2937244
2770571
2761153
2729683
2744681
2766402
2730926
2759149
2775600
2806859
2766493
2759009
2767735
2759670
2752426
2746686
2773566
2774227
2762665
2764840
2755943
2784778
2755101
2752777
2770731
2758247
2779588
2750112
2765350
2805786
2793955
2789867
2768116
2795146
2750183
2789085
2778225
2804886
2777383
2773716
2801709
2780839
2768316
2758838
2804635
2767424
2817789
2784507
2795498
2751644
2794285
2766142
2791370
2795207
2782052
2792823
2792592
2805636
2779788
2777213
2823861
2759960
2764409
2776582
2795036
2782604
2795928
2785870
2797000
2833910
2790508
2800467
2797532
2785278
2800056
2808102
2822609
2801108
2806048
2787313
2814363
2820635
2813361
2807390
2821186
2788655
2829562
2790708
2895686
2823721
2827678
2814965
2856242
2813311
2829512
2801529
2834100
2831154
2820284
2899764
2825915
2863876
2836775
2847265
2863275
2827198
2848507
2873715
2889114
2894273
2826266
2877161
2842856
2865068
2825364
2938066
2844429
2858676
2859559
2862344
2882551
2852014
2853287
2854729
2864958
2856322
2904814
2866361
2848116
2877191
2857754
2846314
2869827
2856413
2860159
2891568
2849238
2865910
2869337
2856072
2856373
2844590
2904703
2856933
2970528
2900034
2906978
2855451
2899003
2881730
2901707
2886649
2870519
2913590
2883503
2909802
2877001
2906176
2881129
2894234
2886699
2894544
2902690
2899003
2911587
2896408
2923328
2885818
2895577
2897589
2891879
2910203
2887160
2962392
2881269
2922156
2884706
2918459
2886389
2906596
2897179
2947975
2914933
2947765
2891207
2923369
2897319
2917647
2922246
3065447
2880688
2938867
2914672
2988000
2927446
2920964
2950620
2932616
2930351
2950399
2924110
2912037
2955229
2969555
2951862
2913219
2994352
3567452
2893332
2888473
2963814
2882742
2891649
2900956
3626223
2883363
2884045
3028156
3248381
2905495
2902779
2934650
2903882
2907899
2919190
2900846
2931554
2902940
2929240
2902600
2907318
2908650
2906727
2906958
2910314
2933167
2911697
2912358
2907749
2914952
3003219
2923629
2919401
2941121
2923348
2928458
2923749
3009340
2923699
2937104
2927586
2931023
2927596
2942635
2946823
2928528
2933087
2930232
2927306
2931183
2970117
2967892
2942304
2941973
2935071
2933728
2940832
2934660
2962121
2937415
2940741
2944869
2937806
2951682
3058103
3557844
2999001
3124608
2979985
2959076
3074113
2984814
3063182
2979134
2979755
2974665
2975056
2964937
2975366
2979063
2973322
2981758
2976559
3007397
2982109
2978883
2984554
2977190
2989663
3002888
3000043
2990475
2979214
2983862
2989383
2985546
2996717
3077789
2982420
2979003
2985967
2985546
2994673
3073972
2992088
2988982
2987249
2991848
2994503
2988431
2998069
3013198
2998340
2998800
2992919
2990685
3022606
3009631
3014360
3024519
2994893
3004461
2998109
3000404
3005413
3007176
3123505
3011163
3009320
3014721
3006485
3019249
3022866
3016344
3009280
3040449
3099510
3018948
3031192
3011385
3017165
3050348
3027996
3019830
3022355
3057801
3037253
3066969
3068552
3086355
3082528
3025641
3035179
3204678
3039988
3041050
3033606
3027525
3031161
3036502
3023838
3029859
3033886
3031683
3029879
3060868
3046761
3047061
3064033
3194469
3065075
3056850
3054005
3058724
3070035
3061428
3089080
3078891
3082518
3062471
3078591
3117424
3081837
3053984
3058413
3074673
3074974
3084623
3083741
3077559
3070636
3067470
3069063
3076207
3094311
3073161
3079352
3076226
3069955
3087969
3070896
3185212
3085875
3084622
3092507
4054009
3061829
3056629
3058934
3065476
3062210
3056249
3056810
3058914
3061098
3062070
3059014
3061809
3059786
3060977
3059765
3063342
3067931
3071197
3066057
3068692
3068351
3072569
3069173
3078431
3074293
3069343
3070606
3073952
3077209
3079443
3076777
3081657
3084402
3166196
3082528
3080345
3113226
3096164
3089351
3090503
3088851
3087117
3097346
3086576
3090773
3097647
3100743
3090824
3113927
3097396
3114218
3110511
3101023
3099570
3102597
3108407
3114819
3103328
3104209
3185092
3106243
3117925
3103548
3114478
3100923
3102616
3110100
3111433
3108487
3111202
3130650
3113587
3109810
3112615
3115179
3113136
3120981
3119158
3113227
3133344
3118096
3119167
3130128
3124127
3128184
3124287
3127693
3128064
3132292
3127403
3133674
3130348
3151468
3134506
3138203
3132493
3131009
3132192
3146158
3134026
3145177
3183759
3292834
3212523
3152540
3175473
3136450
3142702
3167769
3140387
3146058
3143523
3149795
3154715
3149213
3143403
3147641
3160846
3153963
3154644
3146689
3163701
3158652
3157489
3155015
3153923
3158762
3181865
4110085
3168089
3165635
4761171
3155727
3162689
3162569
3161106
3167489
3169412
3160956
3186014
3170013
3167137
3177647
3164022
3163871
3173049
3175393
3180573
3183508
3173139
3173149
3168220
3177627
3178610
3205760
3183538
3180603
3172468
3177016
3200671
3184490
3180313
3183188
3186334
3218785
3178409
3186544
3184811
3191493
3181494
3188809
3191023
3188027
3188979
3222802
3183448
3185031
3195551
3195662
3197875
3259501
3212503
3323552
3196814
3197524
3263429
3206371
3253250
3208005
3204639
3241177
3210399
3204458
3658644
3217412
3538337
3216981
3222352
3216991
3217673
3250815
3207685
3215469
3210560
3273488
3225267
3236900
3218344
3230868
3231368
3221049
3221681
3232631
3229204
3232721
3251527
3397291
3300549
3249233
3254913
3257008
3263620
3256727
3283306
3249332
3254773
3266535
3251296
3273118
3281293
3262637
3261675
3255474
3263860
3267146
3253240
3292494
3272847
3254662
3259932
3269751
3263620
3290790
3270052
3267938
3267046
3377204
3280110
3279259
3270603
3280200
3269640
3302383
3269671
3273408
3282305
3292244
3288456
3300249
3334694
3275141
3274661
3272707
3275662
3272967
3293486
3287555
3269841
3263880
3266465
3271835
3298125
3278868
3279069
3279259
3274540
3331638
3304948
3317411
3289949
3288046
3282895
3294929
3291392
3312452
3299187
3276022
3284960
3282004
3282315
3294448
3287003
3288176
3297934
3329805
3287124
3313403
3298465
3297844
3306791
3305558
3329424
3298204
3305458
3299477
3300689
3309175
3431035
3306470
3320947
3307743
3296642
3307201
3331107
3291422
3305929
3305077
3301371
3316359
3322220
3340304
3317010
3312532
3316840
3322490
3314335
3339392
3330375
3323403
3324283
3317231
3330526
3335545
3335134
3469277
3342809
3353399
3393164
3322901
3331948
3330125
3333932
3388274
3304366
3322771
3319134
3308955
3320156
3338942
3327921
3332910
3322009
3317971
3332629
3321629
3340304
3317451
3312773
3330145
3323623
3321108
3353329
3317771
3321479
3331077
3331998
3323433
3432989
3326478
3328522
3325516
3353489
3330525
3333421
3333230
3339722
3338761
3363928
3339582
3339843
3340124
3345895
3336888
3362666
3357897
3351656
3347117
3342879
3342589
3341476
3370942
3356714
3370881
3361784
3354090
3356644
3440953
3353910
3342719
3351094
3351495
3538007
3400056
3368617
3366403
3360021
3410998
3361063
3370981
3405116
3373797
3350202
3396079
3354672
3359370
3368477
3364059
3369749
3403213
3366193
3373527
3362396
3366133
3372695
3398684
3399966
3454890
3389446
3379478
3377624
4027549
3578643
3580847
3573293
3694722
3378746
3391100
3385590
3385219
3399635
3379327
3384828
3386802
3412380
3394937
3381862
3388014
3387232
3390679
3612928
3636291
3494384
3458847
3393163
3404325
3496308
3460711
3910458
3433189
3407370
3402461
3405697
3415806
3393865
3530763
3404374
3403613
3402270
3403914
3406228
3421437
3421588
3415536
3406839
3502129
3467374
3443368
3430914
3425234
3414023
3412009
3439701
3534179
3422068
3483263
3413352
3442587
3421136
3422659
3420615
3417600
3438208
3446955
3422519
3416117
3424262
3420986
3438329
3459839
3418441
3430985
3430363
3430975
3428911
3451403
3448448
3431997
3439160
3434692
3443949
3436535
3470089
3433199
3524240
3438509
3440734
3434361
3470840
3449049
3452526
3453126
3460891
3439861
3463697
3451644
3443529
3482972
3445412
3449339
3448759
3453056
3449249
3480067
3450311
3456743
3452095
3451734
3454660
3476070
3457926
3463446
3506096
3507539
3470490
3486029
3463286
3473394
3461603
3460410
3470248
3490437
3498012
3463797
3489184
3513300
3512168
3489334
3467183
3466552
3481440
3469026
3475870
3488072
3487903
3482862
3478945
3504985
3483674
3477763
3483033
3569225
3499344
3514893
3486529
3482111
3495837
3490747
3493753
3513871
3506557
3518439
3493533
3502410
3491399
3527447
3491739
3504374
3498602
3500435
3497060
3526314
3496067
3498632
3497650
3503371
3537826
3502499
3508010
3562492
3584013
3514111
3512008
3512298
3516045
3511347
3520133
3516687
3517148
3510014
3528399
3528850
3521235
3511517
3521315
3517929
3519422
3522468
3516266
3619390
3517909
3530392
3527487
3529350
3523549
3553276
3525974
3532416
3539789
3530563
3530012
3529440
3579164
3545982
3528929
3529831
3529801
3560469
3566901
3534570
3547294
3545971
3534159
3543987
3559427
3547956
3557283
3543397
3539460
3550490
3546813
3554157
3541113
3594803
3564666
3570527
3553636
3552945
3554538
3552374
3553475
3556141
3570578
3556852
3559768
3571971
3559417
3560489
3557534
3566220
3569035
3563534
3568714
3557523
3567311
3566721
3591938
3570598
3622145
3567623
3565838
3575036
3564656
3565368
3564476
3574476
3574285
3572542
3578012
3578643
3572041
3583943
3587810
3600314
3620321
3578453
3592569
3588441
3584204
3589473
3586227
3608700
3594162
3589343
3606585
3590085
3602879
3594263
3586137
3602619
3595705
3595825
3594333
3590255
3593531
3593331
4061272
3592369
3651761
3615752
3598450
3624048
3629448
3610683
3606586
3600023
3606536
3598671
3645639
3609371
3617356
3616324
3616865
3611315
3642674
3612988
3607998
3614921
3618098
3629098
3637785
3612987
3619520
3620061
3615783
3630491
3614741
3623147
3620833
3668292
3622286
3621975
3618508
3626313
3660908
3630330
3661840
3628097
3636101
