320
140
160
180
281
411
421
551
661
641
711
831
941
1022
1052
1152
972
1403
1433
1533
1763
1813
1703
1653
1974
2084
2054
2364
2224
2305
2675
2595
2806
2805
2975
3025
3076
2986
3196
3026
3657
3557
3647
3817
3947
3837
4078
4288
4328
4138
4549
4088
4689
4529
4920
4638
5070
4960
5341
5521
5440
5260
5661
5751
5661
5901
5811
6212
6292
6021
6432
6563
6402
6573
6673
6974
6753
7535
7204
7565
7664
7684
7855
7875
7755
7735
8215
7855
8256
8195
8596
8938
8757
8767
9027
8907
8837
9709
9137
8827
8597
9268
9589
9849
9709
9799
9839
10020
12744
10260
9358
9097
9288
8857
9168
9418
8807
9197
8997
8958
9378
9188
9268
9248
9518
9739
9428
9398
9879
9318
9738
9909
12554
12274
12033
12274
12624
12744
10240
10840
10921
10329
10870
10861
10890
10991
10680
13597
12595
11121
11532
11492
11832
11662
12204
11963
11782
11913
12444
16181
15059
14879
15770
15349
15520
15900
16331
16392
15971
16632
16431
16702
16943
16762
16502
17604
17524
17844
17553
17293
17934
17654
17995
18356
17824
18325
18776
18134
22243
21451
22333
22764
24256
19728
19878
19618
19397
18776
17414
17494
17874
18465
18406
18335
18466
18165
18806
18596
18686
19126
19427
18957
19718
19818
19678
19798
19487
20058
20710
20068
20830
20750
23305
19978
20249
20419
20489
20620
21221
20679
21130
21502
20640
21231
19938
19938
20039
19728
20249
22112
20700
20620
20780
20850
20519
20880
21341
20299
21712
20870
21441
21151
21712
21401
21972
21592
21932
21963
22213
21892
22353
22563
22713
22373
22323
22774
23034
22553
23335
23265
23355
23275
23755
23284
23164
23956
23916
26841
24026
23946
24156
24097
23796
24487
24748
25138
25088
25649
24838
25128
25650
26490
26581
26681
26320
26080
26571
26270
26080
26270
25529
29717
27763
26931
27633
27603
27904
27532
27112
27442
27433
27252
27242
28094
27713
27993
28595
28124
28023
29286
30138
28264
28455
31601
28815
28485
29416
29096
28374
28955
29717
29536
29617
30048
30398
30248
28855
30499
30558
29977
29847
30619
30268
30338
48453
33364
31871
31551
32021
65816
66398
65055
65986
65886
64934
65496
74383
69603
67850
55997
31039
31470
31480
32162
32433
31330
31119
31350
32131
31320
31380
37352
32052
32222
32592
32652
33594
32633
32803
33083
32863
33224
33785
35528
34517
35528
35579
35688
35758
40979
35508
36520
36911
36340
35478
36280
36239
36790
37582
42632
38003
37232
37271
37241
37342
37762
43854
40368
39707
39245
40568
40878
38433
39215
41971
44997
41360
39395
39826
41229
41039
39426
40157
38013
38364
37673
39426
38664
38975
38955
39396
38984
38955
39516
39837
40478
39647
41059
40327
40838
40998
39716
38474
39216
39365
39986
38554
40127
40017
39877
39466
39375
40137
39887
40848
42080
41540
41500
43223
41039
43193
41690
41480
42031
42792
41660
41830
41800
43533
45868
42612
42972
43182
43583
42632
42712
43263
43403
42241
43033
43162
44084
43594
46489
43233
43393
43564
44075
44084
44185
44876
44014
45658
45016
44465
44836
49284
46419
46539
44305
44896
44295
44385
54916
45277
49946
45307
44165
45156
48934
45347
45207
51188
51829
53923
54064
51950
52060
52481
52791
54173
53523
54474
53713
51719
58312
53632
48784
47942
48463
47902
48703
48352
48403
48653
48473
53293
51339
49946
48934
47742
49515
48743
49505
48463
52421
49966
49535
50076
53333
51719
50357
50798
51309
51960
51719
52390
50807
50968
50818
51379
53332
56378
52030
51879
53943
51279
60265
55386
52752
51439
53001
52621
52180
63101
52822
52351
52501
52961
53933
52661
52801
53132
52000
53452
53252
59444
53803
55286
55376
52511
52901
53773
54194
53793
55266
55065
54574
60586
54414
55777
54985
55196
54825
57671
59584
55577
54846
55747
55376
55336
55747
55276
56338
56598
57150
56799
57120
58221
57340
57931
64374
57540
58051
58081
58332
58492
58682
58843
57119
58132
62670
63331
57730
57851
58222
58683
60005
62299
59064
58372
69273
61167
63192
62660
60326
60335
61748
61819
61237
60726
60015
60877
65575
60096
59845
66327
60105
59955
61588
60747
60987
61047
60526
66327
61939
61668
60797
61458
62870
61588
61718
62791
62049
66808
62720
61609
62500
62660
62520
63051
62940
62500
62970
63732
69222
66608
62880
64353
74212
67510
64443
63892
64564
63191
65054
66207
65485
65636
65445
64794
64573
66618
67299
65686
67640
66337
67279
67379
67219
67850
66658
65556
67269
74333
66988
66407
66487
67820
66517
69082
66207
66387
66668
74894
68291
68852
67890
67720
71638
68411
67981
67690
71768
68161
68572
70586
68872
69995
67931
69173
69864
78140
72730
69673
68902
70725
70024
70655
70335
78661
73450
79883
70977
79483
71517
71026
71718
71367
71127
72209
72199
73922
72650
71557
72900
71167
72319
74764
73060
75144
71798
72219
72780
71918
72148
72539
74723
73281
75164
77458
77889
73350
75786
73060
74193
75444
84632
76567
76406
78861
78601
76025
88199
77248
78660
75445
75544
77318
76867
75214
79122
78620
76326
82688
75585
76707
79042
76247
78150
77909
77819
76978
78761
77649
79212
77899
77839
78801
80234
78741
83730
78099
82028
78771
81476
79542
76627
79703
85183
79803
79572
81556
78981
80394
79783
80945
86636
81677
81006
84121
80735
78922
80344
85574
86436
83179
80955
83460
81466
80675
82608
81847
90393
82849
85875
83150
85965
83481
82539
82598
94541
83149
82348
82899
81406
82028
84092
84402
90072
83631
83240
83259
82919
82368
83460
84913
90102
84241
84282
85274
85203
83790
102537
88930
87288
85944
87117
87388
90785
87699
87557
95203
85975
86386
86155
87408
84372
87408
88610
87678
87468
86326
87087
84903
85234
88570
92848
87137
89471
88018
89832
92677
88831
87147
98339
87939
88099
88289
88289
88240
88038
98729
90063
89742
93910
89071
91446
88940
95212
92016
91064
91385
90764
90563
90423
91406
92257
94131
91145
92276
94962
94872
92588
90724
92097
92307
92467
91135
95603
91726
102707
93719
91275
91766
93459
93249
93519
102005
94111
94651
93980
94121
93519
96155
99802
94973
102266
101174
93530
93549
92417
100142
106043
93850
97507
95523
94972
95744
95674
95904
97497
95543
99260
96745
96104
96064
96204
97948
96565
96014
96545
102556
99761
101665
100693
97807
96976
99611
102376
100803
102417
101174
99110
100412
104560
104791
104130
99390
100613
100332
99080
109970
102096
101986
103128
99040
103469
99681
104460
99982
110542
101665
102487
104821
114850
110372
106104
102686
104350
101304
101695
106154
124198
101956
103247
102316
117024
127094
124599
127916
122174
130200
126393
126853
107847
126112
104260
111334
107136
105121
111284
104521
104310
106635
108909
109209
105853
104861
110432
120430
135660
139438
139468
139999
136111
157372
121894
117856
119749
135691
113798
115010
113157
116353
113778
118157
115702
117625
116454
119058
133196
137674
123176
111814
111604
111143
116313
109710
109791
108548
107296
108037
112586
109921
112365
108208
107867
107656
111263
108007
108779
118057
109601
108668
113407
110401
114189
111213
114249
110282
117335
112806
115582
112455
112516
111493
130099
111895
110342
109590
111915
112045
116023
109480
114339
111274
115331
113198
114690
115542
113307
112596
119429
114159
116323
120722
139127
118498
112946
132534
113328
112927
113598
114349
113849
124508
112616
112957
116884
114560
118467
127414
116674
115742
116834
114540
115451
120210
115422
115972
116032
121233
124259
118427
115081
119289
114340
113567
128246
122855
119579
117395
116994
117305
120531
117536
117926
116864
117735
126052
117736
116874
118387
115732
117565
120070
117957
116814
117165
117886
120251
117976
120611
122445
119199
118197
134007
119278
121734
119018
149046
156119
124239
119730
124720
120892
124929
119569
122174
125551
124359
120571
125912
120972
125470
124830
125600
130921
122235
121032
120742
121222
121824
125791
123587
133355
124148
124769
127234
123256
121262
123076
123337
124940
122976
123006
122525
125220
124499
127906
123767
126191
124338
125120
131472
125270
124399
124919
126082
129408
127625
131052
126423
124659
125531
141943
128597
127584
131823
170156
128146
128777
129128
128075
126993
131372
134799
133466
128487
135109
137052
133436
128005
128226
129468
132213
129468
132173
131141
130871
133496
133105
128016
130170
148926
135430
136612
129458
132324
131963
132725
129498
129589
131853
132444
129959
131472
130150
138956
136983
130470
130771
131172
129388
131813
137583
132494
131162
132223
135119
139287
144217
132544
132404
131131
133536
138034
138215
135840
143355
140289
133616
134468
136993
137033
144908
135720
134928
135470
134679
141742
143815
140870
140760
166550
262453
149647
144457
144788
146952
152262
157823
160618
164245
166629
166218
143786
140189
144557
140218
139758
144487
141412
140319
142403
144858
149947
147183
137924
136191
137834
138154
143455
140008
142273
137664
136772
140129
139929
160758
145849
144347
142974
140449
171730
138736
147072
142884
142624
141622
142523
142463
148765
143014
146301
142213
144528
143946
142694
146441
146891
146792
147112
144888
147052
150970
146681
150077
146010
150418
144597
145720
147483
146261
148425
145690
145399
146511
151260
147313
146812
146721
147793
161029
148645
163564
152643
153715
146832
147954
148986
148504
152002
147603
148315
179294
153825
150438
149767
150779
166389
155268
150428
151851
155638
157011
153975
157963
155258
154506
150258
157412
149015
155458
160799
151330
159546
154667
154797
162140
152322
151610
152151
154998
154216
152973
155528
165217
157182
155768
154046
158494
154226
153975
153605
153875
154766
155829
162201
154216
163023
158554
156039
187319
157322
153585
157863
157522
156460
170146
156981
157121
157492
161540
157972
169435
159175
162021
156460
159966
157602
161910
167692
163523
157532
157833
159005
157271
157252
167061
160017
159395
158674
160698
164866
160568
162271
162532
167090
163143
162181
162301
163995
176007
163454
163954
173934
162552
161139
162652
202468
160468
163433
163223
164967
162882
162592
161199
162312
160848
164135
162231
166039
163604
162411
164346
165387
172741
162231
174815
168964
169264
163964
161430
174795
175266
175316
164676
167692
168513
163513
164847
166189
170867
163814
166008
168352
174895
166209
180065
170157
171419
164355
164435
164516
212969
169636
166559
169746
169054
167100
164987
166389
168293
166950
166198
167631
172791
167361
168744
171428
176388
167061
170587
169515
174134
172451
169545
169134
173433
168894
168453
168753
173012
180035
172130
169585
174785
175737
173162
173202
177621
170206
178623
173562
177471
173943
171469
171970
207598
174554
172330
172551
171930
176388
174515
172701
173814
174415
174384
174084
174805
177139
178061
174986
183502
176920
175105
183893
175747
176018
175055
176729
177650
173383
176018
178121
175346
173563
176028
180195
180435
174505
173182
175567
180256
186147
178442
178753
180857
175557
181919
202758
175787
176177
179033
177961
176368
178151
182971
176057
179374
183802
181328
183432
183752
183462
182650
183221
186597
195425
182199
182761
182039
188502
180446
177941
179885
181097
181678
181568
184264
181638
183782
187540
189323
185556
187730
203491
182941
185396
179935
184203
181838
213068
181498
183843
182911
182691
182721
186878
187420
185145
191928
186006
186398
185606
194412
193090
184013
184354
185014
184244
185185
188742
182700
185846
183101
189824
193992
186187
186267
186547
190115
192439
201266
197077
194714
194012
199843
185105
183852
192819
187389
212557
184433
190946
187940
188782
185846
185937
187720
188311
190515
184724
193912
191316
192199
200354
187039
195525
189494
190164
190375
192760
190285
187800
201507
196577
195575
190505
190575
188973
189774
192910
194433
191568
190355
198791
188672
193902
190616
191106
189093
220974
201406
195224
191788
191578
192149
194423
195044
194183
194643
193842
194362
196567
193111
194804
197329
193050
190666
198019
202348
195415
192409
198892
194233
196457
197408
197649
198691
194804
201266
195204
194513
196817
206736
198320
196096
201486
195625
195585
200744
196557
207418
197850
204071
196787
197218
199463
194603
194082
198220
205284
200684
196497
204281
198049
197548
199372
195174
201126
200154
211355
202738
197649
202248
202208
203440
198972
203170
196467
197689
205985
211195
204252
204262
203520
199493
202859
203791
200124
205584
206446
198992
203390
201907
200574
204272
205504
212638
211626
205544
209191
204602
209342
205273
203330
201907
207959
207608
202438
201847
211044
207398
207378
205534
206195
206386
201116
206736
208590
210323
218469
208129
205544
207228
204021
206666
206356
213188
204472
212768
209221
202999
203801
207808
206316
209401
207328
210704
215143
210534
210363
207538
212698
212929
209782
207869
212087
208279
207869
207278
205554
213178
212618
218078
219080
210584
219290
212428
213800
215624
245370
208660
206696
216185
214061
213921
212507
213890
212267
216936
210895
217116
217537
212848
214411
222737
209232
210193
209822
210534
209071
210063
218940
213600
217797
218369
213189
211034
216896
226795
221985
224661
217698
222717
215102
216506
213760
215212
215313
215003
215173
217237
216545
212277
218179
211185
219241
220973
222136
219701
221074
214080
215853
221234
220543
219060
220793
220854
215133
214922
219931
216505
216045
225231
215593
218028
232416
226364
222116
221895
218940
218749
233527
219301
223348
222297
219100
220993
224661
218219
221615
222016
220102
220383
229440
216325
216896
220062
225552
221344
223890
234409
223298
221765
225403
223468
227597
226484
234239
225703
236303
218729
227546
226615
220973
265819
227245
223047
224440
236894
232937
234390
236864
231223
235782
233528
227737
221414
228789
223599
224701
228589
229530
230131
239459
223889
227156
228648
231474
226053
231133
230222
241322
226204
227026
225963
241704
233347
260189
234830
231494
223980
233648
227837
225753
235652
227957
225833
233799
229109
230352
235321
237165
227446
232256
227737
230141
230001
228748
243457
233267
231374
231935
232115
231514
230271
241944
233478
241703
229440
228588
253226
231674
233157
229209
228568
226134
229059
229770
233909
235090
233387
233628
240060
239740
235141
238708
237555
234038
238738
234109
232636
236303
236242
235161
239509
235231
235972
248066
244188
240812
239149
236443
236934
235822
247014
240772
235832
231975
229710
235060
235732
239559
239660
269326
248286
239299
235682
241984
236112
237566
243116
237295
234270
238317
235392
239569
241052
239900
247094
255550
239199
253396
242655
240311
276911
241163
240542
242355
239599
238708
239429
238627
240551
241754
251693
242746
239709
245451
247585
247674
242455
246953
240000
241603
256822
245721
242976
243076
241092
249869
252054
259758
247103
249999
243026
249408
243687
246202
250961
244639
243447
251973
252133
250932
243607
246733
248797
270789
242956
249890
245961
240792
253636
244468
246642
245961
244469
250560
247184
250119
249338
245250
261090
261992
245751
243176
246042
250520
249538
247324
243828
257343
254729
248136
254398
250610
257373
255189
247174
254829
250820
251973
260449
247535
242265
252554
247415
247504
268214
249388
250370
249459
248537
261151
256081
252875
263706
280779
248086
250280
251512
256993
251813
250620
252645
257243
259858
256962
260269
256311
254288
247655
253125
252564
260149
313281
253837
265639
255330
254247
253927
252144
260850
255910
257424
259307
252825
283334
258315
259698
251703
255791
254939
253696
253005
256371
261742
252874
254778
254177
256642
259408
253827
256712
274747
267724
259537
253156
254057
258495
261592
259558
280077
258926
257052
257082
255470
258556
258556
257995
261702
258236
258746
260640
257624
259498
266511
257203
262633
257654
255690
254548
257464
271951
266471
264357
259557
263906
259187
256622
259898
282813
258966
262232
257955
262043
294645
259467
259988
269516
261832
259768
268104
257363
272843
296919
263576
260199
260059
272413
268675
274997
270319
274386
267132
269988
265038
266311
266852
259778
275769
271430
269607
265308
266631
261602
264057
274276
269266
267212
284215
273013
272944
273064
274236
271982
279697
272092
263555
272031
270509
265960
270408
267833
266491
270339
274526
265459
279746
275388
278364
280808
270038
355251
281350
277172
262463
266842
260549
265148
266752
270779
270889
272673
277642
281219
275178
270188
279035
272352
269176
269617
270108
277562
269727
268385
269798
272252
276710
276841
272963
304434
272292
271731
278594
270899
269326
280338
272893
268104
282842
282582
284526
286349
275489
270869
274426
274827
288072
277121
274807
273425
275439
296759
269817
274516
279165
277191
281339
300797
288393
276701
275628
278264
276030
278685
278294
279346
284305
291008
284516
276450
275628
284475
279396
283083
280919
281310
287201
280167
283574
288884
274336
278474
274175
283152
307590
279606
279657
275449
283964
271941
274607
274607
288773
316978
280478
279606
278393
284535
296178
277792
287130
282873
282451
284125
283082
284365
287141
288493
279806
278514
282051
279936
285788
283905
284956
289666
277662
281229
277292
284135
290136
289174
288203
282001
287040
281019
285097
285417
285106
285728
295596
284535
285247
284876
288262
281560
287201
288483
282582
297009
289986
287381
293072
284025
290307
280187
282993
285397
300055
285117
285687
301829
300095
285848
289566
284636
293413
286600
295858
286430
298603
301168
289656
306598
299354
294515
288683
287090
300136
290767
292471
289054
296759
297170
294284
299545
291539
290387
287281
289225
292050
296529
292481
293002
297440
292000
294194
296389
292070
305316
297401
301247
307029
293423
299043
290467
297310
285959
285878
296879
298132
302751
292411
297681
286850
299123
302420
302620
312248
299094
296569
292842
292000
300777
316678
300105
299024
299775
297039
297851
300977
296869
317749
298292
301108
298673
297200
296008
299484
307580
300275
302651
298262
302600
295196
296238
329351
307480
303051
299835
294906
298242
298673
305054
298292
306267
299043
299133
299183
295316
300546
299765
308311
298843
297741
297771
294765
306998
311818
315515
302981
303603
300306
301788
305566
304343
307118
303612
307018
311657
306338
305575
302220
305195
294455
303161
304374
313100
316377
311698
309985
299454
308803
306889
321657
303903
331947
313771
316968
306428
316166
323149
309364
313952
316457
309534
313471
307019
301989
304734
308361
305727
307540
305095
311367
306638
307870
312379
303071
308531
302159
309012
305596
300876
305024
312920
314633
310305
316306
313742
314924
307108
314944
329602
309113
309855
310846
340943
318340
325454
334110
316647
310755
312469
322558
322228
311057
314734
316928
322438
318030
316547
326837
316847
336355
315244
327297
312669
322388
326777
323410
363587
306919
327798
322829
330163
321637
324081
315615
330012
323299
319553
315795
319413
323570
315104
316446
311467
345362
311417
318191
311237
315164
312549
315124
323480
321706
336194
329382
332578
318060
319342
319592
322749
318931
315715
316948
311658
315956
309033
326927
321285
334091
311467
325153
325935
330363
320625
321988
331275
323741
322538
321686
320524
317018
329482
318221
324272
318500
325464
322669
320835
321526
319994
322488
320465
332488
317920
328260
324763
320044
330774
317588
323110
321256
323591
326125
325093
322238
333971
327799
324783
336766
330062
331936
332998
315495
325905
323250
324683
331285
318290
326937
331325
328250
330854
330083
339000
338570
330724
329221
335363
350111
324682
336545
348197
328259
330213
332788
330804
351244
326216
325484
321286
327608
332969
327889
333279
329732
328880
333410
339220
327679
330955
328670
332528
332888
329251
332518
327347
328780
335564
344330
346124
334842
332447
329813
346154
344180
352667
348318
346985
335213
329061
336355
328791
339251
334591
356734
354650
357376
340613
342828
342517
348398
344981
353418
336315
336044
336445
345723
353258
354980
334031
335984
331074
348758
334080
345151
338840
337908
336645
337337
332648
348037
335303
339892
345041
341515
354820
339460
342827
351755
350562
338389
345433
336886
340002
338289
342176
336936
343018
336636
339431
346013
348017
336876
343679
343528
358497
343248
348458
339721
347496
345172
356383
342096
345122
345141
339841
340162
356824
351985
350922
372163
356323
339561
372745
345392
361794
349270
349370
350542
357526
342236
346685
347005
346193
347756
348838
339531
347476
341034
346795
344250
353848
340352
349239
350262
343499
341355
342546
348308
339852
345903
347095
340293
338209
341054
350742
371171
342396
344170
342156
341535
337216
339882
344520
336114
345593
344710
348478
350472
346123
342577
348418
347046
352205
342016
345873
347817
357716
638885
352827
351414
358478
342597
364109
355882
347296
346554
354180
360401
359900
349050
367815
349379
348658
344942
346093
349901
352215
349480
362525
370631
363678
352326
351805
346455
349500
350933
354450
351153
361293
354600
361804
358437
360872
347927
358267
360952
365751
356333
343849
358918
350773
355591
368807
357175
346044
342496
359189
369659
355601
356544
361643
358938
351364
357385
353578
356112
359930
370561
356123
359509
363467
357816
358628
354580
347867
357736
351213
361934
361674
361833
358207
367284
370661
367524
357235
354129
352456
361393
355231
354640
353127
356393
352576
362685
392883
358257
359529
361443
360281
355682
361223
358277
359900
354780
363507
360271
366412
360592
364519
354069
364138
369809
363036
376332
374067
368857
369117
365882
362225
368437
372394
358207
360451
358838
352356
357134
358788
369108
375771
365280
365902
365039
366032
393935
371853
366833
370951
371642
364849
362886
380289
371462
367394
374679
382864
364930
384938
378386
374307
365010
376412
360652
368125
358468
363216
378556
368537
367725
376282
370550
370029
368096
365120
372234
378095
374267
375309
380760
372043
373797
374668
380389
374057
373246
369328
370992
371372
378215
386922
380359
369298
370681
374318
370020
373506
373576
440014
368777
373987
366303
362886
377374
372134
401290
376602
396300
379618
371021
367615
378736
373957
367625
370330
371322
367594
367285
379377
376141
372073
382223
391290
389086
386111
377113
382643
373456
378977
381672
376903
371873
377494
384477
390820
376602
372966
382323
379057
377464
372855
373686
376902
382413
374358
372334
380860
368717
379788
372765
388295
393644
380519
386872
372123
370601
379678
383616
376903
385770
379618
380891
387563
388665
375089
381983
388755
382904
393805
380189
400238
399436
393815
384567
394326
382052
379799
386732
381952
382193
392953
385900
383225
407011
381151
396851
396099
384166
399496
390489
388084
392443
389356
397312
377444
383234
400178
391861
387974
387273
382083
381110
382854
375951
382494
383244
386992
381391
381141
392102
406961
388395
391130
393404
390349
393013
384968
386471
378256
403834
380229
376011
383465
380109
392162
408904
399726
391651
387523
384146
388846
400228
388495
397502
389897
396080
381361
390669
386872
407211
397623
382534
392333
380319
394356
399326
397693
394948
387062
387183
386571
393614
389507
401450
390459
393194
388585
394126
390579
387834
398193
391621
391601
392773
391862
384868
391961
398083
393715
398955
401910
396550
391651
400899
403654
407632
396521
402391
412200
412110
393745
405988
387322
392893
399266
413964
396670
390840
395418
392502
396581
397963
395078
400077
399576
387102
396681
409876
400819
408212
397973
393956
402291
395879
393084
398795
408924
396711
396770
397723
414825
406239
412942
429012
401389
402431
391831
396370
404615
399075
402241
401771
395108
400618
401580
400779
407331
400598
410788
401641
409275
409375
415166
399957
409665
396670
423371
407021
411850
400889
393775
410307
404787
408393
403513
397763
400027
406199
409665
398033
407501
415587
412050
407712
399987
397352
398163
399045
420186
407040
413402
408523
402682
401780
397272
413884
405086
413453
406910
415197
412922
421478
424875
400247
411058
410657
404887
413293
398895
398123
416869
402983
412321
414054
409916
401210
410457
407852
404235
404255
399957
403904
407220
399216
419855
401028
404635
410006
412000
404686
408082
403443
406149
406179
398284
399386
406289
403394
412080
416609
405908
404746
406279
410207
402502
406589
398835
408664
436737
424414
430325
430265
403394
426868
411700
414745
416358
419414
442609
411709
414404
418813
421869
423903
415626
407772
406670
414715
409545
412862
417902
408213
428672
410808
412030
412320
411800
413613
418062
416579
413613
418693
426287
416799
412631
414434
421007
416288
420286
415837
414364
416799
412171
408022
424584
415867
411359
417129
414534
421548
418442
420716
430786
416058
416198
414665
413713
422961
419234
423011
416980
418993
422490
415367
430375
420817
420687
435705
414154
424313
501021
431307
420787
419184
423552
435705
418603
448269
421478
422911
418051
431578
439403
420656
422781
422320
415376
418934
421588
424884
422771
435855
435365
415056
414023
417571
417451
415066
415276
425617
417851
423622
418142
416438
426859
431517
424283
434643
435425
437569
426337
418863
429603
428562
422039
424954
419845
438170
423151
425255
431577
423762
426868
421408
416609
427680
427189
430966
430465
433852
424795
423903
429654
428632
424294
443320
443931
455673
426858
420877
423933
432630
435174
446186
436507
443019
427119
424684
428221
432188
447308
447337
440645
431557
443551
431197
429333
428792
426247
433772
438921
434153
428803
449722
439814
438020
452437
428141
428432
436136
441576
460683
441977
432349
441125
432769
432680
440434
439592
435866
427159
445624
436286
426718
431628
429564
427329
436757
433781
433471
435746
422780
459491
441757
432820
436757
443320
433230
431577
434102
439683
440384
434053
440435
432309
445905
449041
434884
431237
434764
441196
436347
429734
432990
442258
450875
446246
433801
445073
444593
434122
423763
432920
435655
453659
449773
440885
443260
438591
440174
444102
433180
439713
447799
431487
445163
441476
455393
445264
441997
446175
440735
441066
460443
459261
444592
448510
456526
462167
440785
438130
444151
436918
446677
436086
439944
436386
498616
440164
448640
450775
443430
458990
442418
440214
453630
458119
454161
443981
437268
455673
465964
461445
444944
452708
442809
445263
446345
448851
445725
476093
444412
448240
471173
457207
448620
444602
450563
441116
452408
467296
457357
449942
450735
444622
446065
450193
455694
448760
448661
452738
479400
450765
477054
483687
445965
455273
454571
448901
460884
439773
436667
444142
445985
452137
456756
449752
453580
461485
455212
444913
457447
449622
453520
452608
457667
468939
443480
453059
451385
477015
454882
492344
454992
448730
456165
456004
456956
471273
457768
472065
472346
451847
463148
459972
466584
469049
470251
446476
483638
467947
469491
466484
456525
455874
470212
451526
452157
464010
461144
452628
465152
460523
451025
471194
448190
469480
464330
462697
474450
474219
459481
466354
459872
459762
457227
477074
459060
459091
466565
453139
454362
458169
467787
479158
475251
461785
470612
467717
467316
468057
459160
468058
463980
462337
483486
475622
455834
476464
467817
475332
470552
462386
456956
460012
469801
463408
468108
474931
479650
481434
493105
463308
467546
462516
462136
462767
478066
465132
483006
473428
482264
500400
477035
463358
474089
464871
463478
482935
487695
489148
472787
462777
467616
464490
472405
463238
473868
497965
484960
477436
477966
466154
468739
476724
458709
477225
471243
471625
472697
471203
467737
498045
479379
477055
474320
472586
469090
464620
467997
475181
483638
477896
465322
464832
476353
464591
503075
487765
471825
461625
471064
465082
467987
473438
474379
466514
478969
474700
