5190
1803
2104
2375
2906
3266
3516
3707
4779
4769
4809
4949
5270
6041
9207
9317
7083
7664
11452
12213
8696
7895
8596
9148
9618
9368
10249
9749
16851
11952
15970
11712
12704
12784
12874
13896
13966
14157
13876
15439
15429
15689
48401
8386
7845
7674
8256
8646
9087
9207
9207
9357
9618
9497
9879
10059
10119
10630
10439
10911
10941
10831
11321
11421
15339
11592
11692
11652
13075
12904
12885
13204
13275
13886
13325
14106
14297
14608
14918
14467
15319
15329
15388
15168
15399
16010
16300
16270
16331
16862
16951
16832
17493
18094
17674
24536
20328
18524
18895
24215
24045
24105
27281
20268
19647
19847
20629
19006
19567
19647
19878
21390
21400
22081
21560
21901
22342
21901
22663
22813
23364
23384
23464
24476
23985
24165
24295
24666
25518
28664
26019
25708
26359
26400
26239
26961
26790
27131
27472
27883
27882
27772
28474
28513
29064
29225
28955
28904
29816
29586
29365
29555
30508
30267
30838
30968
40527
28955
32151
31680
31910
32220
32471
33042
32692
33082
33493
33824
33884
34094
34615
34574
34475
34806
35547
35196
35547
35988
37099
37531
36419
36779
36088
34585
38072
37531
38082
37861
38062
37962
38382
38993
39104
39274
39695
39203
40596
39564
40776
48681
41047
41327
41017
41688
41668
42029
42770
42530
42800
43151
43011
43451
43833
43481
43943
44653
44604
47860
45104
44754
45956
46006
45976
45986
46588
45996
46527
47139
47660
45435
47870
47990
48171
48461
57288
46297
49564
49363
49122
49513
50335
49904
51346
48481
48441
50334
48000
48972
51296
51066
56606
51887
53460
52398
52999
53190
52999
54723
54232
54913
54292
55013
55304
55584
56586
56756
56617
56787
56657
57518
57167
57919
57608
58099
57949
59602
56315
59702
80511
59873
60674
60895
60574
60564
60313
60814
61025
62127
61455
61746
63109
71314
59411
63308
63990
63780
62788
64250
61485
60914
61265
64812
64672
65452
71565
65153
66244
66615
67236
67698
66795
66215
67887
68579
68288
69020
68559
68819
69401
66264
69370
69330
69670
68278
70152
70583
68679
74209
71053
71424
71354
72106
71584
72225
72696
69861
73318
73077
78107
73859
74590
74850
74269
73989
71103
76323
76875
77025
76844
76393
76063
75913
73468
73037
73498
74650
79068
77315
79098
79429
81854
79699
80501
80972
80972
80922
80531
81173
81623
82605
88055
82304
78307
78788
79950
82616
83206
82565
84338
83878
83787
83437
84188
84940
85450
85019
86012
85481
83216
89328
87254
86683
87184
87535
87615
88636
89578
89127
92003
89608
87925
88676
88677
89909
89207
85871
85681
95118
88897
88015
91993
93145
92874
92553
91421
93897
96682
94528
94277
91202
93666
94147
93846
94127
94698
99257
95219
96541
95399
96451
96391
96842
97242
99898
98975
98525
97563
93436
94036
98906
100028
94216
97493
94167
100419
99958
101210
100709
101901
101601
106280
101300
102422
103053
103174
103334
102873
104647
107822
103565
105178
104075
106080
105528
105648
105918
104957
107071
105979
107161
107511
107281
107141
112481
108293
104967
102232
102823
108975
108684
108734
114816
105598
109535
110647
110858
111319
111049
114405
111329
112762
112240
112300
109005
112311
114525
112672
113443
115537
115026
108994
113152
115668
119575
116819
116048
115507
116539
118032
117391
120927
118592
121879
117640
118914
119184
119464
118773
119023
118853
119645
119614
118292
122149
120867
121438
121668
122039
122299
122160
127098
122470
122500
123121
116730
120557
124443
128111
126027
124293
124424
126107
125876
128261
126978
127539
124925
126818
126818
127749
131487
127780
129453
129353
129583
128922
133921
130034
128652
129673
126007
129674
131136
130605
131327
131898
131617
131346
131467
136737
133260
133982
133601
132248
133150
137518
135384
134864
134693
134603
135354
140784
134843
135554
132529
136005
136596
140494
134643
132368
134121
139522
135184
143059
138630
138650
139732
139502
139182
136066
140764
140834
141946
141225
142438
146465
141746
141025
142247
143339
142778
147597
143339
144562
142858
144822
145262
145423
144351
146245
144010
143359
150783
147377
147176
148058
148559
147998
149952
148169
149160
149130
148920
152626
148779
141425
149811
150051
147828
154279
151815
151123
144491
143309
151785
152537
153057
143550
153898
151004
155111
155081
153569
153689
154019
158467
156994
155892
155682
155852
155392
158307
156443
156554
158167
164469
161413
162906
157706
158818
158608
165380
166333
163648
158457
161002
166352
161724
161263
158728
161754
166743
161964
162014
163307
163978
167795
163157
164018
164830
163637
168968
164548
165210
165200
164779
169658
166273
166372
165781
166963
171642
167034
165691
167965
167304
173486
168706
166082
169859
169668
173506
170250
167554
170520
170400
175509
171733
171762
172043
172935
173245
173135
174257
173846
177032
172724
174788
172835
173034
178545
173265
175600
176130
174457
180058
176541
176031
176922
177544
176752
210095
178856
181090
185288
179247
179667
178856
180028
181411
180028
180489
181080
185508
180859
182092
181200
181511
187251
181521
183254
183474
188263
184426
184115
180579
182262
189235
186560
186029
186290
188103
186369
186089
187171
189205
191730
187732
188163
187942
191910
187933
188634
186610
189376
191019
189786
192291
191379
194706
194004
194074
192311
195477
192211
190878
192742
194224
191820
193904
193563
194054
196198
196919
194254
194616
201869
196339
195867
196850
202400
194445
197310
197550
198653
198823
199515
199725
199925
202901
199224
201518
200837
203332
200095
200857
200636
203773
200877
200266
194555
206268
201277
203342
202871
200938
201979
202199
204334
208943
205766
205837
204574
210194
202651
207440
204775
211417
206217
207700
205145
212349
208752
207479
209082
213340
209083
209153
209253
213060
209613
210415
210185
214993
209383
210875
211196
217358
211947
211457
206848
215986
213430
215004
213631
217608
214743
214483
214142
219332
214883
216406
214633
219753
217268
217828
216817
221876
218009
213541
219041
218811
217808
219382
224501
219312
217889
218590
224401
220884
221245
220635
225603
215184
220163
222518
224401
221065
223821
226766
226345
223820
225453
228629
224101
224742
223780
229130
224782
227928
227888
226565
225063
227758
230292
226475
226685
227938
233769
229911
230643
234751
232226
229781
230633
234731
231284
231034
226676
236384
233699
235312
237176
232216
231755
232527
236534
232757
233899
237617
234600
233408
231074
238448
231124
235963
235222
225213
235733
236103
243136
236544
237947
238077
234400
239389
238638
240010
238257
238127
238819
241864
236474
239009
245972
241614
240852
241493
243858
244229
240712
246583
242796
243256
249228
243367
245882
240091
236905
245000
243858
247033
241323
245401
246282
251282
246543
247474
250040
248466
248156
248346
249668
245361
243597
250470
249980
250210
254408
250981
253105
250911
252033
252093
251552
254969
251913
253356
253245
250110
254568
254628
255229
255871
264937
260760
253236
253656
253285
254608
257223
260739
253757
257363
256953
258065
252885
260309
266911
260269
260980
265238
261521
261430
262393
261000
259187
266100
261912
261471
262874
264156
264035
264116
269226
259467
265990
268254
265278
265379
268414
267642
267633
274766
265999
267172
264667
267622
268194
269847
266370
264657
268584
271179
268244
269175
274125
272342
271399
277311
272231
271751
276399
268434
257824
274886
272782
275667
272482
273814
273633
277611
269135
265869
266470
274235
275537
279865
276299
272421
281859
277391
277562
281589
277892
277170
284244
281298
280095
283442
280607
279886
273473
282961
284133
286578
281468
274866
287059
284374
282430
273854
282400
282751
285185
281829
278473
288612
284143
284204
286878
284033
280647
289864
287209
284434
291808
285556
287580
288973
288822
283613
292198
287560
284183
294903
287961
291417
293731
292168
290435
294082
287349
291006
293090
291317
288842
288231
292489
292510
293621
292389
300193
293411
289584
298079
290565
295885
299302
294442
294072
301697
299933
296026
298219
297769
300474
309571
297578
303530
301165
299823
302978
299953
299903
304070
300003
301476
299582
297879
305594
302047
301977
304813
302267
303269
307046
305533
307527
308439
306315
310774
306765
308579
311154
306506
305303
313539
307497
306665
308770
309792
310784
309762
308670
312898
309251
298872
313078
311294
309140
296516
305123
314670
311866
311805
314971
312517
312527
314680
314240
316995
311926
315252
319319
315722
315042
312366
314560
312557
317266
318989
321293
312546
320001
319820
319550
321884
319580
317977
315472
314631
313048
321243
315542
324880
320832
321634
326092
320822
321664
321694
321804
326132
322385
320682
325581
322806
325952
324268
324288
321733
325541
325301
326964
325962
330000
326903
327155
330180
327865
329959
326743
328046
326042
326042
320171
329739
329539
336151
325000
331453
330581
331052
335931
332424
330250
331562
331803
335811
334238
334237
339267
333917
339057
332624
335700
323497
325421
340379
336812
340179
336442
337754
340649
337033
336912
342082
338695
342754
340539
325751
341591
339788
343736
338846
335921
348885
342833
344467
341892
341511
344016
339117
346049
344296
344076
341821
349085
348564
344056
353273
345399
342022
343746
346521
349666
344346
355548
355627
346420
351439
344296
349426
347773
350268
354406
348223
353133
350558
349636
354605
348805
355458
346490
351781
351430
351500
357571
351140
353904
353003
352692
357892
346841
355026
350508
355147
355147
354435
355727
351861
360577
359935
356890
358993
354525
361338
356008
356459
359044
360707
362831
359925
408667
358092
362331
356700
360587
367389
365456
371618
363893
372650
404380
370115
363543
364565
375154
361719
374683
364063
375796
366127
359855
368892
362400
371377
362881
378701
364875
357822
369193
367460
372639
370636
381586
370586
370396
368742
385254
368171
370996
376477
367169
375866
371036
382989
373511
371708
382207
373591
381817
373200
380775
368481
375986
357992
361568
388278
374153
386375
376407
386035
383119
386385
376807
388149
379893
379823
385674
391585
387988
379592
383310
381707
388569
381456
390704
382568
376627
401765
382798
385845
383239
388189
378521
391034
381707
390734
383921
385183
380334
378110
402025
383930
394380
389602
390894
386706
390563
378561
387156
389471
389682
395483
389301
392116
389682
393859
389642
392887
389110
390373
390073
392056
393539
381446
400482
394200
396905
391364
397376
396855
399049
391816
396434
392197
399390
385714
396405
394921
396114
396144
397296
402375
395292
399740
386295
401313
399741
401884
398458
399019
397426
407495
402285
400623
402485
400693
402986
398518
405701
402084
408527
396575
406243
403257
406533
400953
410280
399530
410280
404118
408948
402025
406654
406213
411472
410872
408126
407675
404158
408036
401784
399330
408607
414137
401464
412264
410590
416903
409098
414668
412113
414888
407555
412514
413366
410421
413256
417604
409008
417424
414739
418285
412995
419778
418145
422052
419899
421241
405261
421190
418495
419938
421120
424778
416873
422613
419017
418225
419127
426331
415770
416893
422062
415470
421431
421311
420700
422222
422133
423345
423274
425438
423064
423455
424707
424547
426180
425619
422393
425699
428464
427142
423104
427913
427453
433875
427472
429186
428925
424377
426190
418386
424597
435488
429406
435357
433474
436148
443933
436088
434035
438303
430468
437521
430688
438873
436169
438132
434205
433664
433874
437892
432192
435477
429416
441038
436419
440748
437110
438213
434446
448522
435899
438613
438043
439795
443853
441269
452670
441338
433134
433755
442971
440136
446388
437842
447901
441089
444384
442010
438814
444143
450556
446128
444635
449183
450105
448461
441619
448231
442180
449664
446658
448782
448221
451257
443533
445486
449323
452029
446418
451447
445927
454022
450666
451077
453141
451187
452219
451728
457549
449574
452589
453912
450286
453482
455264
454484
458180
455235
454673
459583
453681
454563
456296
462137
446058
454603
458140
453301
459092
461687
456156
460515
464702
462158
463290
458320
450956
459423
464371
460856
459653
462048
456927
464753
459823
465194
463580
464753
463561
467859
481564
470183
473329
463219
468890
461767
470293
465614
471384
465464
471515
467287
462268
472758
466886
472597
468940
474000
470373
478018
472067
467968
469993
465975
470744
469011
472446
470513
475122
471625
474380
469892
467287
474611
467898
478849
470103
479591
475062
476414
481404
472908
475934
476003
481654
476034
477697
478789
478448
479881
480902
482766
478959
481644
482897
481063
484660
481504
482686
476284
480471
500540
481003
482857
483016
482385
468951
487515
484269
481233
487686
519716
509486
486213
489378
488056
487235
490521
484920
491843
493206
494288
491323
489869
496091
487906
490211
490040
487806
487625
486894
495410
489168
487395
488548
491964
496262
495120
496602
493487
501592
497754
494609
500510
497123
497644
495961
496171
499237
490711
500669
494939
504497
502233
496001
497935
498416
504427
506080
497154
496883
501141
508865
503034
506280
510919
505619
511500
514115
504728
508515
505599
501571
502513
503265
508013
503365
508795
503536
511490
506752
504437
509977
507783
510860
508204
506050
509035
497564
508574
509637
510718
512422
507974
511370
507743
510178
510188
510047
511440
503896
514876
517402
509196
513875
511460
512002
516129
512963
514165
518283
517782
517481
516350
522591
518222
501601
510879
507934
522010
520627
518533
517882
517842
519716
524675
520918
520066
522110
518473
524174
521759
524184
524875
499267
525216
521629
527320
577344
533171
523333
566494
655250
546375
520096
527780
528462
524975
528402
528773
523212
530646
533001
518643
527981
526138
528702
530976
529514
538261
531348
528111
531889
530185
529504
534544
533181
535064
525957
528653
534343
530827
534293
540394
531668
531718
540164
536096
547438
557997
537639
539824
519245
565101
535836
535695
543360
546295
532019
535535
527881
538832
541967
540274
541326
545033
543640
533271
541096
539603
541947
541967
535205
544091
533582
537489
546867
542869
542558
541837
543290
547337
545805
546145
551415
542087
548590
548279
562776
552097
542238
534513
553298
548089
543370
548469
550724
546907
556915
551936
557527
558268
571132
558238
559060
547427
556364
560933
554090
560803
552186
557667
559270
589466
544492
560773
557507
554631
562636
560483
559781
557166
560222
556585
564710
559330
560212
563318
554931
556584
568327
587033
577374
581792
601349
563698
569399
567155
560743
579879
586781
590438
566804
570471
566383
570070
571172
562707
570961
569208
589076
601709
584126
569078
566624
576452
568998
572495
572936
570591
589687
589076
584136
580370
581451
565843
573377
575420
569169
572204
574989
600888
594847
594095
577504
574608
584668
579097
568387
579668
579598
590308
604745
580469
572826
578847
572224
578997
582994
584528
578295
600858
613823
583455
581452
591330
588254
578717
581632
586602
583736
616778
607250
603523
584447
587192
585379
584197
590789
590649
575340
615736
612711
604565
617690
591561
603373
592392
592793
588475
589356
615214
608422
610857
596340
597261
588996
589777
595017
596550
594145
615375
624682
606188
583576
598033
597642
592703
592953
597050
598884
606959
621828
608733
599976
594526
598323
605006
598965
599786
620856
613181
620124
624832
600337
598304
606068
600818
598744
604424
623991
614233
614133
595689
608853
600367
607731
609384
603072
608993
627979
629071
620534
610927
613843
597171
603984
609795
617228
618271
629221
628229
621035
607901
614874
612760
609865
615235
613843
637427
626757
631255
614504
617910
607861
613802
611347
609083
615405
632247
639771
609985
622489
619904
612931
612480
620314
600978
641304
636585
638699
614674
609313
619674
620966
617068
612630
620976
646624
645281
621487
626416
618010
628890
620735
622959
621106
632517
638800
640362
633189
610516
623721
620926
618531
622599
616297
640412
650030
646003
629371
628059
621968
628190
625104
619483
646965
652485
645041
631025
629080
625514
632939
637156
626616
653867
651923
660560
643838
637226
635282
634812
632507
636665
634291
663195
656422
645321
650851
640302
628720
636134
637227
630404
656513
656693
657103
645642
631756
640683
636835
631565
639821
673845
656052
657294
639170
640893
640682
646033
636505
640022
653807
669126
666010
641735
649629
645622
657595
638929
639410
660429
658406
674015
656363
641554
643317
642496
648728
649559
658356
668946
675949
664998
644671
649499
637807
660019
652144
656903
672953
678855
655961
650621
647365
647837
654578
657725
653187
667173
690757
672072
654739
653026
653177
654879
656863
660681
669416
686700
676590
675388
659839
648097
658175
657975
661552
668405
692370
676230
665990
652716
657153
662243
649379
693161
675949
684895
674266
670278
662564
659608
681389
665910
684395
684866
688452
667934
670469
666861
664708
662594
669486
687220
690116
670087
671711
673685
667743
680347
670599
673694
699022
708460
683082
670278
670799
668185
677392
669377
663446
699483
704292
685697
671651
669466
671781
676720
676961
680297
687821
696628
688703
674847
674426
674286
674206
678483
693482
691619
685497
674747
677041
681178
675078
674195
682040
706577
705444
689254
678945
684104
680778
682691
673174
692570
703891
701607
680036
679535
681549
684695
688021
680948
712518
706316
698722
689154
686619
687821
684305
684986
690226
707448
701627
693492
685216
693792
690666
682972
678454
712147
707969
700876
690015
694774
689855
705544
693712
685447
728057
692770
697740
702840
694814
697921
696167
692501
716064
719510
698091
695155
691828
696197
693652
689103
695856
721023
711506
703971
696307
707007
704051
694433
698421
721123
725512
704012
714841
693762
705905
703801
700495
710364
731914
708870
703019
717817
703922
706877
702228
701627
730381
724680
713670
702699
710854
701947
708871
713680
731854
730010
722206
709322
706136
709893
709993
709882
712498
739588
718800
707879
708951
714511
717086
711486
711746
744307
732836
725522
705986
713950
709602
707689
719651
735981
742223
723628
718238
720322
717958
713049
718008
735801
741542
734709
708730
722566
718268
722376
721845
717918
750179
739979
717537
725141
720874
723728
722967
708040
728888
741162
728197
730752
725111
720883
722196
728648
756210
737304
734419
729840
731313
723008
730491
729549
751271
751261
733116
714762
729881
726784
728968
726834
757472
762651
729369
736482
736293
734428
736964
733597
762932
753926
734569
736843
737284
722897
737013
736122
736162
758824
740951
733768
735440
734679
738907
739939
757212
764736
752032
732174
739488
740450
741713
743616
750690
762071
742935
741803
745720
728607
740380
739929
757192
770266
742273
743255
746942
746060
754497
740811
763163
752583
749447
738296
750208
745089
744978
743766
771869
771368
749737
747884
748325
743726
752021
749747
769705
757652
751641
741482
749927
750930
755879
757091
779553
769544
744277
752613
755618
760949
754767
754055
760237
760497
753635
750428
757252
756590
751882
767471
774474
765006
745189
752973
755759
760538
762361
773261
783040
772019
757111
758474
783701
754556
766779
775205
775556
767040
765978
763904
766629
761590
764214
793360
792158
763564
767510
763644
768703
770716
769184
788511
776377
762412
767260
771418
771859
774053
786186
800873
777970
765978
763182
768863
774053
760848
790684
791586
777650
767591
773211
775365
765027
772490
795063
788841
786316
782369
775315
777059
779924
792618
796476
783160
777920
775336
776598
782830
783080
807476
800362
774363
787759
783280
777559
773352
797878
801104
788330
781638
789131
781427
781397
774093
797697
806584
780525
786627
786467
780245
779684
803488
798899
797978
787348
778421
788089
787238
787629
814900
811593
785805
785836
784593
788381
793359
783050
808257
804099
788400
797938
785354
794391
793990
820640
822975
794481
787579
786086
796475
799160
815711
819529
809910
797588
795263
797047
802757
801454
826982
807926
806213
796435
795764
797227
801805
815100
825971
807887
797377
808628
800152
799801
804761
842892
820280
813326
808919
803458
803618
797127
828375
823045
807656
808418
810802
808207
806083
818416
835128
812575
812305
813557
797287
809239
811233
832863
823626
802517
814599
806634
809710
804820
826131
829728
814429
813186
809980
818387
812105
832102
843233
819870
826402
823276
819809
819408
835428
846790
838494
822945
815540
824347
817014
810772
843664
838975
829136
816512
815731
821011
817996
833786
840588
833895
836169
824869
822424
827984
852851
834867
818657
824167
831621
821402
828134
839035
849164
834056
835217
826442
820119
827123
820590
853872
878950
829517
832843
827364
829727
827844
852561
845406
834717
827924
829086
828295
829307
861056
847852
833806
834246
816462
869543
845888
871285
851028
843193
842221
831561
837052
834326
865003
859293
833495
839966
835529
836280
828815
860305
853322
858041
855005
842752
843082
840738
865524
871506
840428
842642
842041
842912
843534
871866
867709
844655
845196
843403
842001
855306
864152
873149
846289
843173
846780
843343
844014
837792
846720
849064
846710
847251
847771
843143
839706
846238
846058
861437
870894
855926
858682
853913
854945
851378
853472
850868
848854
855596
846199
841750
849435
854624
852290
848422
852440
850306
851408
854103
860826
854935
858552
853041
847121
846870
855936
852250
855837
855757
856718
856538
851328
855145
854875
858812
862349
859023
888908
876786
863631
864253
863571
867238
868621
899919
877326
863341
862980
868690
865234
867158
889559
877868
867038
873420
862659
859654
880363
905009
878720
872919
872758
865555
868420
888248
898657
870203
872007
871055
875213
870955
896453
892847
874732
871837
873740
874161
868159
908816
897424
868080
868400
874882
855947
877377
903095
887215
877067
874752
876276
868771
889790
908255
879280
876556
885011
879671
880683
899048
909027
880753
880193
873079
881575
872488
910169
909327
905530
888458
885242
884240
878880
884841
889430
880693
879542
872248
888257
882347
908375
927672
880443
887245
890862
889179
886264
893307
896413
889189
892636
887175
893126
889049
888368
888488
896613
886013
892956
892095
888057
890041
900911
891964
894509
893026
898406
895511
895972
898116
897104
895662
895401
898436
893397
899027
897645
899028
898096
901151
897605
898357
895331
900110
890912
902515
899498
902965
903927
906242
899819
895190
908796
904027
902544
908866
906772
898848
913895
894650
907303
908405
898647
902253
903265
904558
897805
908425
913965
899178
907484
901743
908966
910790
908365
909337
908816
912203
907363
910359
914938
915418
914627
910750
912884
915619
912302
915709
915048
915148
895732
907072
914387
903707
915448
906772
925126
918825
919436
919366
923113
915770
906171
922191
922592
918234
918825
919806
923273
920277
908867
913225
922342
928593
924465
927150
927722
928994
927952
920058
930517
929224
926920
923795
923253
922642
930597
927591
918875
927742
921951
927902
925467
927641
929786
929776
926950
929434
929895
925949
929635
927601
932872
923974
932000
932240
931980
930476
938131
932410
936909
929315
928904
933262
936067
936148
937781
934845
935736
939484
932230
935556
938532
937730
934574
936128
936799
927411
941317
936899
934614
933602
946978
937931
930076
938482
937209
936799
941267
928073
941678
931008
937921
945595
931719
947609
946147
943491
940666
946608
942178
944694
937190
948260
934173
940676
947539
949172
947539
947699
941327
951717
946737
942679
952699
953269
947919
952137
953370
958299
953119
960393
955213
950314
957147
956695
956776
952328
955744
954652
956035
941818
955964
958509
958679
959171
952619
957507
959742
959802
953881
949382
961054
962598
955844
960543
958739
945926
959902
955394
958279
956445
965983
965071
959752
964671
954602
967336
965362
959591
965963
958029
970892
961826
968639
964721
974550
962407
969289
970121
967306
964821
961264
968247
958519
971714
970942
965532
970993
977786
972336
965853
974580
964721
975040
971574
974269
975231
975230
977375
972806
972696
977415
976674
961775
972305
977074
970822
962877
977335
969329
974980
977205
971985
979870
968268
979508
983747
976302
974570
982575
975511
978507
983065
981122
988837
977625
981122
982234
988045
998384
983246
985520
978097
977986
984779
980862
987603
985110
986411
992463
986232
977666
981142
1007761
993135
990990
990028
988626
993545
991000
988205
989788
995819
974860
996040
994217
990079
992644
995219
984167
996340
989518
994247
994888
989247
995159
997723
995138
991311
990780
995018
992142
996490
1000057
996812
996942
998965
992473
1000909
1000318
999436
995469
1002061
997553
1002001
1000118
1006870
1003824
996200
998234
1003073
994477
1003143
998866
1004926
1001841
1005066
1006469
1009655
1010547
1007382
1009194
1000288
1008704
1007071
1013803
1012240
1009495
1008242
1007562
1016969
1009294
1010206
1016719
1011178
1012641
1005998
1013613
1014054
1008643
1014264
1014194
1013993
1014705
1010737
1011529
1016849
1001620
1013853
1017180
1016317
1011209
1016879
1018281
1015506
1015767
1014424
1015647
1018252
1013352
1010396
1014775
1014394
1027860
1014926
1023251
1022549
1017580
1019394
1024082
1026577
1023120
1005908
1019855
1023932
1017430
1024713
1018072
1021307
1022600
1011719
1020967
1013643
1019825
1026767
1028260
1031005
1031937
1026006
1028991
1025465
1034712
1034351
1032729
1030494
1019234
1032899
1028791
1021187
1028010
1030765
1029313
1028380
1034041
1033030
1038991
1034131
1032108
1032809
1036847
1024593
1035614
1036325
1035825
1034903
1040323
1036255
1043149
1040634
1041586
1039571
1035464
1034131
1045553
1030645
1030475
1044871
1045843
1047868
1039461
1043529
1038840
1041334
1036887
1042808
1045523
1040684
1044300
1028861
1042557
1045052
1040393
1035965
1047005
1042548
1047476
1049670
1047106
1057255
1045633
1043519
1047526
1046104
1044821
1047286
1044010
1044351
1046725
1048097
1050652
1034442
1050341
1055191
1052726
1046574
1054971
1044261
1055321
1048348
1050201
1053527
1059489
1055171
1056633
1057064
1050582
1054570
1060050
1051584
1048488
1048318
1054018
1058107
1058137
1054570
1058166
1053487
1057606
1056232
1051484
1058337
1048629
1062555
1063396
1056514
1060050
1061382
1061352
1070650
1065650
1064479
1062404
1058187
1061694
1063166
1070630
1070189
1061162
1060501
1066332
1067043
1062214
1067003
1056073
1065149
1069338
1067494
1059980
1069187
1062124
1065781
1071972
1066933
1064949
1072223
1074136
1076281
1079086
1071732
1072494
1065661
1078454
1070409
1071582
1075389
1063216
1074948
1068596
1075519
1073105
1080599
1075929
1074687
1075849
1068836
1070960
1071641
1074187
1079867
1070059
1080999
1085006
1069107
1071491
1083233
1081660
1073986
1083253
1079096
1095156
1081349
1083905
1083825
1084356
1088183
1081570
1066261
1074126
1089645
1081179
1082722
1077623
1087361
1078735
1085427
1077763
1081861
1090186
1084325
1082722
1085157
1088793
1089576
1086941
1094034
1089566
1093883
1096187
1084415
1087371
1091580
1102771
1090197
1086119
1092511
1088444
1094575
1094585
1091469
1097721
1083915
1100727
1093773
1090648
1092080
1085518
1094896
1094124
1095236
1099444
1100075
1094204
1099865
1098001
1101989
1099353
1092160
1081971
1092571
1124962
1101568
1099103
1096278
1108901
1106367
1100455
1097881
1101658
1100736
1097561
1112458
1103511
1098472
1104544
1103201
1085418
1109212
1109463
1104884
1104604
1110214
1107619
1106116
1103922
1110946
1105565
1111156
1115625
1113941
1109653
1110414
1103401
1118760
1103070
1109062
1103181
1113460
1107008
1115454
1116947
1114142
1105936
1113230
1112248
1110565
1117768
1109283
1112508
1114111
1113019
1104884
1112739
1118059
1118249
1086720
1114833
1121526
1118830
1119922
1098442
1123208
1116776
1128529
1119963
1115795
1104974
1120694
1124150
1125664
1119863
1123239
1119041
1119121
1126885
1126956
1127646
1122087
1125633
1126555
1134250
1121075
1131574
1118590
1127597
1110224
1119542
1134029
1124761
1129811
1125553
1128839
1128128
1129611
1129450
1129691
1131394
1129581
1130021
1136423
1124781
1131925
1126505
1176829
1128248
1136915
1132607
1135391
1168374
1147254
1136142
1144890
1125884
1163764
1149608
1137846
1140370
1140291
1127647
1151662
1162332
1133718
1131304
1143136
1149558
1176108
1140972
1136444
1140611
1134560
1173523
1137486
1138637
1139118
1141814
1185475
1151110
1142385
1141122
1143737
1156131
1158996
1126054
1141843
1145670
1169366
1170438
1145611
1144208
1149017
1161701
1184894
1149638
1159537
1131825
1144909
1156180
1138908
1139990
1150460
1150259
1149618
1152113
1148386
1147624
1152354
1147604
1154738
1154267
1152693
1158585
1155900
1149107
1150790
1152653
1164386
1153976
1157804
1164145
1155650
1159858
1176599
1155690
1159978
